#ELM_Instance_Download_Version: 1.4
#ELM_Instance_Download_Date: 2025-10-24 07:24:31.631148
#Origin: asimov
#Type: tsv
#NumInstances: 4277
"Accession"	"ELMType"	"ELMIdentifier"	"ProteinName"	"Primary_Acc"	"Accessions"	"Start"	"End"	"References"	"Methods"	"InstanceLogic"	"PDB"	"Organism"
"ELMI003774"	"CLV"	"CLV_C14_Caspase3-7"	"A0A0H3NIK3_SALTS"	"A0A0H3NIK3"	"A0A0H3NIK3"	"483"	"487"	"20947770"	"enzymatic reaction; mutation analysis; protease assay; western blot"	"true positive"	""	"Salmonella enterica subsp. enterica serovar Typhimurium str. SL1344"
"ELMI002256"	"CLV"	"CLV_C14_Caspase3-7"	"ATN1_HUMAN"	"P54259"	"P54259 Q99495 Q99621 Q9UEK7"	"103"	"107"	"10085113 9535906"	"cleavage reaction; mutation analysis; western blot"	"true positive"	""	"Homo sapiens"
"ELMI001933"	"CLV"	"CLV_C14_Caspase3-7"	"ATN1_HUMAN"	"P54259"	"P54259 Q99495 Q99621 Q9UEK7"	"106"	"110"	"10085113 9535906"	"cleavage reaction; mutation analysis; western blot"	"true positive"	""	"Homo sapiens"
"ELMI001914"	"CLV"	"CLV_C14_Caspase3-7"	"BCAR1_RAT"	"Q63767"	"Q63767 Q63766"	"413"	"417"	"10712510"	"classical fluorescence spectroscopy; cleavage reaction; mutation analysis; western blot"	"true positive"	""	"Rattus norvegicus"
"ELMI001915"	"CLV"	"CLV_C14_Caspase3-7"	"BCAR1_RAT"	"Q63767"	"Q63767 Q63766"	"745"	"749"	"10712510"	"classical fluorescence spectroscopy; cleavage reaction; mutation analysis; western blot"	"true positive"	""	"Rattus norvegicus"
"ELMI001928"	"CLV"	"CLV_C14_Caspase3-7"	"CADH1_HUMAN"	"P12830"	"P12830 Q13799 Q14216 Q15855 Q16194 Q4PJ14"	"747"	"751"	"11076937"	"cleavage reaction; confocal microscopy; edman degradation; western blot"	"true positive"	""	"Homo sapiens"
"ELMI001931"	"CLV"	"CLV_C14_Caspase3-7"	"CASP6_HUMAN"	"P55212"	"P55212 Q9BQE7"	"20"	"24"	"8900201"	"cleavage reaction; mutation analysis; western blot"	"true positive"	""	"Homo sapiens"
"ELMI001929"	"CLV"	"CLV_C14_Caspase3-7"	"CASP6_HUMAN"	"P55212"	"P55212 Q9BQE7"	"176"	"180"	"8900201"	"cleavage reaction; mutation analysis; western blot"	"true positive"	""	"Homo sapiens"
"ELMI001930"	"CLV"	"CLV_C14_Caspase3-7"	"CASP6_HUMAN"	"P55212"	"P55212 Q9BQE7"	"190"	"194"	"8900201"	"cleavage reaction; mutation analysis; western blot"	"true positive"	""	"Homo sapiens"
"ELMI001932"	"CLV"	"CLV_C14_Caspase3-7"	"CASP9_HUMAN"	"P55211"	"P55211 O95348 Q53Y70 Q5JRU9 Q92852 Q9BQ62 Q9UEQ3 Q9UIJ8"	"327"	"331"	"8900201"	"cleavage reaction; mutation analysis; western blot"	"true positive"	""	"Homo sapiens"
"ELMI002110"	"CLV"	"CLV_C14_Caspase3-7"	"CDC6_HUMAN"	"Q99741"	"Q99741 Q8TB30"	"439"	"443"	"14517333"	"cleavage reaction; inhibitor; mutation analysis"	"true positive"	""	"Homo sapiens"
"ELMI001934"	"CLV"	"CLV_C14_Caspase3-7"	"CLSPN_HUMAN"	"Q9HAW4"	"Q9HAW4 A6NFL4 Q1RMC6 Q2KHM3 Q5VYG0 Q6P6H5 Q8IWI1"	"22"	"26"	"17431426"	"cleavage reaction; detection by mass spectrometry; mutation analysis; western blot"	"true positive"	""	"Homo sapiens"
"ELMI001927"	"CLV"	"CLV_C14_Caspase3-7"	"DSG1_HUMAN"	"Q02413"	"Q02413"	"885"	"889"	"16286477"	"cleavage reaction; mutation analysis; western blot"	"true positive"	""	"Homo sapiens"
"ELMI001926"	"CLV"	"CLV_C14_Caspase3-7"	"DSG3_HUMAN"	"P32926"	"P32926 A8K2V2"	"778"	"782"	"11500511"	"cleavage reaction; confocal microscopy; edman degradation; western blot"	"true positive"	""	"Homo sapiens"
"ELMI001921"	"CLV"	"CLV_C14_Caspase3-7"	"GDIR2_HUMAN"	"P52566"	"P52566 B5BU79"	"16"	"20"	"8626669"	"cleavage reaction; edman degradation; mutation analysis; western blot"	"true positive"	""	"Homo sapiens"
"ELMI001922"	"CLV"	"CLV_C14_Caspase3-7"	"GORS1_RAT"	"O35254"	"O35254"	"317"	"321"	"11815631"	"classical fluorescence spectroscopy; cleavage reaction; green fluorescent protein tag; mutation analysis; western blot"	"true positive"	""	"Rattus norvegicus"
"ELMI001923"	"CLV"	"CLV_C14_Caspase3-7"	"GORS1_RAT"	"O35254"	"O35254"	"372"	"376"	"11815631"	"classical fluorescence spectroscopy; cleavage reaction; green fluorescent protein tag; mutation analysis; western blot"	"true positive"	""	"Rattus norvegicus"
"ELMI001924"	"CLV"	"CLV_C14_Caspase3-7"	"GORS1_RAT"	"O35254"	"O35254"	"390"	"394"	"11815631"	"classical fluorescence spectroscopy; cleavage reaction; green fluorescent protein tag; mutation analysis; western blot"	"true positive"	""	"Rattus norvegicus"
"ELMI001912"	"CLV"	"CLV_C14_Caspase3-7"	"HD_HUMAN"	"P42858"	"P42858 Q9UQB7"	"547"	"551"	"16777606"	"classical fluorescence spectroscopy; cleavage reaction; western blot"	"true positive"	""	"Homo sapiens"
"ELMI001913"	"CLV"	"CLV_C14_Caspase3-7"	"IL16_MOUSE"	"O54824"	"O54824 O70236 Q3TEM4 Q5DTR5 Q8R0G5 Q9QZP6"	"1201"	"1205"	"10479680"	"cleavage reaction; western blot"	"true positive"	""	"Mus musculus"
"ELMI001935"	"CLV"	"CLV_C14_Caspase3-7"	"JIP1_HUMAN"	"Q9UQF2"	"Q9UQF2 D3DQP4 O43407"	"95"	"99"	"21237154"	"cleavage reaction; mutation analysis; western blot"	"true positive"	""	"Homo sapiens"
"ELMI001936"	"CLV"	"CLV_C14_Caspase3-7"	"JIP1_HUMAN"	"Q9UQF2"	"Q9UQF2 D3DQP4 O43407"	"405"	"409"	"21237154"	"cleavage reaction; mutation analysis; western blot"	"true positive"	""	"Homo sapiens"
"ELMI001919"	"CLV"	"CLV_C14_Caspase3-7"	"KPCD_HUMAN"	"Q05655"	"Q05655 B2R834 Q15144 Q86XJ6"	"326"	"330"	"8557034"	"cleavage reaction; edman degradation; western blot"	"true positive"	""	"Homo sapiens"
"ELMI001918"	"CLV"	"CLV_C14_Caspase3-7"	"PAK2_HUMAN"	"Q13177"	"Q13177 Q13154 Q6ISC3"	"209"	"213"	"9171063"	"cleavage reaction; mutation analysis; western blot"	"true positive"	""	"Homo sapiens"
"ELMI001904"	"CLV"	"CLV_C14_Caspase3-7"	"PARP1_HUMAN"	"P09874"	"P09874 B1ANJ4 Q8IUZ9"	"211"	"215"	"8090205"	"cleavage reaction; edman degradation; western blot"	"true positive"	""	"Homo sapiens"
"ELMI001906"	"CLV"	"CLV_C14_Caspase3-7"	"PRKDC_HUMAN"	"P78527"	"P78527 P78528 Q13327 Q13337 Q14175 Q59H99 Q7Z611 Q96SE6 Q9UME3"	"2710"	"2714"	"8670824"	"cleavage reaction; edman degradation; western blot"	"true positive"	""	"Homo sapiens"
"ELMI002111"	"CLV"	"CLV_C14_Caspase3-7"	"PTEN_HUMAN"	"P60484"	"P60484 B2R904 O00633 O02679 Q6ICT7"	"381"	"385"	"12788938"	"cleavage reaction; mutation analysis"	"true positive"	""	"Homo sapiens"
"ELMI001917"	"CLV"	"CLV_C14_Caspase3-7"	"RB_HUMAN"	"P06400"	"P06400 A8K5E3 P78499 Q5VW46 Q8IZL4"	"346"	"350"	"11420704"	"cleavage reaction; mutation analysis; western blot"	"true positive"	""	"Homo sapiens"
"ELMI001916"	"CLV"	"CLV_C14_Caspase3-7"	"RB_HUMAN"	"P06400"	"P06400 A8K5E3 P78499 Q5VW46 Q8IZL4"	"883"	"887"	"11420704"	"cleavage reaction; mutation analysis; western blot"	"true positive"	""	"Homo sapiens"
"ELMI001925"	"CLV"	"CLV_C14_Caspase3-7"	"ROCK1_HUMAN"	"Q13464"	"Q13464 B0YJ91 Q2KHM4 Q59GZ4"	"1110"	"1114"	"11283607"	"cleavage reaction; mutation analysis; western blot"	"true positive"	""	"Homo sapiens"
"ELMI001905"	"CLV"	"CLV_C14_Caspase3-7"	"RU17_HUMAN"	"P08621"	"P08621 B3KUA3 P78493 P78494 Q15364 Q15686 Q15687 Q15689 Q99377 Q9UE45 Q9UE46 Q9UE47 Q9UE48 Q9UFQ6"	"338"	"342"	"8642305"	"cleavage reaction; edman degradation"	"true positive"	""	"Homo sapiens"
"ELMI003773"	"CLV"	"CLV_C14_Caspase3-7"	"SIPA_SALTS"	"E1WAC6"	"E1WAC6 Q56027 Q56034 Q8ZMH9"	"432"	"436"	"20947770"	"antisense RNA; enzymatic reaction; inhibitor; mutation analysis; phenotype-based detection assay; protease assay; western blot"	"true positive"	""	"Salmonella enterica subsp. enterica serovar Typhimurium str. SL1344"
"ELMI001937"	"CLV"	"CLV_C14_Caspase3-7"	"SND1_HUMAN"	"Q7KZF4"	"Q7KZF4 Q13122 Q96AG0"	"812"	"816"	"19820703"	"cleavage reaction; edman degradation; mutation analysis; western blot"	"true positive"	""	"Homo sapiens"
"ELMI001909"	"CLV"	"CLV_C14_Caspase3-7"	"SPTA2_HUMAN"	"Q13813"	"Q13813 Q13186 Q15324 Q16606 Q59EF1 Q5VXV5 Q5VXV6 Q7Z6M5 Q9P0V0"	"1182"	"1186"	"9712874"	"classical fluorescence spectroscopy; cleavage reaction; glutathione s tranferase tag; western blot"	"true positive"	""	"Homo sapiens"
"ELMI001910"	"CLV"	"CLV_C14_Caspase3-7"	"SPTA2_HUMAN"	"Q13813"	"Q13813 Q13186 Q15324 Q16606 Q59EF1 Q5VXV5 Q5VXV6 Q7Z6M5 Q9P0V0"	"1475"	"1479"	"9712874"	"classical fluorescence spectroscopy; cleavage reaction; glutathione s tranferase tag; western blot"	"true positive"	""	"Homo sapiens"
"ELMI001911"	"CLV"	"CLV_C14_Caspase3-7"	"SPTB2_HUMAN"	"Q01082"	"Q01082 B2RP63 O60837 Q16057 Q53R99 Q59ER3 Q8IX99"	"1454"	"1458"	"9712874"	"classical fluorescence spectroscopy; cleavage reaction; glutathione s tranferase tag; western blot"	"true positive"	""	"Homo sapiens"
"ELMI001908"	"CLV"	"CLV_C14_Caspase3-7"	"SRBP1_HUMAN"	"P36956"	"P36956 D3DXC4 Q16062 Q59F52 Q6P4R7 Q6PFW7 Q6PJ36 Q8TAK9"	"457"	"461"	"7629113"	"competition binding; edman degradation; mutation analysis; western blot"	"true positive"	""	"Homo sapiens"
"ELMI001907"	"CLV"	"CLV_C14_Caspase3-7"	"SRBP2_HUMAN"	"Q12772"	"Q12772 Q6GTH7 Q86V36 Q9UH04"	"465"	"469"	"8605870"	"cleavage reaction; competition binding; mutation analysis; western blot"	"true positive"	""	"Homo sapiens"
"ELMI001903"	"CLV"	"CLV_C14_Caspase3-7"	"STK3_HUMAN"	"Q13188"	"Q13188 A8K722 Q15445 Q15801 Q96FM6"	"319"	"323"	"11278283"	"cleavage reaction; mutation analysis; western blot"	"true positive"	""	"Homo sapiens"
"ELMI001902"	"CLV"	"CLV_C14_Caspase3-7"	"STK4_HUMAN"	"Q13043"	"Q13043 B2RCR8 Q15802 Q4G156 Q5H982 Q6PD60 Q9BR32 Q9NTZ4"	"323"	"327"	"11278283 11278782"	"classical fluorescence spectroscopy; cleavage reaction; mutation analysis; western blot"	"true positive"	""	"Homo sapiens"
"ELMI001920"	"CLV"	"CLV_C14_Caspase3-7"	"VDR_HUMAN"	"P11473"	"P11473 B2R5Q1 Q5PSV3"	"195"	"199"	"18832097"	"cleavage reaction; mutation analysis; western blot"	"true positive"	""	"Homo sapiens"
"ELMI001094"	"CLV"	"CLV_MEL_PAP_1"	"O76951_ANOGA"	"O76951"	"O76951"	"46"	"52"	"9459428"	"sequence based prediction"	"true positive"	""	"Anopheles gambiae"
"ELMI001088"	"CLV"	"CLV_MEL_PAP_1"	"O77002_HYPCU"	"O77002"	"O77002"	"48"	"54"	"9537761"	"sequence based prediction"	"true positive"	""	"Hyphantria cunea"
"ELMI001095"	"CLV"	"CLV_MEL_PAP_1"	"O97047_TENMO"	"O97047"	"O97047"	"47"	"53"	"10050770"	"edman degradation"	"true positive"	""	"Tenebrio molitor"
"ELMI001090"	"CLV"	"CLV_MEL_PAP_1"	"Q16IZ3_AEDAE"	"Q16IZ3"	"Q16IZ3"	"48"	"54"	"11240641"	"sequence based prediction"	"true positive"	""	"Aedes aegypti"
"ELMI001084"	"CLV"	"CLV_MEL_PAP_1"	"Q27598_DROME"	"Q27598"	"Q27598"	"49"	"55"	"7644493"	"sequence based prediction"	"true positive"	""	"Drosophila melanogaster"
"ELMI001093"	"CLV"	"CLV_MEL_PAP_1"	"Q86MV4_APIME"	"Q86MV4"	"Q86MV4"	"48"	"54"	"15857760"	"sequence based prediction"	"true positive"	""	"Apis mellifera"
"ELMI001086"	"CLV"	"CLV_MEL_PAP_1"	"Q8I6K1_HOLDI"	"Q8I6K1"	"Q8I6K1"	"47"	"53"	"12185078"	"edman degradation"	"true positive"	""	"Holotrichia diomphalia"
"ELMI001087"	"CLV"	"CLV_MEL_PAP_1"	"Q8I6K2_HOLDI"	"Q8I6K2"	"Q8I6K2"	"48"	"54"	"12185078"	"edman degradation"	"true positive"	""	"Holotrichia diomphalia"
"ELMI001085"	"CLV"	"CLV_MEL_PAP_1"	"Q8MUI4_PENMO"	"Q8MUI4"	"Q8MUI4"	"41"	"47"	"10402205"	"sequence based prediction"	"true positive"	""	"Penaeus monodon"
"ELMI001091"	"CLV"	"CLV_MEL_PAP_1"	"Q9BLG6_BOMMO"	"Q9BLG6"	"Q9BLG6"	"48"	"54"	"7644494"	"edman degradation"	"true positive"	""	"Bombyx mori"
"ELMI001092"	"CLV"	"CLV_MEL_PAP_1"	"Q9GYX9_9DIPT"	"Q9GYX9"	"Q9GYX9"	"49"	"55"	"11240640"	"sequence based prediction"	"true positive"	""	"Armigeres subalbatus"
"ELMI001089"	"CLV"	"CLV_MEL_PAP_1"	"Q9Y0B4_SARBU"	"Q9Y0B4"	"Q9Y0B4"	"47"	"53"	""	""	"true positive"	""	"Neobellieria bullata"
"ELMI002709"	"CLV"	"CLV_NRD_NRD_1"	"PDYN_RAT"	"P06300"	"P06300 Q63193"	"207"	"209"	"8294457"	"cleavage reaction"	"true positive"	""	"Rattus norvegicus"
"ELMI002708"	"CLV"	"CLV_NRD_NRD_1"	"SMS_RAT"	"P60042"	"P60042 P01167"	"100"	"102"	"8294457"	"cleavage reaction"	"true positive"	""	"Rattus norvegicus"
"ELMI002704"	"CLV"	"CLV_PCSK_FUR_1"	"BMP1_HUMAN"	"P13497"	"P13497 A8K6F5 B2RN46 D3DSR0 Q13292 Q13872 Q14874 Q99421 Q99422 Q99423 Q9UL38"	"117"	"121"	"12637569"	"cleavage assay; inhibitor; mutation analysis"	"true positive"	""	"Homo sapiens"
"ELMI001708"	"CLV"	"CLV_PCSK_FUR_1"	"ENV_FFV"	"O56861"	"O56861"	"124"	"128"	"15564468"	"amorph; cleavage reaction; detection by mass spectrometry; knock out; mutation analysis"	"true positive"	""	"Feline foamy virus"
"ELMI001709"	"CLV"	"CLV_PCSK_FUR_1"	"ENV_HTLV2"	"P03383"	"P03383 P03382"	"305"	"309"	"12487813"	"amorph; knock out; radiolabel; western blot"	"true positive"	""	"Human T-lymphotropic virus 2"
"ELMI001710"	"CLV"	"CLV_PCSK_FUR_1"	"ENV_HV1B1"	"P03375"	"P03375 P03376"	"508"	"512"	"11063880"	"amorph; knock out; mutation analysis; western blot"	"true positive"	""	"Human immunodeficiency virus type 1 BH10"
"ELMI001711"	"CLV"	"CLV_PCSK_FUR_1"	"ENV_HV1H2"	"P04578"	"P04578 O09779"	"508"	"512"	"8163529 7774724"	"cleavage reaction; elisa"	"true positive"	""	"HIV-1 M:B_HXB2R"
"ELMI001712"	"CLV"	"CLV_PCSK_FUR_1"	"FUS_HRSVA"	"P03420"	"P03420 P88811"	"133"	"137"	"11369882"	"amorph; cleavage reaction; knock out; radiolabel"	"true positive"	""	"Human respiratory syncytial virus A2"
"ELMI001713"	"CLV"	"CLV_PCSK_FUR_1"	"GB_EBVB9"	"P03188"	"P03188 Q777B0"	"429"	"433"	"19218203"	"mutation analysis"	"true positive"	""	"Human herpesvirus 4 (strain B95-8)"
"ELMI001714"	"CLV"	"CLV_PCSK_FUR_1"	"POLG_DEN1B"	"P27909"	"P27909 P29983 Q8B648"	"202"	"206"	"20062797"	"amorph; comigration in sds page; knock out; mutation analysis"	"true positive"	""	"Dengue virus 1 Brazil/97-11/1997"
"ELMI001716"	"CLV"	"CLV_PCSK_FUR_1"	"SPIKE_IBVB"	"P11223"	"P11223 P05134 Q4ZJS1"	"534"	"538"	"19553314"	"cleavage reaction; mutation analysis"	"true positive"	""	"Avian infectious bronchitis virus (strain Beaudette)"
"ELMI001715"	"CLV"	"CLV_PCSK_FUR_1"	"SPIKE_IBVB"	"P11223"	"P11223 P05134 Q4ZJS1"	"687"	"691"	"19553314"	"cleavage reaction; mutation analysis"	"true positive"	""	"Avian infectious bronchitis virus (strain Beaudette)"
"ELMI001719"	"CLV"	"CLV_PCSK_FUR_1"	"VGP_EBOZM"	"Q05320"	"Q05320 Q66818 Q77LU5 Q8B9S1 Q8JS62"	"498"	"502"	"9576958"	"amorph; cleavage reaction; knock out; mutation analysis; radiolabel"	"true positive"	""	"Ebola virus - Mayinga, Zaire, 1976"
"ELMI001717"	"CLV"	"CLV_PCSK_FUR_1"	"VL2_HPV16"	"P03107"	"P03107 Q71BI1"	"9"	"13"	"16432208"	"mutation analysis"	"true positive"	""	"Human papillomavirus type 16"
"ELMI001718"	"CLV"	"CLV_PCSK_FUR_1"	"VSGP_EBOZM"	"P60170"	"P60170 O12421 O12717 Q66801 Q66819 Q77LU4 Q8JS61 Q9YMG3"	"321"	"325"	"10603327"	"cleavage reaction; mutation analysis; radiolabel"	"true positive"	""	"Ebola virus - Mayinga, Zaire, 1976"
"ELMI002707"	"CLV"	"CLV_PCSK_KEX2_1"	"CIS3_YEAST"	"P47001"	"P47001 D6VW29"	"63"	"65"	"10438739"	"edman degradation; knock out"	"true positive"	""	"Saccharomyces cerevisiae S288c"
"ELMI002722"	"CLV"	"CLV_PCSK_PC1ET2_1"	"COLI_MOUSE"	"P01193"	"P01193 P01200 Q544U4"	"122"	"124"	"2023902"	"chromatography technology; cleavage assay; radioimmunoassay"	"true positive"	""	"Mus musculus"
"ELMI002721"	"CLV"	"CLV_PCSK_PC1ET2_1"	"COLI_MOUSE"	"P01193"	"P01193 P01200 Q544U4"	"163"	"165"	"2023902"	"chromatography technology; cleavage assay; radioimmunoassay"	"true positive"	""	"Mus musculus"
"ELMI002723"	"CLV"	"CLV_PCSK_PC1ET2_1"	"COLI_MOUSE"	"P01193"	"P01193 P01200 Q544U4"	"203"	"205"	"2023902"	"chromatography technology; cleavage assay; radioimmunoassay"	"true positive"	""	"Mus musculus"
"ELMI002718"	"CLV"	"CLV_PCSK_PC1ET2_1"	"PDYN_RAT"	"P06300"	"P06300 Q63193"	"164"	"166"	"8276115"	"chromatography technology; cleavage assay; radioimmunoassay"	"true positive"	""	"Rattus norvegicus"
"ELMI002720"	"CLV"	"CLV_PCSK_PC1ET2_1"	"RENI2_MOUSE"	"P00796"	"P00796 P70229 P97955 Q62155"	"62"	"64"	"2015816"	"cleavage assay; mutation analysis; radioimmunoassay"	"true positive"	""	"Mus musculus"
"ELMI002719"	"CLV"	"CLV_PCSK_PC1ET2_1"	"RENI_HUMAN"	"P00797"	"P00797 Q6FI38 Q6T5C2"	"65"	"67"	"1597471 2015816"	"cleavage assay; mutation analysis; radioimmunoassay"	"true positive"	""	"Homo sapiens"
"ELMI002724"	"CLV"	"CLV_PCSK_PC7_1"	"BMP4_HUMAN"	"P12644"	"P12644 Q9UM80"	"287"	"293"	"19651771"	"inferred by curator"	"true positive"	""	"Homo sapiens"
"ELMI002705"	"CLV"	"CLV_PCSK_SKI1_1"	"ATF6A_HUMAN"	"P18850"	"P18850 O15139 Q5VW62 Q6IPB5 Q9UEC9"	"416"	"420"	"11163209"	"cleavage assay; knock out; mutation analysis"	"true positive"	""	"Homo sapiens"
"ELMI002706"	"CLV"	"CLV_PCSK_SKI1_1"	"SRBP2_HUMAN"	"Q12772"	"Q12772 Q6GTH7 Q86V36 Q9UH04"	"519"	"523"	"9139737"	"cleavage assay; edman degradation; mutation analysis"	"true positive"	""	"Homo sapiens"
"ELMI002250"	"CLV"	"CLV_Separin_Fungi"	"RAD21_SCHPO"	"P30776"	"P30776"	"226"	"232"	"11069892"	"mutation analysis; sequence based prediction; western blot"	"true positive"	""	"Schizosaccharomyces pombe 972h-"
"ELMI002249"	"CLV"	"CLV_Separin_Fungi"	"REC8_YEAST"	"Q12188"	"Q12188 D6W418"	"448"	"454"	"11081626"	"mutation analysis; sequence based prediction; western blot"	"true positive"	""	"Saccharomyces cerevisiae S288c"
"ELMI002247"	"CLV"	"CLV_Separin_Fungi"	"SCC1_YEAST"	"Q12158"	"Q12158 D6VRY5 Q05325"	"175"	"181"	"10403247 14585836"	"coimmunoprecipitation; edman degradation; inhibitor; mutation analysis; western blot"	"true positive"	""	"Saccharomyces cerevisiae S288c"
"ELMI002248"	"CLV"	"CLV_Separin_Fungi"	"SCC1_YEAST"	"Q12158"	"Q12158 D6VRY5 Q05325"	"263"	"269"	"10403247"	"mutation analysis; sequence based prediction; western blot"	"true positive"	""	"Saccharomyces cerevisiae S288c"
"ELMI002253"	"CLV"	"CLV_Separin_Metazoa"	"ESPL1_HUMAN"	"Q14674"	"Q14674"	"1483"	"1487"	"12297314"	"edman degradation; mutation analysis; sequence based prediction; western blot"	"true positive"	""	"Homo sapiens"
"ELMI002254"	"CLV"	"CLV_Separin_Metazoa"	"ESPL1_HUMAN"	"Q14674"	"Q14674"	"1503"	"1507"	"12297314"	"de novo protein sequencing by mass spectrometry; edman degradation; mutation analysis; sequence based prediction; western blot"	"true positive"	""	"Homo sapiens"
"ELMI002255"	"CLV"	"CLV_Separin_Metazoa"	"ESPL1_HUMAN"	"Q14674"	"Q14674"	"1532"	"1536"	"12297314"	"mutation analysis; sequence based prediction; western blot"	"true positive"	""	"Homo sapiens"
"ELMI002252"	"CLV"	"CLV_Separin_Metazoa"	"PCNT_HUMAN"	"O95613"	"O95613 O43152 Q7Z7C9"	"2228"	"2232"	"22542101"	"mutation analysis; rna interference; sequence based prediction; western blot"	"true positive"	""	"Homo sapiens"
"ELMI002251"	"CLV"	"CLV_Separin_Metazoa"	"RAD21_HUMAN"	"O60216"	"O60216 A8K0E0 Q15001 Q99568"	"169"	"173"	"11509732"	"mutation analysis; sequence based prediction; western blot"	"true positive"	""	"Homo sapiens"
"ELMI000911"	"CLV"	"CLV_TASPASE1"	"MLL1_HUMAN"	"Q03164"	"Q03164 Q13743 Q13744 Q14845 Q16364 Q59FF2 Q6UBD1 Q9UD94 Q9UMA3"	"2664"	"2670"	"12482972"	"edman degradation; mutation analysis"	"true positive"	""	"Homo sapiens"
"ELMI000912"	"CLV"	"CLV_TASPASE1"	"MLL1_HUMAN"	"Q03164"	"Q03164 Q13743 Q13744 Q14845 Q16364 Q59FF2 Q6UBD1 Q9UD94 Q9UMA3"	"2716"	"2722"	"12482972"	"edman degradation; mutation analysis"	"true positive"	""	"Homo sapiens"
"ELMI004589"	"DEG"	"DEG_APCC_DBOX_1"	"ACM1_YEAST"	"Q08981"	"Q08981 D6W3A3"	"118"	"126"	"23707760 18596038 18498748 18519589"	"anti bait coimmunoprecipitation; anti tag coimmunoprecipitation; competition binding; deletion analysis; inhibitor; mutation decreasing interaction; mutation disrupting interaction; over expressed level; radiolabel; ubiquitinase assay; western blot; x-ray crystallography"	"true positive"	"4BH6"	"Saccharomyces cerevisiae S288c"
"ELMI001000"	"DEG"	"DEG_APCC_DBOX_1"	"AURKB_HUMAN"	"Q96GD4"	"Q96GD4 D3DTR4 O14630 O60446 O95083 Q96DV5 Q9UQ46"	"314"	"322"	"16204042 15923616"	"mutation analysis"	"false positive"	""	"Homo sapiens"
"ELMI004595"	"DEG"	"DEG_APCC_DBOX_1"	"BUB1B_HUMAN"	"O60566"	"O60566 B2R6U0 B4DL09 B4DLG3 O60501 O60627 O60758 O75389 Q59HH6 Q8WV50 Q96KM4"	"223"	"231"	"27509861"	"electron microscopy"	"true positive"	"5LCW"	"Homo sapiens"
"ELMI000998"	"DEG"	"DEG_APCC_DBOX_1"	"CCNA1_XENLA"	"P18606"	"P18606"	"40"	"48"	"1321060 8885231 8670806"	"mutation analysis"	"true positive"	""	"Xenopus laevis"
"ELMI002599"	"DEG"	"DEG_APCC_DBOX_1"	"CCNB1_HUMAN"	"P14635"	"P14635"	"41"	"49"	"23091007"	"mutation analysis; ubiquitinase assay"	"true positive"	""	"Homo sapiens"
"ELMI003750"	"DEG"	"DEG_APCC_DBOX_1"	"CCNB_ARBPU"	"P07818"	"P07818"	"41"	"49"	"1846030 8885231"	"mutation analysis"	"true positive"	""	"Arbacia punctulata"
"ELMI004594"	"DEG"	"DEG_APCC_DBOX_1"	"FBX5_HUMAN"	"Q9UKT4"	"Q9UKT4 B3KNX5 Q8WV29 Q9UGC8"	"321"	"329"	"23707760 16921029 23708605 26083744 35634770"	"Identification by mass spectrometry; affinity chromatography technology; anti bait coimmunoprecipitation; competition binding; deletion analysis; electron microscopy; inferred by author; inhibitor; mutation decreasing interaction; ubiquitinase assay; western blot"	"true positive"	"4UI9"	"Homo sapiens"
"ELMI004590"	"DEG"	"DEG_APCC_DBOX_1"	"HSL1_YEAST"	"P34244"	"P34244 A2NP40 D6VXI6"	"827"	"835"	"23707760 11562348 23708605 18596038 18519589"	"anti tag coimmunoprecipitation; competition binding; mutation decreasing interaction; radiolabel; ubiquitinase assay; western blot"	"true positive"	""	"Saccharomyces cerevisiae"
"ELMI001035"	"DEG"	"DEG_APCC_DBOX_1"	"ID2_HUMAN"	"Q02363"	"Q02363"	"99"	"107"	"16810178"	"mutation analysis"	"true positive"	""	"Homo sapiens"
"ELMI004592"	"DEG"	"DEG_APCC_DBOX_1"	"MES1_SCHPO"	"P41005"	"P41005"	"33"	"41"	"23707760 21389117 18331722"	"anti tag coimmunoprecipitation; inferred by author; isothermal titration calorimetry; mutation decreasing interaction; radiolabel; ubiquitinase assay"	"true positive"	""	"Schizosaccharomyces pombe 972h-"
"ELMI004591"	"DEG"	"DEG_APCC_DBOX_1"	"MPS1_YEAST"	"P54199"	"P54199 D6VRW4"	"355"	"363"	"20729194 18519589"	"anti bait coimmunoprecipitation; mutation decreasing interaction; pull down; rna interference; ubiquitinase assay; western blot"	"true positive"	""	"Saccharomyces cerevisiae S288c"
"ELMI001003"	"DEG"	"DEG_APCC_DBOX_1"	"O93355_XENLA"	"O93355"	"O93355"	"32"	"40"	"9635433"	"mutation analysis"	"true positive"	""	"Xenopus laevis"
"ELMI001004"	"DEG"	"DEG_APCC_DBOX_1"	"PLK1_HUMAN"	"P53350"	"P53350 Q15153 Q99746"	"336"	"344"	"14734534"	"mutation analysis"	"true positive"	""	"Homo sapiens"
"ELMI001002"	"DEG"	"DEG_APCC_DBOX_1"	"Q9IA80_XENLA"	"Q9IA80"	"Q9IA80"	"54"	"62"	"10411507"	"mutation analysis"	"true positive"	""	"Xenopus laevis"
"ELMI004593"	"DEG"	"DEG_APCC_DBOX_1"	"Q9M2R1_ARATH"	"Q9M2R1"	"Q9M2R1"	"103"	"111"	"23707760 22844260"	"Identification by mass spectrometry; inferred by author; mutation disrupting interaction; tandem affinity purification; two hybrid; western blot"	"true positive"	""	"Arabidopsis thaliana"
"ELMI002115"	"DEG"	"DEG_APCC_DBOX_1"	"SKP2_HUMAN"	"Q13309"	"Q13309 A8K5E0 Q8TDZ0 Q8TDZ1 Q9BV69"	"2"	"10"	"15014503"	"coimmunoprecipitation; glutathione s tranferase tag; mutation analysis; pull down; radiolabel"	"true positive"	""	"Homo sapiens"
"ELMI000999"	"DEG"	"DEG_APCC_DBOX_1"	"STK6A_XENLA"	"Q91820"	"Q91820 Q6INY9"	"377"	"385"	"12208850 11707286"	"mutation analysis"	"false positive"	""	"Xenopus laevis"
"ELMI001033"	"DEG"	"DEG_APCC_DBOX_1"	"STK6_HUMAN"	"O14965"	"O14965 E1P5F9 O60445 O75873 Q9BQD6 Q9UPG5"	"370"	"378"	"15536123"	"mutation analysis"	"false positive"	""	"Homo sapiens"
"ELMI002431"	"DEG"	"DEG_APCC_KENBOX_2"	"ACM1_YEAST"	"Q08981"	"Q08981 D6W3A3"	"97"	"101"	"18596038"	"anti tag coimmunoprecipitation; mutation analysis"	"true positive"	""	"Saccharomyces cerevisiae S288c"
"ELMI001016"	"DEG"	"DEG_APCC_KENBOX_2"	"AURKB_HUMAN"	"Q96GD4"	"Q96GD4 D3DTR4 O14630 O60446 O95083 Q96DV5 Q9UQ46"	"3"	"7"	"17726374 15923616"	"mutation analysis"	"true positive"	""	"Homo sapiens"
"ELMI002601"	"DEG"	"DEG_APCC_KENBOX_2"	"BUB1B_HUMAN"	"O60566"	"O60566 B2R6U0 B4DL09 B4DLG3 O60501 O60627 O60758 O75389 Q59HH6 Q8WV50 Q96KM4"	"25"	"29"	"23091007"	"mutation analysis; pull down; x-ray crystallography"	"true positive"	"4GGD"	"Homo sapiens"
"ELMI002600"	"DEG"	"DEG_APCC_KENBOX_2"	"BUB1B_HUMAN"	"O60566"	"O60566 B2R6U0 B4DL09 B4DLG3 O60501 O60627 O60758 O75389 Q59HH6 Q8WV50 Q96KM4"	"303"	"307"	"22193957"	"competition binding; mutation analysis"	"true positive"	""	"Homo sapiens"
"ELMI001010"	"DEG"	"DEG_APCC_KENBOX_2"	"BUB1_HUMAN"	"O43683"	"O43683 O43430 O43643 O60626"	"534"	"538"	"17158872"	"mutation analysis; ubiquitinase assay"	"true positive"	""	"Homo sapiens"
"ELMI001011"	"DEG"	"DEG_APCC_KENBOX_2"	"BUB1_HUMAN"	"O43683"	"O43683 O43430 O43643 O60626"	"624"	"628"	"17158872"	"mutation analysis; ubiquitinase assay"	"true positive"	""	"Homo sapiens"
"ELMI001006"	"DEG"	"DEG_APCC_KENBOX_2"	"CDC20_HUMAN"	"Q12834"	"Q12834 B2R6Z6 D3DPJ1 Q5JUY4 Q9BW56 Q9UQI9"	"96"	"100"	"10733526"	"alanine scanning; mutation analysis"	"true positive"	""	"Homo sapiens"
"ELMI001009"	"DEG"	"DEG_APCC_KENBOX_2"	"CDC6_HUMAN"	"Q99741"	"Q99741 Q8TB30"	"80"	"84"	"10995389"	"mutation analysis"	"true positive"	""	"Homo sapiens"
"ELMI001015"	"DEG"	"DEG_APCC_KENBOX_2"	"CDCA5_HUMAN"	"Q96FF9"	"Q96FF9 A8K625"	"87"	"91"	"15837422"	"mutation analysis"	"true positive"	""	"Homo sapiens"
"ELMI001008"	"DEG"	"DEG_APCC_KENBOX_2"	"CG22_YEAST"	"P24869"	"P24869 D6W4B8"	"99"	"103"	"11719221"	"mutation analysis; western blot"	"true positive"	""	"Saccharomyces cerevisiae"
"ELMI001014"	"DEG"	"DEG_APCC_KENBOX_2"	"CIN8_YEAST"	"P27895"	"P27895 D3DLI9"	"931"	"935"	"11694576"	"mutation analysis"	"true positive"	""	"Saccharomyces cerevisiae"
"ELMI001017"	"DEG"	"DEG_APCC_KENBOX_2"	"CKAP2_HUMAN"	"Q8WWK9"	"Q8WWK9 A2BDE0 A5YM58 Q3KRA5 Q5VXB4 Q8IWV5 Q8IWV6 Q96FH9 Q9H012 Q9H0D0 Q9H988 Q9HC49 Q9NVG4"	"80"	"84"	"17376772"	"mutation analysis; ubiquitinase assay"	"true positive"	""	"Homo sapiens"
"ELMI001007"	"DEG"	"DEG_APCC_KENBOX_2"	"HSL1_YEAST"	"P34244"	"P34244 A2NP40 D6VXI6"	"774"	"778"	"11562348"	"coimmunoprecipitation; mutation analysis"	"true positive"	""	"Saccharomyces cerevisiae"
"ELMI001012"	"DEG"	"DEG_APCC_KENBOX_2"	"MPIP3_HUMAN"	"P30307"	"P30307 D3DQB8 Q96PL3 Q9H168 Q9H2E8 Q9H2E9 Q9H2F1"	"150"	"154"	"11842186"	"competition binding; mutation analysis"	"true positive"	""	"Homo sapiens"
"ELMI001013"	"DEG"	"DEG_APCC_KENBOX_2"	"PTTG1_HUMAN"	"O95997"	"O95997"	"8"	"12"	"11179223"	"mutation analysis"	"true positive"	""	"Homo sapiens"
"ELMI001720"	"DEG"	"DEG_APCC_KENBOX_2"	"VE1_BPV1"	"P03116"	"P03116 Q9WMH1"	"27"	"31"	"14963168"	"mutation analysis"	"true positive"	""	"Bovine papillomavirus type 1"
"ELMI002495"	"DEG"	"DEG_APCC_TPR_1"	"AMA1_YEAST"	"P50082"	"P50082 D6VV07 Q96VQ3"	"591"	"593"	"21118994"	"mutation analysis; western blot"	"true positive"	""	"Saccharomyces cerevisiae S288c"
"ELMI002494"	"DEG"	"DEG_APCC_TPR_1"	"APC10_HUMAN"	"Q9UM13"	"Q9UM13 D3DNZ7 Q2V500 Q9UG51 Q9Y5R0"	"183"	"185"	"11524682"	"coimmunoprecipitation; mutation analysis; mutation disrupting interaction; pull down"	"true positive"	""	"Homo sapiens"
"ELMI002492"	"DEG"	"DEG_APCC_TPR_1"	"CDC20_HUMAN"	"Q12834"	"Q12834 B2R6Z6 D3DPJ1 Q5JUY4 Q9BW56 Q9UQI9"	"497"	"499"	"12956947"	"competition binding; pull down; ubiquitinase assay"	"true positive"	""	"Homo sapiens"
"ELMI002490"	"DEG"	"DEG_APCC_TPR_1"	"CDC20_YEAST"	"P26309"	"P26309 D6VU31"	"608"	"610"	"21118994 15916961 19362536 12574115"	"alanine scanning; anti tag coimmunoprecipitation; comigration in non denaturing gel electrophoresis; mutation analysis; mutation disrupting interaction; pull down; radiolabel; tandem affinity purification; ubiquitinase assay"	"true positive"	""	"Saccharomyces cerevisiae"
"ELMI002491"	"DEG"	"DEG_APCC_TPR_1"	"CDH1_YEAST"	"P53197"	"P53197 D6VUD5"	"564"	"566"	"15916961 19362536 12574115"	"alanine scanning; comigration in non denaturing gel electrophoresis; mutation analysis; mutation disrupting interaction; pull down; radiolabel; tandem affinity purification; ubiquitinase assay"	"true positive"	""	"Saccharomyces cerevisiae S288c"
"ELMI002496"	"DEG"	"DEG_APCC_TPR_1"	"CORT_DROME"	"Q960N3"	"Q960N3 Q9VMA1"	"481"	"483"	"18020708"	"coimmunoprecipitation; knock out; western blot"	"true positive"	""	"Drosophila melanogaster"
"ELMI002488"	"DEG"	"DEG_APCC_TPR_1"	"FZR2_ARATH"	"Q8L3Z8"	"Q8L3Z8 O82740"	"481"	"483"	"17944809"	"interologs; two hybrid"	"true positive"	""	"Arabidopsis thaliana"
"ELMI002489"	"DEG"	"DEG_APCC_TPR_1"	"FZR3_ARATH"	"Q8LPL5"	"Q8LPL5 Q9FFY8"	"479"	"481"	"17944809"	"interologs; two hybrid"	"true positive"	""	"Arabidopsis thaliana"
"ELMI002493"	"DEG"	"DEG_APCC_TPR_1"	"FZR_HUMAN"	"Q9UM11"	"Q9UM11 O75869 Q86U66 Q96NW8 Q9UI96 Q9ULH8 Q9UM10 Q9UNQ1 Q9Y2T8"	"494"	"496"	"15916961 12956947"	"competition binding; cross linking study; mutation analysis; mutation disrupting interaction; pull down; ubiquitinase assay"	"true positive"	""	"Homo sapiens"
"ELMI002482"	"DEG"	"DEG_APCC_TPR_1"	"KI18A_HUMAN"	"Q8NI77"	"Q8NI77 Q4VPE3 Q86VS5 Q9H0F3"	"896"	"898"	"23288039"	"coimmunoprecipitation; fluorescence microscopy; mutation analysis; mutation disrupting interaction; rna interference; ubiquitinase assay; western blot"	"true positive"	""	"Homo sapiens"
"ELMI002484"	"DEG"	"DEG_APCC_TPR_1"	"MES1_SCHPO"	"P41005"	"P41005"	"99"	"101"	"22844260"	"sequence based prediction"	"unknown"	""	"Schizosaccharomyces pombe 972h-"
"ELMI002497"	"DEG"	"DEG_APCC_TPR_1"	"MFR1_SCHPO"	"O94423"	"O94423"	"419"	"421"	"12956947"	"sequence based prediction"	"unknown"	""	"Schizosaccharomyces pombe 972h-"
"ELMI002481"	"DEG"	"DEG_APCC_TPR_1"	"NEK2_HUMAN"	"P51955"	"P51955 Q53FD6 Q5I1Z9 Q5VXZ1 Q6NZX8 Q7Z634 Q86XH2 Q96QN9"	"443"	"445"	"23288039 16648845"	"coimmunoprecipitation; competition binding; fluorescence microscopy; immunodepleted coimmunoprecipitation; mutation analysis; mutation disrupting interaction; rna interference; ubiquitinase assay; western blot"	"true positive"	""	"Homo sapiens"
"ELMI002487"	"DEG"	"DEG_APCC_TPR_1"	"Q3E906_ARATH"	"Q3E906"	"Q3E906"	"447"	"449"	"17944809"	"interologs; two hybrid"	"true positive"	""	"Arabidopsis thaliana"
"ELMI002501"	"DEG"	"DEG_APCC_TPR_1"	"Q6UZ79_MEDTR"	"Q6UZ79"	"Q6UZ79"	"469"	"471"	"14742878"	"interologs; sequence based prediction"	"unknown"	""	"Medicago truncatula"
"ELMI002483"	"DEG"	"DEG_APCC_TPR_1"	"Q9M2R1_ARATH"	"Q9M2R1"	"Q9M2R1"	"241"	"243"	"22844260"	"mutation analysis; two hybrid"	"true positive"	""	"Arabidopsis thaliana"
"ELMI002500"	"DEG"	"DEG_APCC_TPR_1"	"Q9M7I2_MEDTR"	"Q9M7I2"	"Q9M7I2"	"473"	"475"	"14742878"	"mutation analysis; pull down"	"true positive"	""	"Medicago truncatula"
"ELMI002485"	"DEG"	"DEG_APCC_TPR_1"	"Q9S7I8_ARATH"	"Q9S7I8"	"Q9S7I8"	"445"	"447"	"21687678 17944809"	"interologs; two hybrid"	"true positive"	""	"Arabidopsis thaliana"
"ELMI002486"	"DEG"	"DEG_APCC_TPR_1"	"Q9SZA4_ARATH"	"Q9SZA4"	"Q9SZA4"	"455"	"457"	"21687678 17944809"	"interologs; two hybrid"	"true positive"	""	"Arabidopsis thaliana"
"ELMI002498"	"DEG"	"DEG_APCC_TPR_1"	"Q9W1F6_DROME"	"Q9W1F6"	"Q9W1F6"	"449"	"451"	"16763193"	"interologs; sequence based prediction"	"unknown"	""	"Drosophila melanogaster"
"ELMI002502"	"DEG"	"DEG_APCC_TPR_1"	"SLP1_SCHPO"	"P78972"	"P78972"	"486"	"488"	"18082611"	"interologs; sequence based prediction"	"unknown"	""	"Schizosaccharomyces pombe 972h-"
"ELMI002499"	"DEG"	"DEG_APCC_TPR_1"	"SRW1_SCHPO"	"O13286"	"O13286 A7VJ97"	"554"	"556"	"9736616"	"interologs; sequence based prediction"	"unknown"	""	"Schizosaccharomyces pombe 972h-"
"ELMI004742"	"DEG"	"DEG_Cend_DCAF12_1"	"F120A_HUMAN"	"Q9NZB2"	"Q9NZB2 A6NGU0 C4AMC6 O60649 Q14688 Q4VXF4 Q4VXF5 Q4VXG2 Q86V69 Q96I21 Q9NZB1"	"1115"	"1118"	"34065512"	"affinity chromatography technology; coimmunoprecipitation; detection by mass spectrometry; tandem affinity purification"	"true positive"	""	"Homo sapiens"
"ELMI004738"	"DEG"	"DEG_Cend_DCAF12_1"	"MAGA3_HUMAN"	"P43357"	"P43357 Q6FHI6"	"311"	"314"	"31267705"	"detection by mass spectrometry; tandem tag; western blot"	"true positive"	""	"Homo sapiens"
"ELMI004739"	"DEG"	"DEG_Cend_DCAF12_1"	"MAGA6_HUMAN"	"P43360"	"P43360 A8IF93 Q6NW44"	"311"	"314"	"31267705"	"detection by mass spectrometry; tandem tag"	"true positive"	""	"Homo sapiens"
"ELMI004743"	"DEG"	"DEG_Cend_DCAF12_1"	"PUR2_HUMAN"	"P22102"	"P22102 A8K945 A8KA32 D3DSF3 D3DSF4 O14659 Q52M77"	"1007"	"1010"	"34065512"	"affinity chromatography technology; coimmunoprecipitation; detection by mass spectrometry; tandem affinity purification"	"true positive"	""	"Homo sapiens"
"ELMI004737"	"DEG"	"DEG_Cend_DCAF12_1"	"TCPE_HUMAN"	"P48643"	"P48643 A8JZY8 A8K2X8 B4DYD8"	"538"	"541"	"36715408"	"electron microscopy; fluorescent resonance energy transfer; pull down; ubiquitinase assay"	"true positive"	"8AJM 8AJO"	"Homo sapiens"
"ELMI004741"	"DEG"	"DEG_Cend_DCAF12_1"	"UBP30_HUMAN"	"Q70CQ3"	"Q70CQ3 Q8WTU7 Q96JX4 Q9BSS3"	"514"	"517"	"34065512"	"affinity chromatography technology; coimmunoprecipitation; detection by mass spectrometry; tandem affinity purification"	"true positive"	""	"Homo sapiens"
"ELMI004683"	"DEG"	"DEG_Cend_FEM1B_2"	"CD5R1_HUMAN"	"Q15078"	"Q15078 E1P664 Q5U0G3"	"304"	"307"	"33398168"	"fusion protein; isothermal titration calorimetry; mutation analysis; western blot; x-ray crystallography"	"true positive"	"7CNG"	"Homo sapiens"
"ELMI004684"	"DEG"	"DEG_Cend_FEM1B_2"	"SMCR8_HUMAN"	"Q8TEV9-2"	"Q8TEV9-2"	"784"	"787"	"33892462"	"fusion protein; isothermal titration calorimetry; x-ray crystallography"	"true positive"	"7EL6"	"Homo sapiens"
"ELMI004827"	"DEG"	"DEG_Cend_KLHDC2_1"	"EPHB2_HUMAN"	"P29323"	"P29323 O43477 Q5T0U6 Q5T0U7 Q5T0U8"	"1051"	"1055"	"36805027"	"x-ray crystallography"	"unknown"	"8EBL"	"Homo sapiens"
"ELMI004826"	"DEG"	"DEG_Cend_KLHDC2_1"	"SELS_HUMAN"	"Q9BQE4"	"Q9BQE4 Q3B771 Q9P0I6"	"184"	"188"	"30526872"	"amplified luminescent proximity homogeneous assay; biolayer interferometry; competition binding; detection by mass spectrometry; fusion protein; mutation analysis; pull down; x-ray crystallography"	"true positive"	"6DO4"	"Homo sapiens"
"ELMI004682"	"DEG"	"DEG_Cend_TRIM7_1"	"GLYG_HUMAN"	"P46976"	"P46976 D3DNH0 D3DNH1 D3DNH2 Q6FHZ1 Q9UNV0"	"347"	"350"	"35893676 35867826"	"coimmunoprecipitation; colocalization; differential scanning calorimetry; elisa; fusion protein; isothermal titration calorimetry; mutation analysis; pull down; ubiquitinase assay; western blot"	"true positive"	""	"Homo sapiens"
"ELMI004685"	"DEG"	"DEG_Cend_TRIM7_1"	"POLG_CXB3N"	"P03313"	"P03313 J9WSZ6 Q66322 Q66323 Q66324 Q66325 Q66326 Q66327 Q66328 Q83744"	"1426"	"1429"	"35982226"	"coimmunoprecipitation; elisa; isothermal titration calorimetry; ubiquitinase assay; western blot; x-ray crystallography"	"true positive"	"7W0Q 7W0S 7W0T"	"Coxsackievirus B3 (strain Nancy)"
"ELMI004688"	"DEG"	"DEG_Cend_TRIM7_1"	"POLG_HE71"	"B9VUU3"	"B9VUU3"	"1437"	"1440"	"35893676"	"colocalization; differential scanning calorimetry; elisa; fusion protein; isothermal titration calorimetry; mutation analysis; ubiquitinase assay; western blot; x-ray crystallography"	"true positive"	"8A5L"	"Enterovirus A71"
"ELMI004687"	"DEG"	"DEG_Cend_TRIM7_1"	"Q80J95_9CALI"	"Q80J95"	"Q80J95"	"1174"	"1177"	"35893676"	"colocalization; differential scanning calorimetry; elisa; fusion protein; isothermal titration calorimetry; mutation analysis; ubiquitinase assay; western blot; x-ray crystallography"	"true positive"	"8A5M"	"Murine norovirus 1"
"ELMI004686"	"DEG"	"DEG_Cend_TRIM7_1"	"R1AB_SARS2"	"P0DTD1"	"P0DTD1"	"5321"	"5324"	"35982226"	"coimmunoprecipitation; elisa; isothermal titration calorimetry; ubiquitinase assay; western blot; x-ray crystallography"	"true positive"	"7X6Z"	"Severe acute respiratory syndrome coronavirus 2"
"ELMI004681"	"DEG"	"DEG_Cend_TRIM7_1"	"RN187_HUMAN"	"Q5TA31"	"Q5TA31 A6NL57 Q6P2J7 Q6PJR0"	"232"	"235"	"35893676 35867826"	"coimmunoprecipitation; colocalization; differential scanning calorimetry; elisa; fusion protein; isothermal titration calorimetry; mutation analysis; pull down; ubiquitinase assay; western blot; x-ray crystallography"	"true positive"	"7OW2 7Y3C"	"Homo sapiens"
"ELMI003206"	"DEG"	"DEG_COP1_1"	"ETS1_HUMAN"	"P14921"	"P14921 A9UL17 F5GYX9 Q14278 Q16080 Q6N087 Q96AC5"	"273"	"283"	"25117710"	"alanine scanning; western blot"	"true positive"	""	"Homo sapiens"
"ELMI003204"	"DEG"	"DEG_COP1_1"	"ETS2_HUMAN"	"P15036"	"P15036 A6NM68 D3DSH6 Q53Y89"	"46"	"56"	"25117710"	"alanine scanning; western blot"	"true positive"	""	"Homo sapiens"
"ELMI003205"	"DEG"	"DEG_COP1_1"	"ETS2_HUMAN"	"P15036"	"P15036 A6NM68 D3DSH6 Q53Y89"	"301"	"311"	"25117710"	"alanine scanning; western blot"	"true positive"	""	"Homo sapiens"
"ELMI002764"	"DEG"	"DEG_COP1_1"	"ETV1_HUMAN"	"P50549"	"P50549 A4D118 B2R768 B7Z2I4 B7Z618 B7Z9P2 C9JT37 E9PHB1 F5GXR2 O75849 Q4KMQ6 Q59GA7 Q6AI30 Q9UQ71 Q9Y636"	"67"	"74"	"21572435"	"anti tag coimmunoprecipitation; coimmunoprecipitation; mutation analysis; ubiquitinase assay"	"true positive"	""	"Homo sapiens"
"ELMI002765"	"DEG"	"DEG_COP1_1"	"ETV4_HUMAN"	"P43268"	"P43268 A8K314 B7Z5J3 B7Z9J6 Q96AW9"	"74"	"81"	"21572435"	"anti tag coimmunoprecipitation"	"true positive"	""	"Homo sapiens"
"ELMI002766"	"DEG"	"DEG_COP1_1"	"ETV5_HUMAN"	"P41161"	"P41161 A6NH46 Q6IBN5"	"66"	"73"	"21572435"	"anti tag coimmunoprecipitation"	"true positive"	""	"Homo sapiens"
"ELMI000270"	"DEG"	"DEG_COP1_1"	"HY5_ARATH"	"O24646"	"O24646"	"38"	"46"	"9659918"	"glutathione s tranferase tag; pull down"	"true positive"	""	"Arabidopsis thaliana"
"ELMI003184"	"DEG"	"DEG_COP1_1"	"HYH_ARATH"	"Q8W191"	"Q8W191 Q8LB41 Q9LUN6"	"26"	"34"	"12023303"	"alanine scanning; beta galactosidase complementation; fluorescent resonance energy transfer; two hybrid"	"true positive"	""	"Arabidopsis thaliana"
"ELMI000269"	"DEG"	"DEG_COP1_1"	"JUND_HUMAN"	"P17535"	"P17535 Q53EK9"	"242"	"252"	"12615916"	"coimmunoprecipitation"	"true positive"	""	"Homo sapiens"
"ELMI000268"	"DEG"	"DEG_COP1_1"	"JUN_HUMAN"	"P05412"	"P05412 Q96G93"	"227"	"235"	"12615916"	"coimmunoprecipitation"	"true positive"	""	"Homo sapiens"
"ELMI000641"	"DEG"	"DEG_COP1_1"	"STH_ARATH"	"Q9SID1"	"Q9SID1 Q9C558"	"229"	"237"	"11226162"	"two hybrid"	"true positive"	""	"Arabidopsis thaliana"
"ELMI003183"	"DEG"	"DEG_COP1_1"	"TRIB1_HUMAN"	"Q96RU8"	"Q96RU8 B4DMM6 C5HU08 O15180 Q9H2Y8"	"354"	"361"	"27041596"	"coimmunoprecipitation; competition binding; fluorescence polarization spectroscopy; mutation analysis; western blot; x-ray crystallography"	"true positive"	"5IGO 5IGQ"	"Homo sapiens"
"ELMI001943"	"DEG"	"DEG_CRL4_CDT2_1"	"CDN1A_HUMAN"	"P38936"	"P38936 Q14010 Q9BUT4"	"145"	"157"	"18703516 18794347"	"alanine scanning; anti tag coimmunoprecipitation; coimmunoprecipitation; fluorescence technology; rna interference; ubiquitinase assay; western blot"	"true positive"	""	"Homo sapiens"
"ELMI002104"	"DEG"	"DEG_CRL4_CDT2_1"	"CDN1C_HUMAN"	"P49918"	"P49918"	"270"	"282"	"22634751"	"coimmunoprecipitation; mutation analysis"	"true positive"	""	"Homo sapiens"
"ELMI001942"	"DEG"	"DEG_CRL4_CDT2_1"	"CDT1_HUMAN"	"Q9H211"	"Q9H211 Q86XX9 Q96CJ5 Q96GK5 Q96H67 Q96HE6 Q9BWM0"	"4"	"15"	"16861906"	"coimmunoprecipitation; rna interference; western blot"	"true positive"	""	"Homo sapiens"
"ELMI001941"	"DEG"	"DEG_CRL4_CDT2_1"	"CDT1_XENLA"	"Q9I9A7"	"Q9I9A7 Q6GQH3"	"4"	"16"	"19595719"	"alanine scanning; coimmunoprecipitation; glutathione s tranferase tag; mutation analysis; ubiquitinase assay; western blot"	"true positive"	""	"Xenopus laevis"
"ELMI001944"	"DEG"	"DEG_CRL4_CDT2_1"	"Q91603_XENLA"	"Q91603"	"Q91603"	"172"	"184"	"20606006"	"coimmunoprecipitation; glutathione s tranferase tag; immunodepleted coimmunoprecipitation; mutation disrupting interaction; pull down; ubiquitinase assay; western blot"	"true positive"	""	"Xenopus laevis"
"ELMI001945"	"DEG"	"DEG_CRL4_CDT2_1"	"SETD8_HUMAN"	"Q9NQR1"	"Q9NQR1 A8K9D0 Q86W83 Q8TD09"	"220"	"231"	"21220508 20932472"	"alanine scanning; coimmunoprecipitation; fluorescence technology; mutation disrupting interaction; rna interference; ubiquitinase assay; western blot"	"true positive"	""	"Homo sapiens"
"ELMI001946"	"DEG"	"DEG_CRL4_CDT2_2"	"E2F_DROME"	"Q27368"	"Q27368 O77035 Q5U0Z6"	"151"	"163"	"19081076"	"alanine scanning; coimmunoprecipitation; fluorescence-activated cell sorting; mutation disrupting interaction; rna interference"	"true positive"	""	"Drosophila melanogaster"
"ELMI002833"	"DEG"	"DEG_Kelch_actinfilin_1"	"GRIK2_RAT"	"P42260"	"P42260"	"881"	"885"	"17062563"	"alanine scanning; coimmunoprecipitation; mutation analysis; two hybrid"	"true positive"	""	"Rattus norvegicus"
"ELMI002827"	"DEG"	"DEG_Kelch_Keap1_1"	"AMER1_HUMAN"	"Q5JTC6"	"Q5JTC6 A2IB86 Q8N885"	"286"	"291"	"22215675"	"affinity chromatography technology; alanine scanning; competition binding; mutation analysis; nuclear magnetic resonance; western blot"	"true positive"	""	"Homo sapiens"
"ELMI002830"	"DEG"	"DEG_Kelch_Keap1_1"	"BPTF_HUMAN"	"Q12830"	"Q12830 Q6NX67 Q7Z7D6 Q9UIG2"	"729"	"734"	"23892546"	"isothermal titration calorimetry; sequence based prediction"	"true positive"	""	"Homo sapiens"
"ELMI002822"	"DEG"	"DEG_Kelch_Keap1_1"	"CNC_DROME"	"P20482"	"P20482 A4V398 C7LAC2 O96506 Q1WWD8 Q9TZS3 Q9VCP6 Q9VCP8 Q9VCP9"	"458"	"463"	"12167159"	"sequence based prediction"	"true positive"	""	"Drosophila melanogaster"
"ELMI002826"	"DEG"	"DEG_Kelch_Keap1_1"	"IKKB_HUMAN"	"O14920"	"O14920 B4DZ30 B4E0U4 O75327"	"34"	"39"	"19818716"	"coimmunoprecipitation; mutation analysis; pull down; two hybrid"	"true positive"	""	"Homo sapiens"
"ELMI002829"	"DEG"	"DEG_Kelch_Keap1_1"	"MYO7A_HUMAN"	"Q13402"	"Q13402 B9A011 F8VUN5 P78427 Q13321 Q14785 Q92821 Q92822"	"1636"	"1641"	"23892546"	"sequence based prediction"	"true positive"	""	"Homo sapiens"
"ELMI002821"	"DEG"	"DEG_Kelch_Keap1_1"	"NF2L1_HUMAN"	"Q14494"	"Q14494 D3DTU3 D3DTU5 Q12877 Q96FN6"	"231"	"236"	"12167159"	"sequence based prediction"	"true positive"	""	"Homo sapiens"
"ELMI002820"	"DEG"	"DEG_Kelch_Keap1_1"	"NF2L2_HUMAN"	"Q16236"	"Q16236 B2RBU2 B4E338 E9PGJ7 Q53RW6 Q59HH2 Q96F71"	"77"	"82"	"16888629"	"alanine scanning; coimmunoprecipitation; competition binding; x-ray crystallography"	"true positive"	"2FLU 3ZGC"	"Homo sapiens"
"ELMI002819"	"DEG"	"DEG_Kelch_Keap1_1"	"NF2L2_MOUSE"	"Q60795"	"Q60795 Q3UQK0"	"77"	"82"	"16507366 12167159"	"alanine scanning; green fluorescent protein tag; isothermal titration calorimetry; mutation analysis; two hybrid; x-ray crystallography"	"true positive"	"1X2J 1X2R"	"Mus musculus"
"ELMI002828"	"DEG"	"DEG_Kelch_Keap1_1"	"PALB2_HUMAN"	"Q86YC2"	"Q86YC2 A6NIE1 Q8N7Y6 Q8ND31 Q9H6W1"	"89"	"94"	"22331464"	"affinity chromatography technology; coimmunoprecipitation; mutation analysis; western blot"	"true positive"	""	"Homo sapiens"
"ELMI002824"	"DEG"	"DEG_Kelch_Keap1_1"	"PGAM5_HUMAN"	"Q96HS1-1"	"Q96HS1 A9LN06 C9IZY7 Q96JB0"	"77"	"82"	"17046835"	"alanine scanning; western blot"	"true positive"	""	"Homo sapiens"
"ELMI002825"	"DEG"	"DEG_Kelch_Keap1_1"	"PTMA_MOUSE"	"P26350"	"P26350 Q3UQV6"	"41"	"46"	"18391415 23318954"	"coimmunoprecipitation; isothermal titration calorimetry; nuclear magnetic resonance; peptide array; two hybrid; x-ray crystallography"	"true positive"	"2Z32"	"Mus musculus"
"ELMI002823"	"DEG"	"DEG_Kelch_Keap1_1"	"SQSTM_HUMAN"	"Q13501"	"Q13501 A6NFN7 B2R661 B3KUW5 Q13446 Q9BUV7 Q9BVS6 Q9UEU1"	"347"	"352"	"20452972"	"coimmunoprecipitation; glutathione s tranferase tag; mutation analysis; pull down"	"true positive"	""	"Homo sapiens"
"ELMI002831"	"DEG"	"DEG_Kelch_Keap1_1"	"SQSTM_MOUSE"	"Q64337"	"Q64337 Q99JM8"	"349"	"354"	"20173742"	"alanine scanning; coimmunoprecipitation; competition binding; glutathione s tranferase tag; isothermal titration calorimetry; pull down; x-ray crystallography"	"true positive"	"3ADE"	"Mus musculus"
"ELMI002832"	"DEG"	"DEG_Kelch_Keap1_2"	"NF2L2_MOUSE"	"Q60795"	"Q60795 Q3UQK0"	"26"	"32"	"24366543 17785452"	"alanine scanning; glutathione s tranferase tag; isothermal titration calorimetry; mutation analysis; pull down; surface plasmon resonance; ubiquitinase assay; x-ray crystallography"	"true positive"	"2DYH 3WN7"	"Mus musculus"
"ELMI004596"	"DEG"	"DEG_Kelch_KLHL12_1"	"CPSF6_HUMAN"	"Q16630"	"Q16630 A8K7K9 Q53ES1 Q9BSJ7 Q9BW18"	"222"	"227"	""	"inferred by curator"	"unknown"	""	"Homo sapiens"
"ELMI004554"	"DEG"	"DEG_Kelch_KLHL12_1"	"CPSF6_HUMAN"	"Q16630"	"Q16630 A8K7K9 Q53ES1 Q9BSJ7 Q9BW18"	"347"	"352"	""	"inferred by curator"	"unknown"	""	"Homo sapiens"
"ELMI004552"	"DEG"	"DEG_Kelch_KLHL12_1"	"DAAM1_HUMAN"	"Q9Y4D1"	"Q9Y4D1 Q86U34 Q8N1Z8 Q8TB39"	"570"	"575"	""	"inferred by curator"	"unknown"	""	"Homo sapiens"
"ELMI004553"	"DEG"	"DEG_Kelch_KLHL12_1"	"DAAM2_HUMAN"	"Q86T65"	"Q86T65 G5EA45 Q5T4T8 Q5T4U0 Q9NQI5 Q9Y4G0"	"568"	"573"	""	"inferred by curator"	"unknown"	""	"Homo sapiens"
"ELMI004557"	"DEG"	"DEG_Kelch_KLHL12_1"	"DVL1_HUMAN"	"O14640"	"O14640 Q5TA33 Q5TA35"	"657"	"662"	"32574548"	"alanine scanning; anti tag coimmunoprecipitation; deletion analysis; fluorescence polarization spectroscopy; mutation analysis; mutation decreasing interaction; mutation disrupting interaction; peptide array; ubiquitinase assay; x-ray crystallography"	"true positive"	"6TTK"	"Homo sapiens"
"ELMI004556"	"DEG"	"DEG_Kelch_KLHL12_1"	"DVL2_HUMAN"	"O14641"	"O14641 D3DTN3 Q53XM0"	"698"	"703"	"22826439 35509083 32574548"	"anti bait coimmunoprecipitation; by homology; inferred by author; peptide array"	"true positive"	""	"Homo sapiens"
"ELMI004555"	"DEG"	"DEG_Kelch_KLHL12_1"	"DVL3_HUMAN"	"Q92997"	"Q92997 B4E3E5 D3DNT0 O14642 Q13531 Q8N5E9 Q92607"	"678"	"683"	"22826439 16547521 32032490 32574548"	"Identification by mass spectrometry; alanine scanning; anti bait coimmunoprecipitation; by homology; deletion analysis; fluorescence polarization spectroscopy; inferred by author; mutation analysis; mutation decreasing interaction; mutation disrupting interaction; nuclear magnetic resonance; peptide array; tandem affinity purification; ubiquitinase assay; x-ray crystallography"	"true positive"	"6V7O"	"Homo sapiens"
"ELMI004600"	"DEG"	"DEG_Kelch_KLHL12_1"	"LNP_HUMAN"	"Q9C0E8-2"	"Q9C0E8-2"	"198"	"203"	"32433973"	"alanine scanning; anti tag coimmunoprecipitation; deletion analysis; mutation disrupting interaction"	"true positive"	""	"Homo sapiens"
"ELMI004597"	"DEG"	"DEG_Kelch_KLHL12_1"	"PEF1_HUMAN"	"Q9UBV8"	"Q9UBV8"	"17"	"22"	"27716508 32574548"	"Identification by mass spectrometry; affinity chromatography technology; deletion analysis; inferred by author; pull down; rna interference; ubiquitinase assay"	"true positive"	""	"Homo sapiens"
"ELMI004599"	"DEG"	"DEG_Kelch_KLHL12_1"	"PKHA4_HUMAN"	"Q9H4M7"	"Q9H4M7 Q8N4M8 Q8N658"	"176"	"181"	"31091453 32574548"	"Identification by mass spectrometry; anti tag coimmunoprecipitation; colocalization; inferred by author; ubiquitinase assay"	"true positive"	""	"Homo sapiens"
"ELMI004598"	"DEG"	"DEG_Kelch_KLHL12_1"	"SC31A_HUMAN"	"O94979"	"O94979 B4DIW6 B7ZKZ7 B7ZL00 H7C2W3 Q17RR5 Q5H9P6 Q5XG74 Q659G7 Q6ZU90 Q7LCX9 Q86TJ0 Q8IZH4 Q9P048 Q9P0A6 Q9UM05 Q9UM06"	"957"	"962"	"22358839 32574548"	"Identification by mass spectrometry; affinity chromatography technology; anti tag coimmunoprecipitation; deletion analysis; inferred by author; pull down; ubiquitinase assay"	"true positive"	""	"Homo sapiens"
"ELMI002834"	"DEG"	"DEG_Kelch_KLHL3_1"	"WNK1_HUMAN"	"Q9H4A3"	"Q9H4A3 A1L4B0 C5HTZ5 C5HTZ6 C5HTZ7 O15052 P54963 Q4VBX9 Q6IFS5 Q86WL5 Q8N673 Q9P1S9"	"628"	"637"	"23838290"	"coimmunoprecipitation; fluorescence polarization spectroscopy"	"true positive"	""	"Homo sapiens"
"ELMI002835"	"DEG"	"DEG_Kelch_KLHL3_1"	"WNK2_HUMAN"	"Q9Y3S1"	"Q9Y3S1 Q5VWF1 Q5VWF2 Q8IY36 Q9C0A3 Q9H3P4"	"588"	"597"	"23838290"	"coimmunoprecipitation; fluorescence polarization spectroscopy"	"true positive"	""	"Homo sapiens"
"ELMI002836"	"DEG"	"DEG_Kelch_KLHL3_1"	"WNK3_HUMAN"	"Q9BYP7"	"Q9BYP7 B1AKG2 Q5JRC1 Q6JP76 Q8TCX6 Q9HCK6"	"537"	"546"	"23838290"	"coimmunoprecipitation; fluorescence polarization spectroscopy"	"true positive"	""	"Homo sapiens"
"ELMI002837"	"DEG"	"DEG_Kelch_KLHL3_1"	"WNK4_HUMAN"	"Q96J92"	"Q96J92 Q8N8X3 Q8N8Z2 Q96DT8 Q9BYS5"	"557"	"566"	"24641320"	"coimmunoprecipitation; fluorescence polarization spectroscopy"	"true positive"	""	"Homo sapiens"
"ELMI002841"	"DEG"	"DEG_MDM2_SWIB_1"	"NUMB_HUMAN"	"P49757"	"P49757 B4E2B1 Q6NUQ7 Q86SY1 Q8WW73 Q9UBG1 Q9UEQ4 Q9UKE8 Q9UKE9 Q9UKF0 Q9UQJ4"	"616"	"623"	"9632782 12646252 22337874"	"glutathione s tranferase tag; his tag; pull down; two hybrid"	"true positive"	""	"Homo sapiens"
"ELMI002842"	"DEG"	"DEG_MDM2_SWIB_1"	"NUMBL_HUMAN"	"Q9Y6R0"	"Q9Y6R0 Q7Z4J9"	"577"	"584"	""	"by homology"	"true positive"	""	"Homo sapiens"
"ELMI002838"	"DEG"	"DEG_MDM2_SWIB_1"	"P53_HUMAN"	"P04637"	"P04637 Q15086 Q15087 Q15088 Q16535 Q16807 Q16808 Q16809 Q16810 Q16811 Q16848 Q2XN98 Q3LRW1 Q3LRW2 Q3LRW3 Q3LRW4 Q3LRW5 Q86UG1 Q8J016 Q99659 Q9BTM4 Q9HAQ8 Q9NP68 Q9NPJ2 Q9NZD0 Q9UBI2 Q9UQ61"	"19"	"26"	"25591003 17284038 8875929"	"fluorescence polarization spectroscopy; isothermal titration calorimetry; x-ray crystallography"	"true positive"	"1YCR"	"Homo sapiens"
"ELMI002839"	"DEG"	"DEG_MDM2_SWIB_1"	"P63_HUMAN"	"Q9H3D4"	"Q9H3D4 O75080 O75195 O75922 O76078 Q6VEG2 Q6VEG3 Q6VEG4 Q6VFJ1 Q6VFJ2 Q6VFJ3 Q6VH20 Q7LDI3 Q7LDI4 Q7LDI5 Q96KR0 Q9H3D2 Q9H3D3 Q9H3P8 Q9NPH7 Q9P1B4 Q9P1B5 Q9P1B6 Q9P1B7 Q9UBV9 Q9UE10 Q9UP26 Q9UP27 Q9UP28 Q9UP74"	"55"	"62"	"25591003 11445003"	"isothermal titration calorimetry; mutation analysis; nuclear magnetic resonance"	"true positive"	""	"Homo sapiens"
"ELMI002840"	"DEG"	"DEG_MDM2_SWIB_1"	"P73_HUMAN"	"O15350"	"O15350 B7Z9C1 O15351 Q17RN8 Q5TBV5 Q5TBV6 Q8NHW9 Q8TDY5 Q8TDY6 Q9NTK8"	"15"	"22"	"26025930 25591003"	"his tag; isothermal titration calorimetry; nuclear magnetic resonance; pull down"	"true positive"	"2MPS"	"Homo sapiens"
"ELMI002563"	"DEG"	"DEG_Nend_UBRbox_4"	"ERF71_ARATH"	"O22259"	"O22259"	"1"	"3"	"22020279"	"alanine scanning; inhibitor; western blot"	"true positive"	""	"Arabidopsis thaliana"
"ELMI002566"	"DEG"	"DEG_Nend_UBRbox_4"	"F4IDA7_ARATH"	"F4IDA7"	"F4IDA7"	"1"	"3"	"22020279"	"alanine scanning; inhibitor; western blot"	"true positive"	""	"Arabidopsis thaliana"
"ELMI002562"	"DEG"	"DEG_Nend_UBRbox_4"	"RA212_ARATH"	"Q9SSA8"	"Q9SSA8 O23113 Q8L9V3"	"1"	"3"	"22020279 22020282"	"alanine scanning; fluorescence microscopy; inhibitor; knock out; mutation analysis; western blot"	"true positive"	""	"Arabidopsis thaliana"
"ELMI002565"	"DEG"	"DEG_Nend_UBRbox_4"	"RAP22_ARATH"	"Q9LUM4"	"Q9LUM4 O23104 Q8LE76"	"1"	"3"	"22020279"	"alanine scanning; inhibitor; western blot"	"true positive"	""	"Arabidopsis thaliana"
"ELMI002564"	"DEG"	"DEG_Nend_UBRbox_4"	"RAP23_ARATH"	"P42736"	"P42736 O04382 O23105"	"1"	"3"	"22020279"	"alanine scanning; inhibitor; western blot"	"true positive"	""	"Arabidopsis thaliana"
"ELMI002561"	"DEG"	"DEG_Nend_UBRbox_4"	"RGS16_MOUSE"	"P97428"	"P97428 O09091 P97420 Q80V16"	"1"	"3"	"16222293 10783390"	"competition binding; knock out; radiolabel; western blot"	"true positive"	""	"Mus musculus"
"ELMI002559"	"DEG"	"DEG_Nend_UBRbox_4"	"RGS4_MOUSE"	"O08899"	"O08899 Q99L30"	"1"	"3"	"16217033 16222293 10783390"	"competition binding; de novo protein sequencing by mass spectrometry; edman degradation; knock out; mutation disrupting interaction; radiolabel; ubiquitinase assay; western blot"	"true positive"	""	"Mus musculus"
"ELMI002560"	"DEG"	"DEG_Nend_UBRbox_4"	"RGS5_MOUSE"	"O08850"	"O08850 Q543B1 Q9D0Z2"	"1"	"3"	"16217033 16222293"	"competition binding; knock out; mutation disrupting interaction; radiolabel; ubiquitinase assay; western blot"	"true positive"	""	"Mus musculus"
"ELMI001224"	"DEG"	"DEG_ODPH_VHL_1"	"EPAS1_HUMAN"	"Q99814"	"Q99814 Q86VA2 Q99630"	"403"	"416"	"14691554"	"mutation analysis"	"true positive"	""	"Homo sapiens"
"ELMI001225"	"DEG"	"DEG_ODPH_VHL_1"	"EPAS1_HUMAN"	"Q99814"	"Q99814 Q86VA2 Q99630"	"529"	"542"	"14691554"	"mutation analysis"	"true positive"	""	"Homo sapiens"
"ELMI001226"	"DEG"	"DEG_ODPH_VHL_1"	"EPAS1_HUMAN"	"Q99814"	"Q99814 Q86VA2 Q99630"	"574"	"585"	""	"sequence based prediction"	"true positive"	""	"Homo sapiens"
"ELMI001219"	"DEG"	"DEG_ODPH_VHL_1"	"HIF1A_HUMAN"	"Q16665"	"Q16665 Q53XP6 Q96PT9 Q9UPB1"	"400"	"413"	"12050673"	"surface plasmon resonance"	"true positive"	""	"Homo sapiens"
"ELMI001220"	"DEG"	"DEG_ODPH_VHL_1"	"HIF1A_HUMAN"	"Q16665"	"Q16665 Q53XP6 Q96PT9 Q9UPB1"	"562"	"574"	"12050673 12004076"	"isothermal titration calorimetry; surface plasmon resonance; x-ray crystallography"	"true positive"	"1LM8 1LQB"	"Homo sapiens"
"ELMI001223"	"DEG"	"DEG_ODPH_VHL_1"	"HIF1_CAEEL"	"G5EGD2"	"G5ECE6 Q8I4D0 G5EGD2"	"619"	"631"	"11427734"	"sequence based prediction"	"true positive"	""	"Caenorhabditis elegans"
"ELMI001222"	"DEG"	"DEG_ODPH_VHL_1"	"HIF3A_HUMAN"	"Q9Y2N7"	"Q9Y2N7 Q58A43 Q66K72 Q8WXA1 Q96K34 Q9H7Z9 Q9HAI2"	"490"	"502"	"12538644"	"coimmunoprecipitation; sequence based prediction"	"true positive"	""	"Homo sapiens"
"ELMI001221"	"DEG"	"DEG_ODPH_VHL_1"	"SIMA_DROME"	"Q24167"	"Q24167 Q9VAA5"	"1173"	"1184"	"8682312"	"sequence based prediction"	"true positive"	""	"Drosophila melanogaster"
"ELMI002518"	"DEG"	"DEG_SCF_COI1_1"	"A7XXZ0_SOLLC"	"A7XXZ0"	"A7XXZ0"	"199"	"216"	"17637677 18458331"	"his tag; pull down; two hybrid"	"true positive"	""	"Solanum lycopersicum"
"ELMI002519"	"DEG"	"DEG_SCF_COI1_1"	"B2XVS2_SOLLC"	"B2XVS2"	"B2XVS2"	"251"	"268"	"18458331"	"his tag; mutation analysis; pull down"	"true positive"	""	"Solanum lycopersicum"
"ELMI002515"	"DEG"	"DEG_SCF_COI1_1"	"TI10A_ARATH"	"Q9LMA8"	"Q9LMA8 Q8LAG5 Q93Z09"	"203"	"220"	"17637677 20927106 18547396"	"mutation analysis; pull down; two hybrid; x-ray crystallography"	"true positive"	"3OGL"	"Arabidopsis thaliana"
"ELMI002517"	"DEG"	"DEG_SCF_COI1_1"	"TI10B_ARATH"	"Q9S7M2"	"Q9S7M2 Q8LBU1"	"205"	"222"	"18547396"	"two hybrid"	"true positive"	""	"Arabidopsis thaliana"
"ELMI002522"	"DEG"	"DEG_SCF_COI1_1"	"TI11A_ARATH"	"Q9LDU5"	"Q9LDU5 Q8LAR9"	"182"	"199"	"17637677"	"sequence based prediction"	"unknown"	""	"Arabidopsis thaliana"
"ELMI002520"	"DEG"	"DEG_SCF_COI1_1"	"TI11B_ARATH"	"Q9C9E3"	"Q9C9E3"	"186"	"203"	"17637677"	"sequence based prediction"	"unknown"	""	"Arabidopsis thaliana"
"ELMI002514"	"DEG"	"DEG_SCF_COI1_1"	"TIF6B_ARATH"	"Q9LVI4"	"Q9LVI4 Q56W78 Q8LF26"	"303"	"320"	"17637675 18547396"	"fluorescence microscopy; mutation analysis; protease assay; pull down; two hybrid"	"true positive"	""	"Arabidopsis thaliana"
"ELMI002516"	"DEG"	"DEG_SCF_COI1_1"	"TIF7_ARATH"	"Q8W4J8"	"Q8W4J8 A8MSB0 F4I6W0 Q0WLN3 Q2V4D4 Q9CAC0"	"221"	"238"	"18547396"	"mutation analysis; pull down; two hybrid"	"true positive"	""	"Arabidopsis thaliana"
"ELMI002521"	"DEG"	"DEG_SCF_COI1_1"	"TIF9_ARATH"	"Q93ZM9"	"Q93ZM9 Q3E9I1 Q3E9I2 Q9LYV4"	"169"	"186"	"17637677"	"sequence based prediction"	"unknown"	""	"Arabidopsis thaliana"
"ELMI002603"	"DEG"	"DEG_SCF_FBW7_1"	"CCNE1_HUMAN"	"P24864-3"	"P24864 A8K684 Q14091 Q8NFG1 Q92501 Q9UD21"	"379"	"384"	"11533444"	"glutathione s tranferase tag; mutation analysis; pull down; ubiquitinase assay"	"true positive"	""	"Homo sapiens"
"ELMI001385"	"DEG"	"DEG_SCF_FBW7_1"	"CCNE1_HUMAN"	"P24864"	"P24864 A8K684 Q14091 Q8NFG1 Q92501 Q9UD21"	"393"	"399"	"14536078 17434132"	"isothermal titration calorimetry; mutation analysis; x-ray crystallography"	"true positive"	"2OVQ"	"Homo sapiens"
"ELMI001387"	"DEG"	"DEG_SCF_FBW7_1"	"JUN_HUMAN"	"P05412"	"P05412 Q96G93"	"236"	"243"	"16023596"	"competition binding; mutation disrupting interaction"	"true positive"	""	"Homo sapiens"
"ELMI001386"	"DEG"	"DEG_SCF_FBW7_1"	"MYC_HUMAN"	"P01106"	"P01106 A8WFE7 P01107 Q14026"	"55"	"62"	"15992821 15103331"	"coimmunoprecipitation; competition binding; nuclear magnetic resonance; ubiquitinase assay"	"true positive"	"1MV0"	"Homo sapiens"
"ELMI001384"	"DEG"	"DEG_SCF_FBW7_1"	"SRBP1_HUMAN"	"P36956"	"P36956 D3DXC4 Q16062 Q59F52 Q6P4R7 Q6PFW7 Q6PJ36 Q8TAK9"	"425"	"430"	"16054087 16825193"	"chromatin immunoprecipitation assay; coimmunoprecipitation; mutation analysis; protein kinase assay"	"true positive"	""	"Homo sapiens"
"ELMI001383"	"DEG"	"DEG_SCF_FBW7_1"	"UNG_HUMAN"	"P13051"	"P13051 A8K5M6 B2R8Y1 O00637 O00719 Q93028"	"58"	"64"	"18079698"	"detection by mass spectrometry; mutation analysis"	"true positive"	""	"Homo sapiens"
"ELMI001402"	"DEG"	"DEG_SCF_FBW7_2"	"LT_SV40"	"P03070"	"P03070"	"699"	"705"	"15611062"	"classical fluorescence spectroscopy; coimmunoprecipitation; mutation analysis"	"true positive"	""	"Simian virus 40"
"ELMI001401"	"DEG"	"DEG_SCF_FBW7_2"	"NOTC1_HUMAN"	"P46531"	"P46531 Q59ED8 Q5SXM3"	"2508"	"2515"	"11585921 11461910"	"coimmunoprecipitation; glutathione s tranferase tag; pull down; radiolabel; sequence based prediction"	"true positive"	""	"Homo sapiens"
"ELMI004149"	"DEG"	"DEG_SCF_FBXO31_1"	"CCND1_HUMAN"	"P24385"	"P24385 Q6LEF0"	"289"	"295"	"29279382"	"isothermal titration calorimetry; mutation analysis; phosphoamino acid analysis; x-ray crystallography"	"true positive"	"5VZU"	"Homo sapiens"
"ELMI004150"	"DEG"	"DEG_SCF_FBXO31_1"	"CCND2_HUMAN"	"P30279"	"P30279 A8K531 Q13955 Q5U035"	"283"	"289"	"29279382"	"isothermal titration calorimetry"	"true positive"	""	"Homo sapiens"
"ELMI004151"	"DEG"	"DEG_SCF_FBXO31_1"	"CCND3_HUMAN"	"P30281"	"P30281 B2RD63 B3KQ22 E9PAS4 E9PB36 Q5T8J0 Q6FG62 Q96F49"	"286"	"292"	"29279382"	"isothermal titration calorimetry"	"true positive"	""	"Homo sapiens"
"ELMI001938"	"DEG"	"DEG_SCF_SKP2-CKS1_1"	"CDN1B_HUMAN"	"P46527"	"P46527 Q16307 Q5U0H2 Q9BUS6"	"183"	"190"	"16209941"	"mutation analysis; ubiquitinase assay; x-ray crystallography"	"true positive"	"2AST"	"Homo sapiens"
"ELMI001939"	"DEG"	"DEG_SCF_SKP2-CKS1_1"	"CDN1C_HUMAN"	"P49918"	"P49918"	"306"	"313"	"12925736"	"alanine scanning; coimmunoprecipitation; knock out; ubiquitinase assay"	"true positive"	""	"Homo sapiens"
"ELMI001940"	"DEG"	"DEG_SCF_SKP2-CKS1_1"	"CDN1C_MOUSE"	"P49919"	"P49919"	"338"	"345"	"12925736"	"alanine scanning; coimmunoprecipitation; knock out; ubiquitinase assay"	"true positive"	""	"Mus musculus"
"ELMI002545"	"DEG"	"DEG_SCF_TIR1_1"	"IAA10_ARATH"	"Q38828"	"Q38828"	"93"	"105"	"11595806"	"sequence based prediction"	"unknown"	""	"Arabidopsis thaliana"
"ELMI002543"	"DEG"	"DEG_SCF_TIR1_1"	"IAA11_ARATH"	"Q38829"	"Q38829 Q8LPJ8"	"88"	"100"	"11595806"	"sequence based prediction"	"unknown"	""	"Arabidopsis thaliana"
"ELMI002527"	"DEG"	"DEG_SCF_TIR1_1"	"IAA12_ARATH"	"Q38830"	"Q38830 Q8LA42"	"69"	"81"	"15992545"	"glutathione s tranferase tag; mutation analysis; pull down"	"true positive"	""	"Arabidopsis thaliana"
"ELMI002544"	"DEG"	"DEG_SCF_TIR1_1"	"IAA13_ARATH"	"Q38831"	"Q38831 Q84TE5"	"76"	"88"	"11595806"	"sequence based prediction"	"unknown"	""	"Arabidopsis thaliana"
"ELMI002537"	"DEG"	"DEG_SCF_TIR1_1"	"IAA14_ARATH"	"Q38832"	"Q38832 O23311 Q9C5W8"	"76"	"88"	"11595806"	"sequence based prediction"	"unknown"	""	"Arabidopsis thaliana"
"ELMI002546"	"DEG"	"DEG_SCF_TIR1_1"	"IAA15_ARATH"	"Q9C966"	"Q9C966"	"70"	"82"	"11595806"	"sequence based prediction"	"unknown"	""	"Arabidopsis thaliana"
"ELMI002536"	"DEG"	"DEG_SCF_TIR1_1"	"IAA16_ARATH"	"O24407"	"O24407"	"70"	"82"	"11595806"	"sequence based prediction"	"unknown"	""	"Arabidopsis thaliana"
"ELMI002524"	"DEG"	"DEG_SCF_TIR1_1"	"IAA17_ARATH"	"P93830"	"P93830 O49162"	"82"	"94"	"11713520"	"glutathione s tranferase tag; mutation analysis; pull down"	"true positive"	""	"Arabidopsis thaliana"
"ELMI002531"	"DEG"	"DEG_SCF_TIR1_1"	"IAA18_ARATH"	"O24408"	"O24408 Q8L9I9"	"96"	"108"	"11595806"	"sequence based prediction"	"unknown"	""	"Arabidopsis thaliana"
"ELMI002538"	"DEG"	"DEG_SCF_TIR1_1"	"IAA19_ARATH"	"O24409"	"O24409 Q8L8X3 Q9LDL6"	"70"	"82"	"11595806"	"sequence based prediction"	"unknown"	""	"Arabidopsis thaliana"
"ELMI002525"	"DEG"	"DEG_SCF_TIR1_1"	"IAA1_ARATH"	"P49677"	"P49677 O23312"	"55"	"67"	"15546359"	"glutathione s tranferase tag; mutation analysis; pull down"	"true positive"	""	"Arabidopsis thaliana"
"ELMI002530"	"DEG"	"DEG_SCF_TIR1_1"	"IAA26_ARATH"	"Q8LAL2"	"Q8LAL2 Q9LK75 Q9ZSY7"	"103"	"115"	"11595806"	"sequence based prediction"	"unknown"	""	"Arabidopsis thaliana"
"ELMI002542"	"DEG"	"DEG_SCF_TIR1_1"	"IAA27_ARATH"	"Q9ZSY8"	"Q9ZSY8"	"143"	"155"	"11595806"	"sequence based prediction"	"unknown"	""	"Arabidopsis thaliana"
"ELMI002526"	"DEG"	"DEG_SCF_TIR1_1"	"IAA28_ARATH"	"Q9XFM0"	"Q9XFM0 Q9S9V6"	"48"	"60"	"21734647"	"mutation analysis; pull down"	"true positive"	""	"Arabidopsis thaliana"
"ELMI002532"	"DEG"	"DEG_SCF_TIR1_1"	"IAA2_ARATH"	"P49678"	"P49678 O22596"	"60"	"72"	"11595806"	"sequence based prediction"	"unknown"	""	"Arabidopsis thaliana"
"ELMI002528"	"DEG"	"DEG_SCF_TIR1_1"	"IAA3_ARATH"	"Q38822"	"Q38822 O04741"	"64"	"76"	"14617065"	"mutation analysis; pull down"	"true positive"	""	"Arabidopsis thaliana"
"ELMI002534"	"DEG"	"DEG_SCF_TIR1_1"	"IAA4_ARATH"	"P33077"	"P33077"	"62"	"74"	"11595806"	"sequence based prediction"	"unknown"	""	"Arabidopsis thaliana"
"ELMI002533"	"DEG"	"DEG_SCF_TIR1_1"	"IAA4_PEA"	"P49679"	"P49679"	"70"	"82"	"11595806"	"sequence based prediction"	"unknown"	""	"Pisum sativum"
"ELMI002539"	"DEG"	"DEG_SCF_TIR1_1"	"IAA5_ARATH"	"P33078"	"P33078 Q38823 Q8H1E0"	"53"	"65"	"11595806"	"sequence based prediction"	"unknown"	""	"Arabidopsis thaliana"
"ELMI002540"	"DEG"	"DEG_SCF_TIR1_1"	"IAA6_ARATH"	"Q38824"	"Q38824 Q8LEM1 Q9C539"	"70"	"82"	"11595806"	"sequence based prediction"	"unknown"	""	"Arabidopsis thaliana"
"ELMI002529"	"DEG"	"DEG_SCF_TIR1_1"	"IAA6_PEA"	"P49680"	"P49680"	"55"	"67"	"10758506"	"mutation analysis"	"true positive"	""	"Pisum sativum"
"ELMI002523"	"DEG"	"DEG_SCF_TIR1_1"	"IAA7_ARATH"	"Q38825"	"Q38825 Q8LAK1"	"82"	"94"	"17410169 11713520"	"coimmunoprecipitation; glutathione s tranferase tag; mutation analysis; pull down; x-ray crystallography"	"true positive"	"2P1Q"	"Arabidopsis thaliana"
"ELMI002541"	"DEG"	"DEG_SCF_TIR1_1"	"IAA8_ARATH"	"Q38826"	"Q38826"	"165"	"177"	"11595806"	"sequence based prediction"	"unknown"	""	"Arabidopsis thaliana"
"ELMI002535"	"DEG"	"DEG_SCF_TIR1_1"	"IAA9_ARATH"	"Q38827"	"Q38827 Q8LBP2 Q9FLH4"	"183"	"195"	"11595806"	"sequence based prediction"	"unknown"	""	"Arabidopsis thaliana"
"ELMI001309"	"DEG"	"DEG_SCF_TRCP1_1"	"ATF4_HUMAN"	"P18848"	"P18848 Q9UH31"	"218"	"224"	"11238952"	"mutation analysis; protein kinase assay; radiolabel; two hybrid"	"true positive"	""	"Homo sapiens"
"ELMI001313"	"DEG"	"DEG_SCF_TRCP1_1"	"BORA_HUMAN"	"Q6PGQ7"	"Q6PGQ7 Q5W0P3 Q5W0P4 Q86YC6 Q96IW9 Q9H640"	"496"	"501"	"18378770"	"coimmunoprecipitation; de novo protein sequencing by mass spectrometry; protein kinase assay"	"true positive"	""	"Homo sapiens"
"ELMI001308"	"DEG"	"DEG_SCF_TRCP1_1"	"CLSPN_HUMAN"	"Q9HAW4"	"Q9HAW4 A6NFL4 Q1RMC6 Q2KHM3 Q5VYG0 Q6P6H5 Q8IWI1"	"29"	"34"	"16885022"	"coimmunoprecipitation; fluorescence-activated cell sorting; mutation analysis"	"true positive"	""	"Homo sapiens"
"ELMI001302"	"DEG"	"DEG_SCF_TRCP1_1"	"CTNB1_HUMAN"	"P35222"	"P35222 A8K1L7 Q8NEW9 Q8NI94 Q9H391"	"32"	"37"	"12820959"	"protein kinase assay; x-ray crystallography"	"true positive"	"1P22"	"Homo sapiens"
"ELMI001310"	"DEG"	"DEG_SCF_TRCP1_1"	"DLG1_HUMAN"	"Q12959"	"Q12959 A5YKK7 B7ZMM0 B9EIQ5 D3DXB8 D3DXB9 Q12958"	"597"	"602"	"12902344"	"coimmunoprecipitation; glutathione s tranferase tag; pull down; rna interference; western blot"	"true positive"	""	"Homo sapiens"
"ELMI001311"	"DEG"	"DEG_SCF_TRCP1_1"	"FBX5_HUMAN"	"Q9UKT4"	"Q9UKT4 B3KNX5 Q8WV29 Q9UGC8"	"144"	"149"	"12791266"	"classical fluorescence spectroscopy; knock out; protein kinase assay"	"true positive"	""	"Homo sapiens"
"ELMI002123"	"DEG"	"DEG_SCF_TRCP1_1"	"FGD1_HUMAN"	"P98174"	"P98174 Q5H999 Q8N4D9"	"282"	"287"	"15743413"	"alanine scanning; coimmunoprecipitation; radiolabel"	"true positive"	""	"Homo sapiens"
"ELMI002124"	"DEG"	"DEG_SCF_TRCP1_1"	"FGD3_HUMAN"	"Q5JSP0"	"Q5JSP0 Q4VX84 Q7Z7D9 Q8N5G1"	"75"	"80"	"18363964"	"alanine scanning; classical fluorescence spectroscopy; coimmunoprecipitation; western blot"	"true positive"	""	"Homo sapiens"
"ELMI001303"	"DEG"	"DEG_SCF_TRCP1_1"	"IKBA_HUMAN"	"P25963"	"P25963 B2R8L6"	"31"	"36"	"10230406 9990852 10497169"	"coimmunoprecipitation; detection by mass spectrometry; mutation analysis; protein kinase assay; protein kinase assay; radiolabel"	"true positive"	""	"Homo sapiens"
"ELMI001304"	"DEG"	"DEG_SCF_TRCP1_1"	"IKBB_HUMAN"	"Q15653"	"Q15653 A8K3F4 Q96BJ7"	"18"	"23"	"10497169"	"coimmunoprecipitation; mutation analysis; radiolabel"	"true positive"	""	"Homo sapiens"
"ELMI001305"	"DEG"	"DEG_SCF_TRCP1_1"	"IKBE_HUMAN"	"O00221"	"O00221 Q5T9V9"	"156"	"161"	"10497169"	"coimmunoprecipitation; mutation analysis; radiolabel"	"true positive"	""	"Homo sapiens"
"ELMI002453"	"DEG"	"DEG_SCF_TRCP1_1"	"INAR1_HUMAN"	"P17181"	"P17181 B2R6L9 D3DSF0 Q53GW9 Q53H11 Q6PKD7 Q7M4L2 Q8WTZ2"	"534"	"539"	"15337770 14532120"	"anti tag coimmunoprecipitation; mutation analysis; protein kinase assay; pull down; radiolabel; ubiquitinase assay"	"true positive"	""	"Homo sapiens"
"ELMI001316"	"DEG"	"DEG_SCF_TRCP1_1"	"LMP1_EBVB9"	"P03230"	"P03230 Q777A4"	"210"	"215"	"14523018"	"coimmunoprecipitation; mutation analysis"	"true positive"	""	"Human herpesvirus 4 (strain B95-8)"
"ELMI001306"	"DEG"	"DEG_SCF_TRCP1_1"	"NFKB1_HUMAN"	"P19838"	"P19838 Q68D84 Q86V43 Q8N4X7 Q9NZC0"	"926"	"932"	"12482991"	"competition binding; protein kinase assay"	"true positive"	""	"Homo sapiens"
"ELMI001307"	"DEG"	"DEG_SCF_TRCP1_1"	"PDCD4_HUMAN"	"Q53EL6"	"Q53EL6 O15501 Q5VZS6 Q6PJI5 Q8TAR5 Q99834"	"70"	"76"	"17053147"	"detection by mass spectrometry; mutation analysis; protein kinase assay"	"true positive"	""	"Homo sapiens"
"ELMI003324"	"DEG"	"DEG_SCF_TRCP1_1"	"PLK4_DROME"	"O97143"	"O97143 Q86NL8"	"292"	"297"	"24184097 19084407 19171756"	"alanine scanning; coimmunoprecipitation; mass spectrometry studies of complexes; mutation analysis; pull down; western blot"	"true positive"	""	"Drosophila melanogaster"
"ELMI001314"	"DEG"	"DEG_SCF_TRCP1_1"	"PRLR_HUMAN"	"P16471"	"P16471 B2R882 Q16354 Q8TD75 Q8TD78 Q96P35 Q96P36 Q9BX87 Q9UHJ5"	"348"	"353"	"15082796"	"coimmunoprecipitation; protein kinase assay"	"true positive"	""	"Homo sapiens"
"ELMI001312"	"DEG"	"DEG_SCF_TRCP1_1"	"SNAI1_HUMAN"	"O95863"	"O95863 Q9P113 Q9UBP7 Q9UHH7"	"95"	"100"	"9990853"	"coimmunoprecipitation; mutation analysis; protein kinase assay"	"true positive"	""	"Homo sapiens"
"ELMI001315"	"DEG"	"DEG_SCF_TRCP1_1"	"VPU_HV1BR"	"P05923"	"P05923"	"51"	"56"	"14674748 14561767"	"confocal microscopy; nuclear magnetic resonance; radiolabel"	"true positive"	""	"Human immunodeficiency virus type 1 (BRU ISOLATE)"
"ELMI001103"	"DEG"	"DEG_SIAH_1"	"AFF4_HUMAN"	"Q9UHB7"	"Q9UHB7 B2RP19 B7WPD2 Q498B2 Q59FB3 Q6P592 Q8TDR1 Q9P0E4"	"252"	"260"	"15459319"	"coimmunoprecipitation; mutation analysis"	"true positive"	""	"Homo sapiens"
"ELMI001105"	"DEG"	"DEG_SIAH_1"	"CYBP_HUMAN"	"Q9HB71"	"Q9HB71 B2ZWH2 O60666"	"59"	"67"	"11389839 16085652"	"coimmunoprecipitation; two hybrid; x-ray crystallography"	"true positive"	"2A25"	"Homo sapiens"
"ELMI001107"	"DEG"	"DEG_SIAH_1"	"DAB1_HUMAN"	"O75553"	"O75553 A4FU90 B3KTG3 Q4LE59 Q5T6M6 Q5T6M9 Q5T835 Q5T836 Q5T837 Q6NWS9 Q6NWT0 Q6NWT1 Q9NYA8"	"360"	"368"	"11752454"	"coimmunoprecipitation; two hybrid"	"true positive"	""	"Homo sapiens"
"ELMI001102"	"DEG"	"DEG_SIAH_1"	"DCC_HUMAN"	"P43146"	"P43146"	"1331"	"1339"	"9334332"	"classical fluorescence spectroscopy"	"true positive"	""	"Homo sapiens"
"ELMI001114"	"DEG"	"DEG_SIAH_1"	"KLF10_HUMAN"	"Q13118"	"Q13118 B2R794 Q503B2"	"200"	"208"	"12072443"	"two hybrid"	"true positive"	""	"Homo sapiens"
"ELMI001109"	"DEG"	"DEG_SIAH_1"	"OBF1_HUMAN"	"Q16633"	"Q16633 B2R8Z9 Q14983"	"46"	"54"	"11483518"	"classical fluorescence spectroscopy; coimmunoprecipitation"	"true positive"	""	"Homo sapiens"
"ELMI001108"	"DEG"	"DEG_SIAH_1"	"PEG10_HUMAN"	"Q86TG7"	"Q86TG7 Q96A68 Q9UPV1"	"253"	"261"	"12810624"	"coimmunoprecipitation; two hybrid"	"true positive"	""	"Homo sapiens"
"ELMI001113"	"DEG"	"DEG_SIAH_1"	"PHYL_DROME"	"Q27934"	"Q27934 C0PV22 Q9V721"	"115"	"123"	"16615911 12626763"	"coimmunoprecipitation; mutation analysis; pull down; x-ray crystallography"	"true positive"	"2AN6"	"Drosophila melanogaster"
"ELMI001111"	"DEG"	"DEG_SIAH_1"	"SH3R1_HUMAN"	"Q7Z6J0"	"Q7Z6J0 Q05BT2 Q8IW46 Q9HAM2 Q9P234"	"600"	"608"	"16230351"	"coimmunoprecipitation; two hybrid"	"true positive"	""	"Homo sapiens"
"ELMI002869"	"DEG"	"DEG_SPOP_SBC_1"	"CI_DROME"	"P19538"	"P19538 O18525 Q8T6T1 Q9V4A8"	"371"	"375"	"19818708"	"chromatin immunoprecipitation array; detection by mass spectrometry; monoclonal antibody western blot; surface plasmon resonance; x-ray crystallography"	"true positive"	"3HQM"	"Drosophila melanogaster"
"ELMI002870"	"DEG"	"DEG_SPOP_SBC_1"	"CI_DROME"	"P19538"	"P19538 O18525 Q8T6T1 Q9V4A8"	"1362"	"1366"	"19818708"	"chromatin immunoprecipitation array; detection by mass spectrometry; monoclonal antibody western blot; surface plasmon resonance; x-ray crystallography"	"true positive"	"3HQM"	"Drosophila melanogaster"
"ELMI002874"	"DEG"	"DEG_SPOP_SBC_1"	"DAXX_HUMAN"	"Q9UER7"	"Q9UER7 O14747 O15141 O15208 Q5STK9 Q9BWI3"	"608"	"612"	"19818708"	"detection by mass spectrometry; monoclonal antibody western blot; surface plasmon resonance"	"true positive"	""	"Homo sapiens"
"ELMI002875"	"DEG"	"DEG_SPOP_SBC_1"	"DAXX_HUMAN"	"Q9UER7"	"Q9UER7 O14747 O15141 O15208 Q5STK9 Q9BWI3"	"680"	"684"	"19818708"	"detection by mass spectrometry; monoclonal antibody western blot; surface plasmon resonance"	"true positive"	""	"Homo sapiens"
"ELMI002868"	"DEG"	"DEG_SPOP_SBC_1"	"H2AY_HUMAN"	"O75367"	"O75367 O75377 Q503A8 Q7Z5E3 Q96D41 Q9H8P3 Q9UP96"	"171"	"175"	"19818708"	"detection by mass spectrometry; monoclonal antibody western blot; surface plasmon resonance; x-ray crystallography"	"true positive"	"3HSV"	"Homo sapiens"
"ELMI002871"	"DEG"	"DEG_SPOP_SBC_1"	"Q9VHV8_DROME"	"Q9VHV8"	"Q9VHV8"	"98"	"102"	"19818708"	"detection by mass spectrometry; monoclonal antibody western blot; surface plasmon resonance; x-ray crystallography"	"true positive"	"3HU6"	"Drosophila melanogaster"
"ELMI002872"	"DEG"	"DEG_SPOP_SBC_1"	"Q9VHV8_DROME"	"Q9VHV8"	"Q9VHV8"	"289"	"293"	"19818708"	"detection by mass spectrometry; monoclonal antibody western blot; surface plasmon resonance; x-ray crystallography"	"true positive"	"3HQL"	"Drosophila melanogaster"
"ELMI002873"	"DEG"	"DEG_SPOP_SBC_1"	"Q9VHV8_DROME"	"Q9VHV8"	"Q9VHV8"	"381"	"385"	"19818708"	"detection by mass spectrometry; monoclonal antibody western blot; surface plasmon resonance; x-ray crystallography"	"true positive"	"3HU6"	"Drosophila melanogaster"
"ELMI001626"	"DOC"	"DOC_AGCK_PIF_1"	"AKT1_HUMAN"	"P31749"	"P31749 B2RAM5 Q9BWB6"	"469"	"474"	"12167717 11500365"	"competition binding; mutation analysis; protein kinase assay; protein kinase assay; protein kinase assay; surface plasmon resonance; western blot"	"unknown"	""	"Homo sapiens"
"ELMI001633"	"DOC"	"DOC_AGCK_PIF_1"	"AKT2_HUMAN"	"P31751"	"P31751 B2RBD8 Q0VAN1 Q68GC0"	"470"	"475"	"12434148"	"x-ray crystallography"	"true positive"	"1O6L"	"Homo sapiens"
"ELMI002185"	"DOC"	"DOC_AGCK_PIF_1"	"KPCB_HUMAN"	"P05771-2"	"P05771 C5IFJ8 D3DWF5 O43744 P05127 Q15138 Q93060 Q9UE49 Q9UE50 Q9UEH8 Q9UJ30 Q9UJ33"	"656"	"661"	"9218480"	"mutation analysis; protein kinase assay"	"true positive"	""	"Homo sapiens"
"ELMI001628"	"DOC"	"DOC_AGCK_PIF_1"	"KS6A3_MOUSE"	"P18654"	"P18654 B1AXN4 Q03140 Q8K3J8"	"382"	"387"	"10856237"	"coimmunoprecipitation; mutation analysis; protein kinase assay"	"true positive"	""	"Mus musculus"
"ELMI001629"	"DOC"	"DOC_AGCK_PIF_1"	"KS6B1_RAT"	"P67999"	"P67999 P21425"	"408"	"413"	"11500365"	"competition binding; glutathione s tranferase tag; mutation analysis; protein kinase assay; pull down; surface plasmon resonance"	"true positive"	""	"Rattus norvegicus"
"ELMI001627"	"DOC"	"DOC_AGCK_PIF_1"	"ROCK1_HUMAN"	"Q13464"	"Q13464 B0YJ91 Q2KHM4 Q59GZ4"	"394"	"399"	"18204440"	"glutathione s tranferase tag; mutation analysis; pull down"	"true positive"	""	"Homo sapiens"
"ELMI001634"	"DOC"	"DOC_AGCK_PIF_1"	"SCH9_YEAST"	"P11792"	"P11792 D3DLF4"	"733"	"738"	"21531713"	"glutathione s tranferase tag; mutation analysis; protein kinase assay; pull down"	"true positive"	""	"Saccharomyces cerevisiae S288c"
"ELMI001630"	"DOC"	"DOC_AGCK_PIF_1"	"SGK1_HUMAN"	"O00141"	"O00141 B7UUP7 B7UUP8 B7UUP9 B7Z5B2 E1P583 Q5TCN2 Q5TCN3 Q5TCN4 Q5VY65 Q9UN56"	"418"	"423"	"11500365"	"competition binding; glutathione s tranferase tag; mutation analysis; protein kinase assay; pull down; surface plasmon resonance"	"true positive"	""	"Homo sapiens"
"ELMI001631"	"DOC"	"DOC_AGCK_PIF_1"	"SGK3_HUMAN"	"Q96BR1"	"Q96BR1 A8K5W3 Q9P1Q7 Q9UKG5"	"482"	"487"	"16790420"	"coimmunoprecipitation; mutation analysis; protein kinase assay"	"true positive"	""	"Homo sapiens"
"ELMI001632"	"DOC"	"DOC_AGCK_PIF_1"	"SGK3_MOUSE"	"Q9ERE3"	"Q9ERE3 Q3UAY2"	"482"	"487"	"14604990"	"classical fluorescence spectroscopy; mutation analysis; protein kinase assay"	"true positive"	""	"Mus musculus"
"ELMI001635"	"DOC"	"DOC_AGCK_PIF_2"	"KPCI_HUMAN"	"P41743"	"P41743 D3DNQ4 Q8WW06"	"579"	"584"	"10764742"	"glutathione s tranferase tag; mutation analysis; pull down; two hybrid"	"true positive"	""	"Homo sapiens"
"ELMI001636"	"DOC"	"DOC_AGCK_PIF_2"	"KPCZ_HUMAN"	"Q05513"	"Q05513 A8K4N0 Q15207 Q5SYT5 Q969S4"	"575"	"580"	"10764742"	"glutathione s tranferase tag; mutation analysis; pull down; two hybrid"	"true positive"	""	"Homo sapiens"
"ELMI001637"	"DOC"	"DOC_AGCK_PIF_2"	"KPCZ_MOUSE"	"Q02956"	"Q02956 A2AD76"	"575"	"580"	"10764742"	"competition binding; glutathione s tranferase tag; mutation analysis; pull down"	"true positive"	""	"Mus musculus"
"ELMI001638"	"DOC"	"DOC_AGCK_PIF_2"	"PKN1_HUMAN"	"Q16512"	"Q16512 A8K7W5 B2R9R4 B3KVN3 Q15143 Q504U4 Q8IUV5 Q9UD44"	"932"	"937"	"10764742"	"glutathione s tranferase tag; mutation analysis; pull down; two hybrid"	"true positive"	""	"Homo sapiens"
"ELMI001639"	"DOC"	"DOC_AGCK_PIF_2"	"PKN2_HUMAN"	"Q16513"	"Q16513 D3DT24 Q9H1W4"	"974"	"979"	"16219676 10764742 10698939"	"affinity chromatography technology; competition binding; glutathione s tranferase tag; mutation analysis; pull down; surface plasmon resonance; two hybrid; western blot"	"true positive"	""	"Homo sapiens"
"ELMI001642"	"DOC"	"DOC_AGCK_PIF_3"	"KAPA_YEAST"	"P06244"	"P06244 D6VW23 P11595 Q2VQW1"	"394"	"397"	"21531713"	"glutathione s tranferase tag; mutation analysis; pull down"	"true positive"	""	"Saccharomyces cerevisiae S288c"
"ELMI001640"	"DOC"	"DOC_AGCK_PIF_3"	"KAPCA_HUMAN"	"P17612"	"P17612 Q32P54 Q9H2Y0 Q9NRB4 Q9NRH9"	"348"	"351"	"10698939"	"mutation analysis; two hybrid"	"true positive"	""	"Homo sapiens"
"ELMI001641"	"DOC"	"DOC_AGCK_PIF_3"	"KAPCA_MOUSE"	"P05132"	"P05132 Q9JID0"	"348"	"351"	"12372837 15299527"	"mutation analysis; protein kinase assay; x-ray crystallography"	"true positive"	"1ATP"	"Mus musculus"
"ELMI001644"	"DOC"	"DOC_AGCK_PIF_3"	"OXI1_ARATH"	"Q9LSF1"	"Q9LSF1 A1L4U5"	"418"	"421"	"14749726"	"coimmunoprecipitation; glutathione s tranferase tag; mutation analysis; pull down; two hybrid"	"true positive"	""	"Arabidopsis thaliana"
"ELMI001643"	"DOC"	"DOC_AGCK_PIF_3"	"Q5I6E9_SOLLC"	"Q5I6E9"	"Q5I6E9"	"697"	"700"	"16362044"	"coimmunoprecipitation; mutation analysis; two hybrid"	"true positive"	""	"Solanum lycopersicum"
"ELMI002044"	"DOC"	"DOC_ANK_TNKS_1"	"3BP2_HUMAN"	"P78314"	"P78314 A6NNC2 B2R5R6 D3DVR0 O00500 O15373 P78315"	"414"	"421"	"22153077"	"alanine scanning; coimmunoprecipitation; fluorescence polarization spectroscopy; glutathione s tranferase tag; pull down"	"true positive"	""	"Homo sapiens"
"ELMI002050"	"DOC"	"DOC_ANK_TNKS_1"	"A9UF02_HUMAN"	"A9UF02"	"A9UF02"	"115"	"122"	"22153077"	"coimmunoprecipitation; fluorescence polarization spectroscopy; mutation analysis"	"true positive"	""	"Homo sapiens"
"ELMI002058"	"DOC"	"DOC_ANK_TNKS_1"	"AXIN1_HUMAN"	"O15169"	"O15169 Q4TT26 Q4TT27 Q86YA7 Q8WVW6 Q96S28"	"21"	"28"	"22153077 19759537"	"alanine scanning; coimmunoprecipitation; fluorescence polarization spectroscopy; glutathione s tranferase tag; pull down"	"true positive"	""	"Homo sapiens"
"ELMI002051"	"DOC"	"DOC_ANK_TNKS_1"	"BABA1_HUMAN"	"Q9NWV8"	"Q9NWV8 A8MQT0 B4DRY9 B4DVR1 Q6FIA0 Q9P018"	"27"	"34"	"22153077"	"coimmunoprecipitation; fluorescence polarization spectroscopy; mutation analysis"	"true positive"	""	"Homo sapiens"
"ELMI002052"	"DOC"	"DOC_ANK_TNKS_1"	"BABA1_HUMAN"	"Q9NWV8"	"Q9NWV8 A8MQT0 B4DRY9 B4DVR1 Q6FIA0 Q9P018"	"47"	"54"	"22153077"	"coimmunoprecipitation; fluorescence polarization spectroscopy; mutation analysis"	"true positive"	""	"Homo sapiens"
"ELMI002059"	"DOC"	"DOC_ANK_TNKS_1"	"CASC3_HUMAN"	"O15234"	"O15234 A8K8R0"	"145"	"152"	"21478859"	"coimmunoprecipitation; mutation analysis"	"true positive"	""	"Homo sapiens"
"ELMI002045"	"DOC"	"DOC_ANK_TNKS_1"	"DISC1_HUMAN"	"Q9NRI5"	"Q9NRI5 C9J6D0 O75045 Q5VT44 Q5VT45 Q8IXJ0 Q8IXJ1 Q9BX19 Q9NRI3 Q9NRI4"	"222"	"229"	"22153077"	"coimmunoprecipitation; fluorescence polarization spectroscopy; mutation analysis"	"true positive"	""	"Homo sapiens"
"ELMI002047"	"DOC"	"DOC_ANK_TNKS_1"	"FAT4_HUMAN"	"Q6V0I7"	"Q6V0I7 A8K5Z6 B5MDG4 Q3LIA6 Q8TCK7 Q9H5T6"	"4571"	"4578"	"22153077"	"coimmunoprecipitation; fluorescence polarization spectroscopy; mutation analysis"	"true positive"	""	"Homo sapiens"
"ELMI002048"	"DOC"	"DOC_ANK_TNKS_1"	"FAT4_HUMAN"	"Q6V0I7"	"Q6V0I7 A8K5Z6 B5MDG4 Q3LIA6 Q8TCK7 Q9H5T6"	"4826"	"4833"	"22153077"	"coimmunoprecipitation; fluorescence polarization spectroscopy; mutation analysis"	"true positive"	""	"Homo sapiens"
"ELMI002056"	"DOC"	"DOC_ANK_TNKS_1"	"FNBP1_HUMAN"	"Q96RU3"	"Q96RU3 O60301 Q3MIN8 Q5TC87 Q5TC88 Q6P658 Q7LGG2 Q9H8H8 Q9NWD1"	"514"	"521"	"14596906 22153077"	"coimmunoprecipitation; mutation analysis; two hybrid; x-ray crystallography"	"true positive"	"3TWX"	"Homo sapiens"
"ELMI002055"	"DOC"	"DOC_ANK_TNKS_1"	"LCAP_HUMAN"	"Q9UIQ6"	"Q9UIQ6 O00769 Q15145 Q59H76 Q9TNQ2 Q9TNQ3 Q9UIQ7"	"95"	"102"	"22153077 12080061"	"alanine scanning; glutathione s tranferase tag; x-ray crystallography"	"true positive"	"3TWW"	"Homo sapiens"
"ELMI002057"	"DOC"	"DOC_ANK_TNKS_1"	"MCL1_HUMAN"	"Q07820"	"Q07820 B2R6B2 D3DV03 D3DV04 Q9HD91 Q9NRQ3 Q9NRQ4 Q9UHR7 Q9UHR8 Q9UHR9 Q9UNJ1"	"77"	"84"	"22153077"	"x-ray crystallography"	"true positive"	"3TWU"	"Homo sapiens"
"ELMI002054"	"DOC"	"DOC_ANK_TNKS_1"	"NUMA1_HUMAN"	"Q14980"	"Q14980 Q14981"	"1742"	"1749"	"22153077 12080061"	"affinity chromatography technology; x-ray crystallography"	"true positive"	"3TWV"	"Homo sapiens"
"ELMI002049"	"DOC"	"DOC_ANK_TNKS_1"	"RAD54_HUMAN"	"Q92698"	"Q92698 Q5TE31 Q6IUY3"	"690"	"697"	"22153077"	"coimmunoprecipitation; fluorescence polarization spectroscopy; mutation analysis"	"true positive"	""	"Homo sapiens"
"ELMI002046"	"DOC"	"DOC_ANK_TNKS_1"	"STRN_HUMAN"	"O43815"	"O43815 Q3KP65 Q53TQ8 Q9NP38"	"301"	"308"	"22153077"	"coimmunoprecipitation; fluorescence polarization spectroscopy; mutation analysis"	"true positive"	""	"Homo sapiens"
"ELMI002060"	"DOC"	"DOC_ANK_TNKS_1"	"TB182_HUMAN"	"Q9C0C2"	"Q9C0C2 A7E2F8 Q6PJ35 Q6ZV74"	"1507"	"1514"	"12080061"	"alanine scanning"	"true positive"	""	"Homo sapiens"
"ELMI002053"	"DOC"	"DOC_ANK_TNKS_1"	"TERF1_HUMAN"	"P54274"	"P54274 A7XP29 Q15553 Q8NHT6 Q93029"	"12"	"19"	"22153077 12080061"	"alanine scanning; glutathione s tranferase tag; x-ray crystallography"	"true positive"	"3TWS"	"Homo sapiens"
"ELMI004210"	"DOC"	"DOC_CDC14_PxL_1"	"ACE2_YEAST"	"P21192"	"P21192 D6VYC6"	"516"	"524"	"27826861"	"coimmunoprecipitation"	"unknown"	""	"Saccharomyces cerevisiae S288c"
"ELMI004211"	"DOC"	"DOC_CDC14_PxL_1"	"BOB1_YEAST"	"P38041"	"P38041 D6VPR9"	"378"	"386"	"28065597 30455435"	"affinity chromatography technology; phage display; western blot"	"true positive"	""	"Saccharomyces cerevisiae S288c"
"ELMI004208"	"DOC"	"DOC_CDC14_PxL_1"	"BUD3_YEAST"	"P25558"	"P25558 D6VQZ9 P25556 P25557 P87007"	"1208"	"1216"	"21127052 24319056"	"Identification by mass spectrometry; phosphatase assay; pull down; western blot"	"unknown"	""	"Saccharomyces cerevisiae S288c"
"ELMI003960"	"DOC"	"DOC_CDC14_PxL_1"	"CBK1_YEAST"	"P53894"	"P53894 D6W122"	"82"	"90"	"30455435"	"coimmunoprecipitation; microscale thermophoresis; mutation analysis; peptide array; phage display; phenotype-based detection assay; phosphatase assay; x-ray crystallography"	"true positive"	"6G84 6G85"	"Saccharomyces cerevisiae S288c"
"ELMI004214"	"DOC"	"DOC_CDC14_PxL_1"	"CDH1_YEAST"	"P53197"	"P53197 D6VUD5"	"75"	"83"	"25049391"	"phosphatase assay"	"unknown"	""	"Saccharomyces cerevisiae S288c"
"ELMI004213"	"DOC"	"DOC_CDC14_PxL_1"	"INN1_YEAST"	"P53901"	"P53901 D6W131 Q6Q5J6"	"158"	"166"	"22454527"	"colocalization; pull down; two hybrid"	"unknown"	""	"Saccharomyces cerevisiae S288c"
"ELMI003961"	"DOC"	"DOC_CDC14_PxL_1"	"KAR9_YEAST"	"P32526"	"P32526 D6W3A1 Q08982"	"504"	"512"	"21127052 30455435"	"Identification by mass spectrometry; microscale thermophoresis; mutation analysis; phage display; pull down; western blot"	"true positive"	""	"Saccharomyces cerevisiae S288c"
"ELMI003962"	"DOC"	"DOC_CDC14_PxL_1"	"SIC1_YEAST"	"P38634"	"P38634 D6VY79"	"52"	"60"	"30455435"	"microscale thermophoresis; mutation analysis; phage display; x-ray crystallography"	"true positive"	"6G86"	"Saccharomyces cerevisiae S288c"
"ELMI004209"	"DOC"	"DOC_CDC14_PxL_1"	"SLI15_YEAST"	"P38283"	"P38283 D6VQF1"	"668"	"676"	"21127052 16155292"	"Identification by mass spectrometry; pull down; western blot"	"unknown"	""	"Saccharomyces cerevisiae S288c"
"ELMI004212"	"DOC"	"DOC_CDC14_PxL_1"	"YP174_YEAST"	"Q06616"	"Q06616 D6W4H5"	"196"	"204"	"32553169"	"mutation analysis; protein phosphatase assay"	"true positive"	""	"Saccharomyces cerevisiae S288c"
"ELMI002617"	"DOC"	"DOC_CKS1_1"	"CDC6_YEAST"	"P09119"	"P09119 D6VVZ7"	"5"	"10"	"24186063"	"isothermal titration calorimetry; mutation analysis; peptide array; x-ray crystallography"	"true positive"	"4LPA"	"Saccharomyces cerevisiae"
"ELMI002618"	"DOC"	"DOC_CKS1_1"	"CDC6_YEAST"	"P09119"	"P09119 D6VVZ7"	"21"	"26"	"24186063"	"isothermal titration calorimetry; mutation analysis"	"true positive"	""	"Saccharomyces cerevisiae"
"ELMI002622"	"DOC"	"DOC_CKS1_1"	"SIC1_YEAST"	"P38634"	"P38634 D6VY79"	"3"	"8"	"24186061 24186063"	"isothermal titration calorimetry; mutation analysis; peptide array; protein kinase assay"	"true positive"	""	"Saccharomyces cerevisiae S288c"
"ELMI002623"	"DOC"	"DOC_CKS1_1"	"SIC1_YEAST"	"P38634"	"P38634 D6VY79"	"31"	"36"	"24186061"	"isothermal titration calorimetry; mutation analysis; protein kinase assay"	"true positive"	""	"Saccharomyces cerevisiae S288c"
"ELMI002624"	"DOC"	"DOC_CKS1_1"	"SIC1_YEAST"	"P38634"	"P38634 D6VY79"	"43"	"48"	"24186061"	"isothermal titration calorimetry; mutation analysis; protein kinase assay"	"true positive"	""	"Saccharomyces cerevisiae S288c"
"ELMI002619"	"DOC"	"DOC_CKS1_1"	"SWE1_YEAST"	"P32944"	"P32944 D6VW03"	"119"	"124"	"24186063"	"isothermal titration calorimetry"	"true positive"	""	"Saccharomyces cerevisiae S288c"
"ELMI002620"	"DOC"	"DOC_CKS1_1"	"SWE1_YEAST"	"P32944"	"P32944 D6VW03"	"194"	"199"	"24186063"	"isothermal titration calorimetry"	"true positive"	""	"Saccharomyces cerevisiae S288c"
"ELMI002621"	"DOC"	"DOC_CKS1_1"	"SWE1_YEAST"	"P32944"	"P32944 D6VW03"	"371"	"376"	"24186063"	"isothermal titration calorimetry"	"true positive"	""	"Saccharomyces cerevisiae S288c"
"ELMI003970"	"DOC"	"DOC_CYCLIN_D_Helix_1"	"RB_HUMAN"	"P06400"	"P06400 A8K5E3 P78499 Q5VW46 Q8IZL4"	"897"	"908"	"30982746"	"alanine scanning; circular dichroism; fusion protein; mutation analysis; mutation disrupting interaction; protein kinase assay; pull down"	"true positive"	""	"Homo sapiens"
"ELMI003971"	"DOC"	"DOC_CYCLIN_D_Helix_1"	"RBL1_HUMAN"	"P28749"	"P28749 A8K2W5 Q4VXA0 Q8N5K6 Q9H1L5 Q9H1M1"	"1054"	"1065"	"30982746"	"mutation analysis; mutation disrupting interaction; protein kinase assay"	"true positive"	""	"Homo sapiens"
"ELMI003972"	"DOC"	"DOC_CYCLIN_D_Helix_1"	"RBL2_HUMAN"	"Q08999"	"Q08999 Q15073 Q16084 Q92812"	"1125"	"1136"	"30982746"	"mutation analysis; mutation disrupting interaction; protein kinase assay"	"true positive"	""	"Homo sapiens"
"ELMI004790"	"DOC"	"DOC_CYCLIN_RevRxL_6"	"SKP2_HUMAN"	"Q13309"	"Q13309 A8K5E0 Q8TDZ0 Q8TDZ1 Q9BV69"	"78"	"89"	"33989513"	"affinity chromatography technology; chromatography technology; competition binding; deletion analysis; fluorescence polarization spectroscopy; glutathione s tranferase tag; inhibitor; isothermal titration calorimetry; mutation analysis; mutation disrupting interaction; pull down; x-ray crystallography"	"true positive"	"7LUO"	"Homo sapiens"
"ELMI003451"	"DOC"	"DOC_CYCLIN_RxL_1"	"A8T798_HCMV"	"A8T798"	"A8T798"	"415"	"427"	"24101496"	"mutation analysis; pull down"	"true positive"	""	"Human herpesvirus 5"
"ELMI000209"	"DOC"	"DOC_CYCLIN_RxL_1"	"AKA12_MOUSE"	"Q9WTQ5"	"Q9WTQ5 Q80SS4 Q810D4 Q8BPK4 Q99MP1"	"498"	"507"	"10982843"	"mutation analysis"	"true positive"	""	"Mus musculus"
"ELMI004249"	"DOC"	"DOC_CYCLIN_RxL_1"	"ANR17_HUMAN"	"O75179-6"	"O75179 E7EUV3 G5E964 Q6PJ85 Q6PK85 Q6PKA2 Q86XI3 Q8NDR5 Q96I86 Q9H288 Q9H6J9"	"1742"	"1750"	"19150984"	"coimmunoprecipitation; mutation analysis; pull down"	"true positive"	""	"Homo sapiens"
"ELMI000064"	"DOC"	"DOC_CYCLIN_RxL_1"	"CDC6_HUMAN"	"Q99741"	"Q99741 Q8TB30"	"91"	"99"	"16707497 9889196"	"pull down; x-ray crystallography"	"true positive"	"2CCH"	"Homo sapiens"
"ELMI003967"	"DOC"	"DOC_CYCLIN_RxL_1"	"CDC6_YEAST"	"P09119"	"P09119 D6VVZ7"	"11"	"19"	"15611618"	"alanine scanning; mutation analysis"	"true positive"	""	"Saccharomyces cerevisiae"
"ELMI000067"	"DOC"	"DOC_CYCLIN_RxL_1"	"CDN1A_HUMAN"	"P38936"	"P38936 Q14010 Q9BUT4"	"16"	"26"	"8637717 31831640 11438644"	"competition binding; mutation analysis; pull down; x-ray crystallography"	"true positive"	"6P8H"	"Homo sapiens"
"ELMI000069"	"DOC"	"DOC_CYCLIN_RxL_1"	"CDN1B_HUMAN"	"P46527"	"P46527 Q16307 Q5U0H2 Q9BUS6"	"27"	"37"	"31831640 9488039 7753174 12501191 8684460"	"isothermal titration calorimetry; mutation analysis; pull down; x-ray crystallography"	"true positive"	"1H27 1JSU 6P8E"	"Homo sapiens"
"ELMI000070"	"DOC"	"DOC_CYCLIN_RxL_1"	"CDN1C_HUMAN"	"P49918"	"P49918"	"28"	"38"	"10713702"	"mutation analysis"	"true positive"	""	"Homo sapiens"
"ELMI000073"	"DOC"	"DOC_CYCLIN_RxL_1"	"CENPR_HUMAN"	"Q13352"	"Q13352 B2R7D8 Q13353 Q5RJ42 Q5RJ44 Q5RJ45 Q7KYX2 Q96CD5 Q9UKB6"	"2"	"10"	"10673397"	"pull down"	"true positive"	""	"Homo sapiens"
"ELMI003459"	"DOC"	"DOC_CYCLIN_RxL_1"	"CENPR_HUMAN"	"Q13352-2"	"Q13352 B2R7D8 Q13353 Q5RJ42 Q5RJ44 Q5RJ45 Q7KYX2 Q96CD5 Q9UKB6"	"2"	"10"	"11810239"	"mutation analysis; pull down; two hybrid"	"true positive"	""	"Homo sapiens"
"ELMI003457"	"DOC"	"DOC_CYCLIN_RxL_1"	"CP110_HUMAN"	"O43303"	"O43303 B7WP23 O43335 Q68DV9 Q8NE13"	"583"	"593"	"20596027"	"alanine scanning; coimmunoprecipitation; mutation analysis"	"true positive"	""	"Homo sapiens"
"ELMI000062"	"DOC"	"DOC_CYCLIN_RxL_1"	"CUX1_HUMAN"	"P39880"	"P39880 Q6NYH4 Q75LE5 Q75MT2 Q75MT3 Q86UJ7 Q9UEV5"	"1298"	"1307"	"11584018"	"pull down"	"true positive"	""	"Homo sapiens"
"ELMI000075"	"DOC"	"DOC_CYCLIN_RxL_1"	"E2F1_HUMAN"	"Q01094"	"Q01094 Q13143 Q92768"	"87"	"97"	"9199321 12501191"	"isothermal titration calorimetry; pull down; x-ray crystallography"	"true positive"	"1H24"	"Homo sapiens"
"ELMI000076"	"DOC"	"DOC_CYCLIN_RxL_1"	"E2F2_HUMAN"	"Q14209"	"Q14209 B2R9W1 Q7Z6H1"	"84"	"92"	"9199321"	"sequence based prediction"	"true positive"	""	"Homo sapiens"
"ELMI000077"	"DOC"	"DOC_CYCLIN_RxL_1"	"E2F3_HUMAN"	"O00716"	"O00716 Q15000 Q9BZ44"	"131"	"141"	"9199321"	"sequence based prediction"	"true positive"	""	"Homo sapiens"
"ELMI003453"	"DOC"	"DOC_CYCLIN_RxL_1"	"FIN1_YEAST"	"Q03898"	"Q03898 D6VSB6"	"191"	"199"	"15744308"	"mutation analysis"	"true positive"	""	"Saccharomyces cerevisiae S288c"
"ELMI000065"	"DOC"	"DOC_CYCLIN_RxL_1"	"MPIP1_HUMAN"	"P30304"	"P30304 Q8IZH5 Q96IL3 Q9H2F2"	"9"	"18"	"9234691"	"mutation analysis"	"true positive"	""	"Homo sapiens"
"ELMI000066"	"DOC"	"DOC_CYCLIN_RxL_1"	"NPAT_HUMAN"	"Q14207"	"Q14207 A8K1V5 A8K6M2 Q13632 Q14967 Q16580 Q86W55 Q8IWE9"	"1059"	"1070"	"12724424 10995387"	"colocalization; sequence based prediction"	"true positive"	""	"Homo sapiens"
"ELMI000632"	"DOC"	"DOC_CYCLIN_RxL_1"	"ORC6_YEAST"	"P38826"	"P38826 D3DL68"	"175"	"186"	"15105375"	"two hybrid"	"true positive"	""	"Saccharomyces cerevisiae"
"ELMI000051"	"DOC"	"DOC_CYCLIN_RxL_1"	"P53_HUMAN"	"P04637"	"P04637 Q15086 Q15087 Q15088 Q16535 Q16807 Q16808 Q16809 Q16810 Q16811 Q16848 Q2XN98 Q3LRW1 Q3LRW2 Q3LRW3 Q3LRW4 Q3LRW5 Q86UG1 Q8J016 Q99659 Q9BTM4 Q9HAQ8 Q9NP68 Q9NPJ2 Q9NZD0 Q9UBI2 Q9UQ61"	"378"	"388"	"12501191 10884347"	"competition binding; isothermal titration calorimetry; mutation analysis; x-ray crystallography"	"true positive"	"1H26"	"Homo sapiens"
"ELMI000052"	"DOC"	"DOC_CYCLIN_RxL_1"	"RB_HUMAN"	"P06400"	"P06400 A8K5E3 P78499 Q5VW46 Q8IZL4"	"870"	"880"	"9891042 12501191"	"isothermal titration calorimetry; mutation analysis; x-ray crystallography"	"true positive"	"1H25"	"Homo sapiens"
"ELMI000053"	"DOC"	"DOC_CYCLIN_RxL_1"	"RBL1_HUMAN"	"P28749"	"P28749 A8K2W5 Q4VXA0 Q8N5K6 Q9H1L5 Q9H1M1"	"655"	"664"	"11884610 12501191"	"isothermal titration calorimetry; mutation analysis; x-ray crystallography"	"true positive"	"1H28"	"Homo sapiens"
"ELMI000060"	"DOC"	"DOC_CYCLIN_RxL_1"	"RBL2_HUMAN"	"Q08999"	"Q08999 Q15073 Q16084 Q92812"	"677"	"687"	"11884610"	"sequence based prediction"	"true positive"	""	"Homo sapiens"
"ELMI000074"	"DOC"	"DOC_CYCLIN_RxL_1"	"RUX_DROME"	"P50445"	"P50445 Q540W5 Q9W446"	"245"	"254"	"11027291"	"two hybrid"	"true positive"	""	"Drosophila melanogaster"
"ELMI003454"	"DOC"	"DOC_CYCLIN_RxL_1"	"SCAPE_HUMAN"	"Q9BY12"	"Q9BY12 F5H7X8 H3BNR7 Q3B7X7 Q96BS9 Q9H3D8 Q9NT03 Q9P274"	"196"	"207"	"17698606"	"coimmunoprecipitation; mutation analysis; western blot"	"true positive"	""	"Homo sapiens"
"ELMI003968"	"DOC"	"DOC_CYCLIN_RxL_1"	"SIC1_YEAST"	"P38634"	"P38634 D6VY79"	"86"	"96"	"21658602"	"alanine scanning"	"true positive"	""	"Saccharomyces cerevisiae S288c"
"ELMI003969"	"DOC"	"DOC_CYCLIN_RxL_1"	"SIC1_YEAST"	"P38634"	"P38634 D6VY79"	"111"	"119"	"21658602"	"alanine scanning"	"true positive"	""	"Saccharomyces cerevisiae S288c"
"ELMI003456"	"DOC"	"DOC_CYCLIN_RxL_1"	"SLBP_HUMAN"	"Q14493"	"Q14493 B3KRJ5"	"94"	"103"	"27773672"	"alanine scanning"	"true positive"	""	"Homo sapiens"
"ELMI003458"	"DOC"	"DOC_CYCLIN_RxL_1"	"TICRR_HUMAN"	"Q7Z2Z1"	"Q7Z2Z1 B2RE07 B3KVV9 D3IUT4 Q8N4X8 Q8NCH6 Q9BU55"	"911"	"920"	"21646402"	"sequence based prediction"	"true positive"	""	"Homo sapiens"
"ELMI001721"	"DOC"	"DOC_CYCLIN_RxL_1"	"VE1_HPV18"	"P06789"	"P06789 Q84181"	"124"	"134"	"9892642"	"glutathione s tranferase tag; mutation analysis; pull down; western blot"	"true positive"	""	"Human papillomavirus type 18"
"ELMI003455"	"DOC"	"DOC_CYCLIN_RxL_1"	"WEE1_HUMAN"	"P30291"	"P30291 B3KVE1 D3DQV0"	"177"	"187"	"19858290"	"mutation analysis; pull down"	"true positive"	""	"Homo sapiens"
"ELMI004198"	"DOC"	"DOC_CYCLIN_yClb1_LxF_4"	"BNI1_YEAST"	"P41832"	"P41832 D6W0S3 O13450"	"1947"	"1952"	"31101497"	"in-gel kinase assay; mutation analysis; phenotype-based detection assay"	"true positive"	""	"Saccharomyces cerevisiae S288c"
"ELMI004197"	"DOC"	"DOC_CYCLIN_yClb1_LxF_4"	"BUD3_YEAST"	"P25558"	"P25558 D6VQZ9 P25556 P25557 P87007"	"1630"	"1635"	"31101497"	"in-gel kinase assay; mutation analysis"	"true positive"	""	"Saccharomyces cerevisiae S288c"
"ELMI004194"	"DOC"	"DOC_CYCLIN_yClb1_LxF_4"	"CDC6_YEAST"	"P09119"	"P09119 D6VVZ7"	"44"	"49"	"31101497"	"in-gel kinase assay; inhibitor; mutation analysis; phenotype-based detection assay"	"true positive"	""	"Saccharomyces cerevisiae"
"ELMI004203"	"DOC"	"DOC_CYCLIN_yClb1_LxF_4"	"FIN1_YEAST"	"Q03898"	"Q03898 D6VSB6"	"118"	"123"	"31101497"	"sequence based prediction"	"true positive"	""	"Saccharomyces cerevisiae S288c"
"ELMI004207"	"DOC"	"DOC_CYCLIN_yClb1_LxF_4"	"FMT_YEAST"	"P32785"	"P32785 D6VPY7 Q6RUA6"	"9"	"14"	"31101497"	"sequence based prediction"	"true positive"	""	"Saccharomyces cerevisiae S288c"
"ELMI004200"	"DOC"	"DOC_CYCLIN_yClb1_LxF_4"	"LTE1_YEAST"	"P07866"	"P07866 D6VPJ4"	"594"	"599"	"31101497"	"sequence based prediction"	"true positive"	""	"Saccharomyces cerevisiae S288c"
"ELMI004204"	"DOC"	"DOC_CYCLIN_yClb1_LxF_4"	"MCM3_YEAST"	"P24279"	"P24279 D3DLL7"	"152"	"157"	"31101497"	"sequence based prediction"	"false positive"	""	"Saccharomyces cerevisiae S288c"
"ELMI004202"	"DOC"	"DOC_CYCLIN_yClb1_LxF_4"	"SPC42_YEAST"	"P36094"	"P36094 D6VXP4"	"226"	"231"	"31101497"	"sequence based prediction"	"true positive"	""	"Saccharomyces cerevisiae S288c"
"ELMI004195"	"DOC"	"DOC_CYCLIN_yClb1_LxF_4"	"SPO12_YEAST"	"P17123"	"P17123 D3DLA1"	"147"	"152"	"31101497"	"in-gel kinase assay; mutation analysis; western blot"	"true positive"	""	"Saccharomyces cerevisiae S288c"
"ELMI004196"	"DOC"	"DOC_CYCLIN_yClb1_LxF_4"	"SWE1_YEAST"	"P32944"	"P32944 D6VW03"	"47"	"52"	"31101497"	"in-gel kinase assay; mutation analysis; phenotype-based detection assay"	"true positive"	""	"Saccharomyces cerevisiae S288c"
"ELMI004206"	"DOC"	"DOC_CYCLIN_yClb1_LxF_4"	"TAF4_YEAST"	"P50105"	"P50105 D6VZI0"	"181"	"187"	"31101497"	"sequence based prediction"	"true positive"	""	"Saccharomyces cerevisiae S288c"
"ELMI004201"	"DOC"	"DOC_CYCLIN_yClb1_LxF_4"	"TUS1_YEAST"	"Q06412"	"Q06412 D6VZ61"	"136"	"141"	"31101497"	"sequence based prediction"	"true positive"	""	"Saccharomyces cerevisiae S288c"
"ELMI004199"	"DOC"	"DOC_CYCLIN_yClb1_LxF_4"	"YHP1_YEAST"	"Q04116"	"Q04116 D6VT76"	"330"	"335"	"31101497"	"sequence based prediction"	"true positive"	""	"Saccharomyces cerevisiae S288c"
"ELMI004247"	"DOC"	"DOC_CYCLIN_yClb3_PxF_3"	"BOB1_YEAST"	"P38041"	"P38041 D6VPR9"	"410"	"418"	"32553169"	"mutation analysis; protein kinase assay"	"true positive"	""	"Saccharomyces cerevisiae S288c"
"ELMI004248"	"DOC"	"DOC_CYCLIN_yClb3_PxF_3"	"SEN1_YEAST"	"Q00416"	"Q00416 D6VZ65 E9P9Z4 Q06448"	"1034"	"1042"	"32553169"	"mutation analysis; protein kinase assay"	"true positive"	""	"Saccharomyces cerevisiae S288c"
"ELMI004246"	"DOC"	"DOC_CYCLIN_yClb3_PxF_3"	"TGL5_YEAST"	"Q12043"	"Q12043 D6W2E4 Q7LH13"	"665"	"673"	"32553169"	"mutation analysis; protein kinase assay"	"true positive"	""	"Saccharomyces cerevisiae S288c"
"ELMI004245"	"DOC"	"DOC_CYCLIN_yClb3_PxF_3"	"YP174_YEAST"	"Q06616"	"Q06616 D6W4H5"	"190"	"198"	"32553169"	"alanine scanning; fusion protein; mutation analysis; protein kinase assay"	"true positive"	""	"Saccharomyces cerevisiae S288c"
"ELMI004011"	"DOC"	"DOC_CYCLIN_yClb5_NLxxxL_5"	"FAR1_YEAST"	"P21268"	"P21268 D6VW30"	"127"	"135"	"33210757"	"alanine scanning; competition binding; protein kinase assay; pull down"	"true positive"	""	"Saccharomyces cerevisiae S288c"
"ELMI004014"	"DOC"	"DOC_CYCLIN_yClb5_NLxxxL_5"	"FIN1_YEAST"	"Q03898"	"Q03898 D6VSB6"	"191"	"200"	"32553169 33210757"	"mutation disrupting interaction; protein kinase assay"	"true positive"	""	"Saccharomyces cerevisiae S288c"
"ELMI004012"	"DOC"	"DOC_CYCLIN_yClb5_NLxxxL_5"	"LIF1_YEAST"	"P53150"	"P53150 D6VU55 E9P953"	"273"	"282"	"33210757"	"mutation disrupting interaction; protein kinase assay"	"true positive"	""	"Saccharomyces cerevisiae S288c"
"ELMI004013"	"DOC"	"DOC_CYCLIN_yClb5_NLxxxL_5"	"SLX4_YEAST"	"Q12098"	"Q12098 D6VYD0"	"519"	"525"	"33210757"	"mutation disrupting interaction; protein kinase assay"	"true positive"	""	"Saccharomyces cerevisiae S288c"
"ELMI004015"	"DOC"	"DOC_CYCLIN_yClb5_NLxxxL_5"	"SP110_YEAST"	"P32380"	"P32380 D6VSY5"	"103"	"109"	"32553169"	"mutation disrupting interaction; protein kinase assay"	"true positive"	""	"Saccharomyces cerevisiae S288c"
"ELMI004133"	"DOC"	"DOC_CYCLIN_yCln2_LP_2"	"ACE2_YEAST"	"P21192"	"P21192 D6VYC6"	"400"	"406"	"32976810"	"mutation analysis; phenotype-based detection assay"	"true positive"	""	"Saccharomyces cerevisiae S288c"
"ELMI004134"	"DOC"	"DOC_CYCLIN_yCln2_LP_2"	"BNI1_YEAST"	"P41832"	"P41832 D6W0S3 O13450"	"897"	"903"	"32976810"	"mutation analysis; phenotype-based detection assay"	"true positive"	""	"Saccharomyces cerevisiae S288c"
"ELMI004140"	"DOC"	"DOC_CYCLIN_yCln2_LP_2"	"BOI2_YEAST"	"P39969"	"P39969 D3DM20"	"353"	"356"	"32976810"	"mutation analysis; phenotype-based detection assay"	"true positive"	""	"Saccharomyces cerevisiae S288c"
"ELMI004129"	"DOC"	"DOC_CYCLIN_yCln2_LP_2"	"EXO84_YEAST"	"P38261"	"P38261 D6VQA1"	"294"	"297"	"32976810 21945277"	"in-gel kinase assay; mutation analysis; phenotype-based detection assay"	"true positive"	""	"Saccharomyces cerevisiae S288c"
"ELMI004132"	"DOC"	"DOC_CYCLIN_yCln2_LP_2"	"FIN1_YEAST"	"Q03898"	"Q03898 D6VSB6"	"47"	"53"	"32976810"	"mutation analysis; phenotype-based detection assay"	"true positive"	""	"Saccharomyces cerevisiae S288c"
"ELMI004137"	"DOC"	"DOC_CYCLIN_yCln2_LP_2"	"HPH1_YEAST"	"Q99332"	"Q99332 D6W322"	"18"	"21"	"32976810"	"mutation analysis; phenotype-based detection assay"	"true positive"	""	"Saccharomyces cerevisiae"
"ELMI004135"	"DOC"	"DOC_CYCLIN_yCln2_LP_2"	"IRC8_YEAST"	"P47046"	"P47046 D6VWD2"	"478"	"481"	"32976810"	"mutation analysis; phenotype-based detection assay"	"true positive"	""	"Saccharomyces cerevisiae S288c"
"ELMI004141"	"DOC"	"DOC_CYCLIN_yCln2_LP_2"	"KIN2_YEAST"	"P13186"	"P13186 D6VY96 Q12384"	"59"	"62"	"32976810"	"mutation analysis; phenotype-based detection assay"	"true positive"	""	"Saccharomyces cerevisiae S288c"
"ELMI004131"	"DOC"	"DOC_CYCLIN_yCln2_LP_2"	"LAM5_YEAST"	"P43560"	"P43560 D6VTI7 P43559"	"23"	"29"	"32976810"	"functional association; mutation analysis; phenotype-based detection assay"	"true positive"	""	"Saccharomyces cerevisiae S288c"
"ELMI004130"	"DOC"	"DOC_CYCLIN_yCln2_LP_2"	"PEA2_YEAST"	"P40091"	"P40091 D3DM56 Q70DC9 Q70DD1 Q70DD2 Q70DD3 Q70DD4 Q70DD6 Q70DD7 Q70DD8"	"199"	"205"	"21945277"	"in-gel kinase assay; phenotype-based detection assay"	"true positive"	""	"Saccharomyces cerevisiae S288c"
"ELMI004139"	"DOC"	"DOC_CYCLIN_yCln2_LP_2"	"RGA1_YEAST"	"P39083"	"P39083 D6W2I5 P39934"	"329"	"335"	"32976810"	"mutation analysis; phenotype-based detection assay"	"true positive"	""	"Saccharomyces cerevisiae S288c"
"ELMI004126"	"DOC"	"DOC_CYCLIN_yCln2_LP_2"	"SECU_YEAST"	"P40316"	"P40316 D6VS98"	"40"	"46"	"21658602"	"competition binding; in-gel kinase assay"	"true positive"	""	"Saccharomyces cerevisiae S288c"
"ELMI004124"	"DOC"	"DOC_CYCLIN_yCln2_LP_2"	"SIC1_YEAST"	"P38634"	"P38634 D6VY79"	"137"	"140"	"21658602 32976810 21945277"	"alanine scanning; functional association; in-gel kinase assay; mutation analysis; phenotype-based detection assay; protein kinase assay; western blot"	"true positive"	""	"Saccharomyces cerevisiae S288c"
"ELMI004136"	"DOC"	"DOC_CYCLIN_yCln2_LP_2"	"SLI15_YEAST"	"P38283"	"P38283 D6VQF1"	"513"	"516"	"32976810"	"mutation analysis; phenotype-based detection assay"	"true positive"	""	"Saccharomyces cerevisiae S288c"
"ELMI004128"	"DOC"	"DOC_CYCLIN_yCln2_LP_2"	"STE20_YEAST"	"Q03497"	"Q03497 D3DKQ8"	"88"	"94"	"32976810 21945277"	"functional association; mutation analysis; phenotype-based detection assay"	"true positive"	""	"Saccharomyces cerevisiae S288c"
"ELMI004127"	"DOC"	"DOC_CYCLIN_yCln2_LP_2"	"STE5_YEAST"	"P32917"	"P32917 D6VS89"	"278"	"281"	"32976810 21945277"	"alanine scanning; functional association; in-gel kinase assay; mutation analysis; phenotype-based detection assay"	"true positive"	""	"Saccharomyces cerevisiae S288c"
"ELMI004125"	"DOC"	"DOC_CYCLIN_yCln2_LP_2"	"WHI5_YEAST"	"Q12416"	"Q12416 D6W2E5"	"138"	"141"	"21658602 32976810 21945277"	"competition binding; functional association; in-gel kinase assay; mutation analysis; phenotype-based detection assay"	"true positive"	""	"Saccharomyces cerevisiae S288c"
"ELMI004138"	"DOC"	"DOC_CYCLIN_yCln2_LP_2"	"YEY8_YEAST"	"P40095"	"P40095 D3DM65"	"318"	"324"	"32976810"	"mutation analysis; phenotype-based detection assay"	"true positive"	""	"Saccharomyces cerevisiae S288c"
"ELMI002879"	"DOC"	"DOC_GSK3_Axin_1"	"AXIN1_CHICK"	"O42400"	"O42400"	"383"	"399"	"10490650"	"sequence based prediction"	"true positive"	""	"Gallus gallus"
"ELMI002881"	"DOC"	"DOC_GSK3_Axin_1"	"AXIN1_DANRE"	"P57094"	"P57094 Q499B7"	"386"	"402"	"11390362"	"sequence based prediction"	"true positive"	""	"Danio rerio"
"ELMI002876"	"DOC"	"DOC_GSK3_Axin_1"	"AXIN1_HUMAN"	"O15169"	"O15169 Q4TT26 Q4TT27 Q86YA7 Q8WVW6 Q96S28"	"383"	"399"	"20043192 12554650"	"beta galactosidase complementation; mutation analysis; pull down; x-ray crystallography"	"true positive"	"1O9U"	"Homo sapiens"
"ELMI002878"	"DOC"	"DOC_GSK3_Axin_1"	"AXIN1_MOUSE"	"O35625"	"O35625"	"383"	"399"	"10490650"	"sequence based prediction"	"true positive"	""	"Mus musculus"
"ELMI002880"	"DOC"	"DOC_GSK3_Axin_1"	"AXIN1_RAT"	"O70239"	"O70239"	"383"	"399"	"9482734"	"sequence based prediction"	"true positive"	""	"Rattus norvegicus"
"ELMI002877"	"DOC"	"DOC_GSK3_Axin_1"	"AXIN1_XENLA"	"Q9YGY0"	"Q9YGY0"	"383"	"399"	"10490650"	"coimmunoprecipitation; mutation analysis; two hybrid"	"true positive"	""	"Xenopus laevis"
"ELMI003300"	"DOC"	"DOC_MAPK_DCC_7"	"CAC1G_HUMAN"	"O43497"	"O43497 D6RA64 E7EPR0 O43498 O94770 Q19QY8 Q19QY9 Q19QZ0 Q19QZ1 Q19QZ2 Q19QZ3 Q19QZ4 Q19QZ5 Q19QZ6 Q19QZ7 Q19QZ8 Q19QZ9 Q19R00 Q19R01 Q19R02 Q19R03 Q19R04 Q19R05 Q19R06 Q19R07 Q19R08 Q19R09 Q19R10 Q19R11 Q19R12 Q19R13 Q19R15 Q19R16 Q19R17 Q19R18 Q2TAC4 Q9NYU4 Q9NYU5 Q9NYU6 Q9NYU7 Q9NYU8 Q9NYU9 Q9NYV0 Q9NYV1 Q9UHN9 Q9UHP0 Q9ULU6 Q9UNG7 Q9Y5T2 Q9Y5T3"	"1033"	"1041"	"26538579"	"filter binding"	"true positive"	""	"Homo sapiens"
"ELMI003309"	"DOC"	"DOC_MAPK_DCC_7"	"CBLB_HUMAN"	"Q13191"	"Q13191 A8K9S7 B7WNM4 Q13192 Q13193 Q3LIC0 Q63Z43 Q8IVC5"	"491"	"499"	"26538579"	"filter binding"	"true positive"	""	"Homo sapiens"
"ELMI003304"	"DOC"	"DOC_MAPK_DCC_7"	"D2KU33_NICBE"	"D2KU33"	"D2KU33"	"52"	"61"	"21386030"	"bimolecular fluorescence complementation; glutathione s tranferase tag; mutation analysis; pull down; two hybrid"	"true positive"	""	"Nicotiana benthamiana"
"ELMI003302"	"DOC"	"DOC_MAPK_DCC_7"	"DCC_HUMAN"	"P43146"	"P43146"	"1146"	"1155"	"26538579"	"filter binding"	"true positive"	""	"Homo sapiens"
"ELMI003301"	"DOC"	"DOC_MAPK_DCC_7"	"DCC_RAT"	"Q63155"	"Q63155"	"1146"	"1155"	"21070949"	"isothermal titration calorimetry; molecular sieving; mutation analysis; pull down; x-ray crystallography"	"true positive"	"3O71"	"Rattus norvegicus"
"ELMI003305"	"DOC"	"DOC_MAPK_DCC_7"	"DIG1_YEAST"	"Q03063"	"Q03063 D6W3W5"	"98"	"107"	"14734536"	"mutation analysis; peptide array; two hybrid"	"true positive"	""	"Saccharomyces cerevisiae"
"ELMI003303"	"DOC"	"DOC_MAPK_DCC_7"	"DIG2_YEAST"	"Q03373"	"Q03373 D6VTA3"	"102"	"110"	"14734536"	"mutation analysis; peptide array; protein kinase assay; two hybrid"	"true positive"	""	"Saccharomyces cerevisiae"
"ELMI003307"	"DOC"	"DOC_MAPK_DCC_7"	"EMSA1_HUMAN"	"Q6PJG2"	"Q6PJG2 Q6PK13 Q6PK59 Q6ZS23"	"603"	"611"	"26538579"	"filter binding"	"true positive"	""	"Homo sapiens"
"ELMI003310"	"DOC"	"DOC_MAPK_DCC_7"	"FAR1_YEAST"	"P21268"	"P21268 D6VW30"	"73"	"82"	"16364919"	"fluorescence polarization spectroscopy; glutathione s tranferase tag; mutation analysis; pull down; x-ray crystallography"	"true positive"	"2B9J"	"Saccharomyces cerevisiae S288c"
"ELMI003306"	"DOC"	"DOC_MAPK_DCC_7"	"GAB1_HUMAN"	"Q13480"	"Q13480 A8K152 Q4W5G2 Q6P1W2"	"527"	"536"	"26538579"	"filter binding"	"true positive"	""	"Homo sapiens"
"ELMI003308"	"DOC"	"DOC_MAPK_DCC_7"	"TREF1_HUMAN"	"Q96PN7"	"Q96PN7 Q05GC6 Q7Z6T2 Q7Z6T3 Q9NQ72 Q9NQ73 Q9NUN9"	"655"	"663"	"26538579"	"filter binding"	"true positive"	""	"Homo sapiens"
"ELMI003051"	"DOC"	"DOC_MAPK_FxFP_2"	"DIG1_YEAST"	"Q03063"	"Q03063 D6W3W5"	"412"	"415"	"14734536"	"mutation analysis; peptide array; two hybrid"	"true positive"	""	"Saccharomyces cerevisiae"
"ELMI001031"	"DOC"	"DOC_MAPK_FxFP_2"	"DUS1_HUMAN"	"P28562"	"P28562 D3DQL9 Q2V508"	"339"	"342"	"16286470 9925641"	"alanine scanning; glutathione s tranferase tag; mutation analysis; pull down; western blot"	"true positive"	""	"Homo sapiens"
"ELMI001027"	"DOC"	"DOC_MAPK_FxFP_2"	"ELK1_HUMAN"	"P19419"	"P19419 B2R7H4 O75606 O95058 Q969X8 Q9UJM4"	"395"	"398"	"11371562 9925641"	"alanine scanning; mutation analysis"	"true positive"	""	"Homo sapiens"
"ELMI001028"	"DOC"	"DOC_MAPK_FxFP_2"	"ELK4_HUMAN"	"P28324"	"P28324 P28323 Q6GSJ2"	"398"	"401"	"11029469"	"competition binding; deletion analysis; mutation analysis"	"true positive"	""	"Homo sapiens"
"ELMI003052"	"DOC"	"DOC_MAPK_FxFP_2"	"ERG_HUMAN"	"P11308-3"	"P11308 B4DTW5 B4E0T4 Q16113 Q6XXX4 Q6XXX5 Q8IXK9"	"236"	"239"	"25885538"	"mutation analysis; protein kinase assay; protein kinase assay"	"true positive"	""	"Homo sapiens"
"ELMI003048"	"DOC"	"DOC_MAPK_FxFP_2"	"FOS_HUMAN"	"P01100"	"P01100 P18849"	"343"	"346"	"12134156 21098038"	"alanine scanning; competition binding; mutation analysis; surface plasmon resonance"	"true positive"	""	"Homo sapiens"
"ELMI003049"	"DOC"	"DOC_MAPK_FxFP_2"	"FOSL1_MOUSE"	"P48755"	"P48755 O35285"	"237"	"240"	"14673150"	"alanine scanning; electrophoretic mobility shift assay"	"true positive"	""	"Mus musculus"
"ELMI003050"	"DOC"	"DOC_MAPK_FxFP_2"	"FOSL2_MOUSE"	"P47930"	"P47930 Q3UKX7 Q8C231"	"282"	"285"	"14673150"	"alanine scanning; electrophoretic mobility shift assay"	"true positive"	""	"Mus musculus"
"ELMI003046"	"DOC"	"DOC_MAPK_FxFP_2"	"G5EDL0_CAEEL"	"G5EDL0"	"G5EDL0"	"381"	"384"	"9925641"	"alanine scanning"	"true positive"	""	"Caenorhabditis elegans"
"ELMI001029"	"DOC"	"DOC_MAPK_FxFP_2"	"G5EDL0_CAEEL"	"G5EDL0"	"G5EDL0"	"420"	"423"	"9925641"	"mutation analysis; protein kinase assay"	"true positive"	""	"Caenorhabditis elegans"
"ELMI001030"	"DOC"	"DOC_MAPK_FxFP_2"	"G5EFD2_CAEEL"	"G5EFD2"	"G5EFD2"	"309"	"312"	"11371562 9925641"	"alanine scanning; deletion analysis; mutation analysis"	"true positive"	""	"Caenorhabditis elegans"
"ELMI003047"	"DOC"	"DOC_MAPK_FxFP_2"	"KSR1_MOUSE"	"Q61097"	"Q61097 Q61648 Q78DX8"	"471"	"474"	"9925641"	"alanine scanning; western blot"	"true positive"	""	"Mus musculus"
"ELMI003053"	"DOC"	"DOC_MAPK_FxFP_2"	"RHG31_MOUSE"	"A6X8Z5"	"A6X8Z5 Q3TL91 Q3U1T7 Q3UDE7 Q3UUH4 Q6ZPW0 Q9WV94"	"677"	"680"	"16024771"	"alanine scanning"	"true positive"	""	"Mus musculus"
"ELMI001026"	"DOC"	"DOC_MAPK_FxFP_2"	"RS3_HUMAN"	"P23396"	"P23396 B2R7N5 Q498B5 Q8NI95"	"77"	"80"	"15950189 14976550"	"coimmunoprecipitation; mutation analysis; x-ray crystallography"	"false positive"	"1S1H"	"Homo sapiens"
"ELMI001032"	"DOC"	"DOC_MAPK_FxFP_2"	"VINEX_MOUSE"	"Q9R1Z8"	"Q9R1Z8 Q62423"	"630"	"633"	"15184391"	"alanine scanning; coimmunoprecipitation; mutation analysis; western blot"	"true positive"	""	"Mus musculus"
"ELMI001025"	"DOC"	"DOC_MAPK_gen_1"	"DAPK1_HUMAN"	"P53355"	"P53355 B7ZLD2 Q14CQ7 Q1W5W0 Q68CP8 Q9BTL8"	"1385"	"1393"	"15616583"	"mutation analysis"	"false positive"	""	"Homo sapiens"
"ELMI001043"	"DOC"	"DOC_MAPK_gen_1"	"DIG1_YEAST"	"Q03063"	"Q03063 D6W3W5"	"97"	"107"	""	"mutation analysis"	"true positive"	""	"Saccharomyces cerevisiae"
"ELMI001044"	"DOC"	"DOC_MAPK_gen_1"	"DIG2_YEAST"	"Q03373"	"Q03373 D6VTA3"	"100"	"110"	"14734536"	"mutation analysis"	"true positive"	""	"Saccharomyces cerevisiae"
"ELMI001395"	"DOC"	"DOC_MAPK_gen_1"	"DUS1_HUMAN"	"P28562"	"P28562 D3DQL9 Q2V508"	"54"	"62"	"11953434 11278799"	"mutation analysis"	"true positive"	""	"Homo sapiens"
"ELMI001396"	"DOC"	"DOC_MAPK_gen_1"	"DUS6_HUMAN"	"Q16828"	"Q16828 O75109 Q53Y75 Q9BSH6"	"64"	"73"	"10811804 16567630 17046812"	"mass spectrometry study of hydrogen/deuterium exchange; mutation analysis; x-ray crystallography"	"true positive"	""	"Homo sapiens"
"ELMI001018"	"DOC"	"DOC_MAPK_gen_1"	"ELK1_HUMAN"	"P19419"	"P19419 B2R7H4 O75606 O95058 Q969X8 Q9UJM4"	"312"	"321"	"9925641"	"mutation analysis"	"true positive"	""	"Homo sapiens"
"ELMI001021"	"DOC"	"DOC_MAPK_gen_1"	"ELK3_MOUSE"	"P41971"	"P41971 P97747 Q62346 Q8BWH1"	"292"	"301"	"9925641"	"mutation analysis"	"true positive"	""	"Mus musculus"
"ELMI001019"	"DOC"	"DOC_MAPK_gen_1"	"ELK4_HUMAN"	"P28324"	"P28324 P28323 Q6GSJ2"	"318"	"327"	"11786537 9925641"	"mutation analysis"	"true positive"	""	"Homo sapiens"
"ELMI001020"	"DOC"	"DOC_MAPK_gen_1"	"JUN_HUMAN"	"P05412"	"P05412 Q96G93"	"32"	"42"	"8945519 9925641"	"mutation analysis"	"true positive"	""	"Homo sapiens"
"ELMI001024"	"DOC"	"DOC_MAPK_gen_1"	"MEF2A_HUMAN"	"Q02078"	"Q02078 O43814 Q14223 Q14224 Q96D14"	"269"	"277"	"15132737 10330143"	"mutation analysis"	"true positive"	""	"Homo sapiens"
"ELMI001022"	"DOC"	"DOC_MAPK_gen_1"	"MP2K1_HUMAN"	"Q02750"	"Q02750"	"3"	"11"	"11134045 11104681 9925641"	"mutation analysis; pull down"	"true positive"	""	"Homo sapiens"
"ELMI001023"	"DOC"	"DOC_MAPK_gen_1"	"MP2K4_HUMAN"	"P45985"	"P45985 B2R7N7 B3KYB2 D3DTS5 Q5U0B8 Q6FHX4 Q6P9H2 Q6PIE6"	"40"	"48"	"9925641"	"mutation analysis"	"true positive"	""	"Homo sapiens"
"ELMI001042"	"DOC"	"DOC_MAPK_gen_1"	"MSG5_YEAST"	"P38590"	"P38590 D6W1C6"	"29"	"38"	"16364919"	"fluorescence polarization spectroscopy; glutathione s tranferase tag; pull down; x-ray crystallography"	"true positive"	""	"Saccharomyces cerevisiae"
"ELMI001040"	"DOC"	"DOC_MAPK_gen_1"	"STE7_YEAST"	"P06784"	"P06784 D6VRJ2"	"9"	"19"	"16364919"	"fluorescence polarization spectroscopy; glutathione s tranferase tag; pull down; x-ray crystallography"	"true positive"	""	"Saccharomyces cerevisiae"
"ELMI001041"	"DOC"	"DOC_MAPK_gen_1"	"STE7_YEAST"	"P06784"	"P06784 D6VRJ2"	"62"	"71"	"16364919"	"fluorescence polarization spectroscopy; glutathione s tranferase tag; pull down; x-ray crystallography"	"true positive"	""	"Saccharomyces cerevisiae"
"ELMI003583"	"DOC"	"DOC_MAPK_GRA24_9"	"S7WIN8_TOXGG"	"S7WIN8"	"S7WIN8"	"441"	"455"	"27889209 24043761"	"anti bait coimmunoprecipitation; atomic force microscopy; electron microscopy; isothermal titration calorimetry; protein kinase assay; x ray scattering; x-ray crystallography"	"true positive"	"5ETA"	"Toxoplasma gondii GT1"
"ELMI003584"	"DOC"	"DOC_MAPK_GRA24_9"	"S7WIN8_TOXGG"	"S7WIN8"	"S7WIN8"	"520"	"534"	"27889209 24043761"	"anti bait coimmunoprecipitation; atomic force microscopy; electron microscopy; protein kinase assay; x ray scattering"	"true positive"	""	"Toxoplasma gondii GT1"
"ELMI003314"	"DOC"	"DOC_MAPK_HePTP_8"	"MSG5_YEAST"	"P38590"	"P38590 D6W1C6"	"26"	"38"	"16364919"	"fluorescence polarization spectroscopy; glutathione s tranferase tag; pull down; x-ray crystallography"	"true positive"	"2B9I"	"Saccharomyces cerevisiae"
"ELMI003320"	"DOC"	"DOC_MAPK_HePTP_8"	"PBS2_YEAST"	"P08018"	"P08018 D6VW57"	"217"	"234"	"18212044"	"mutation analysis"	"unknown"	""	"Saccharomyces cerevisiae S288c"
"ELMI003316"	"DOC"	"DOC_MAPK_HePTP_8"	"PTN5_HUMAN"	"P54829"	"P54829 B3KXG7 B7Z386 B7ZAF5 D3DQY7 Q6P1Z2 Q8N2A1 Q8NDP8"	"239"	"251"	"9857190 23932588"	"isothermal titration calorimetry; mutation analysis; nuclear magnetic resonance; protein kinase assay; x ray scattering"	"true positive"	""	"Homo sapiens"
"ELMI003319"	"DOC"	"DOC_MAPK_HePTP_8"	"PTN7_HUMAN"	"P35236"	"P35236 B3KXE1 Q53XK4 Q5SXQ0 Q5SXQ1 Q9BV05"	"38"	"50"	"22057126 10702794 16765894"	"coimmunoprecipitation; isothermal titration calorimetry; mutation analysis; x ray scattering; x-ray crystallography"	"true positive"	"2GPH"	"Homo sapiens"
"ELMI003317"	"DOC"	"DOC_MAPK_HePTP_8"	"PTPRR_HUMAN"	"Q15256"	"Q15256 B2R5Z7 B7Z3J1 F5GXR7 O00342 Q92682 Q9UE65"	"333"	"345"	"23932588"	"isothermal titration calorimetry; nuclear magnetic resonance; x ray scattering"	"true positive"	""	"Homo sapiens"
"ELMI003315"	"DOC"	"DOC_MAPK_HePTP_8"	"PTPRR_MOUSE"	"Q62132"	"Q62132 Q64491 Q64492 Q9QUH9"	"332"	"344"	"9857190"	"mutation analysis; protein kinase assay; protein kinase assay"	"true positive"	""	"Mus musculus"
"ELMI003311"	"DOC"	"DOC_MAPK_HePTP_8"	"RHDF1_HUMAN"	"Q96CC6"	"Q96CC6 Q04842 Q1W6H2 Q4TT59 Q96S34 Q9H6E1"	"12"	"24"	"26538579"	"bimolecular fluorescence complementation; filter binding; fluorescence polarization spectroscopy"	"true positive"	""	"Homo sapiens"
"ELMI003312"	"DOC"	"DOC_MAPK_HePTP_8"	"RHDF2_HUMAN"	"Q6PJF5"	"Q6PJF5 A6NEM3 A8K801 Q5U607 Q5YGQ8 Q9H6E9"	"19"	"31"	"26538579"	"filter binding"	"true positive"	""	"Homo sapiens"
"ELMI003313"	"DOC"	"DOC_MAPK_HePTP_8"	"STE7_YEAST"	"P06784"	"P06784 D6VRJ2"	"7"	"19"	"11134045 16364919"	"coimmunoprecipitation; comigration in sds page; cosedimentation; fluorescence polarization spectroscopy; glutathione s tranferase tag; mutation analysis; pull down; western blot; x-ray crystallography"	"true positive"	"2B9H"	"Saccharomyces cerevisiae"
"ELMI003318"	"DOC"	"DOC_MAPK_HePTP_8"	"ZEP1_HUMAN"	"P15822"	"P15822 B2RTU3 Q14122 Q5MPB1 Q5VW60"	"1422"	"1437"	"26538579"	"filter binding"	"true positive"	""	"Homo sapiens"
"ELMI003061"	"DOC"	"DOC_MAPK_JIP1_4"	"3BP5_HUMAN"	"O60239"	"O60239 B3KQW6 Q5JWV9"	"343"	"349"	"23142346 12167088"	"deletion analysis; fluorescent resonance energy transfer; glutathione s tranferase tag; isothermal titration calorimetry; mutation analysis; pull down; two hybrid; x-ray crystallography"	"true positive"	"4H3B"	"Homo sapiens"
"ELMI003073"	"DOC"	"DOC_MAPK_JIP1_4"	"APBA2_HUMAN"	"Q99767"	"Q99767 E9PGI4 O60571 Q5XKC0"	"280"	"286"	"26538579"	"bimolecular fluorescence complementation; fluorescence polarization spectroscopy; protein array"	"true positive"	""	"Homo sapiens"
"ELMI003063"	"DOC"	"DOC_MAPK_JIP1_4"	"APC2_HUMAN"	"O95996"	"O95996 Q05BW4 Q9UBZ1 Q9UEM8 Q9UQJ8 Q9UQJ9 Q9Y632"	"963"	"969"	"26538579"	"protein array"	"true positive"	""	"Homo sapiens"
"ELMI003089"	"DOC"	"DOC_MAPK_JIP1_4"	"ATF2_HUMAN"	"P15336"	"P15336 A1L3Z2 A4D7U4 A4D7U5 A4D7V1 D3DPE9 G8JLM5 Q13000 Q3B7B7 Q4ZFU9 Q53RY2 Q8TAR1 Q96JT8"	"165"	"171"	"26538579"	"protein array"	"true positive"	""	"Homo sapiens"
"ELMI003062"	"DOC"	"DOC_MAPK_JIP1_4"	"ATF7_HUMAN"	"P17544"	"P17544 A5D6Y4 B2RMP1 B4DQL4 Q13814 Q8IVR8 Q9UD83"	"163"	"169"	"25301550 26538579"	"deletion analysis; fluorescence polarization spectroscopy; mutation analysis; protein array; two hybrid"	"true positive"	""	"Homo sapiens"
"ELMI003070"	"DOC"	"DOC_MAPK_JIP1_4"	"BMPR2_HUMAN"	"Q13873"	"Q13873 Q13161 Q16569 Q4ZG08 Q53SA5 Q585T8"	"937"	"943"	"26538579"	"protein array"	"true positive"	""	"Homo sapiens"
"ELMI003080"	"DOC"	"DOC_MAPK_JIP1_4"	"BMPR2_MOUSE"	"O35607"	"O35607"	"754"	"760"	"20176805"	"coimmunoprecipitation; deletion analysis; glutathione s tranferase tag; luminescence based mammalian interactome mapping; mutation analysis; pull down"	"true positive"	""	"Mus musculus"
"ELMI003081"	"DOC"	"DOC_MAPK_JIP1_4"	"BMPR2_MOUSE"	"O35607"	"O35607"	"937"	"943"	"20176805"	"coimmunoprecipitation; deletion analysis; glutathione s tranferase tag; luminescence based mammalian interactome mapping; mutation analysis; pull down"	"true positive"	""	"Mus musculus"
"ELMI003074"	"DOC"	"DOC_MAPK_JIP1_4"	"DOCK5_HUMAN"	"Q9H7D0"	"Q9H7D0 B2RNY0 Q5XKD5 Q6AI11 Q6PJS6 Q6ZTS6"	"1763"	"1769"	"26538579"	"fluorescence polarization spectroscopy; protein array"	"true positive"	""	"Homo sapiens"
"ELMI003072"	"DOC"	"DOC_MAPK_JIP1_4"	"DOCK7_HUMAN"	"Q96N67"	"Q96N67 Q00M63 Q2PPY7 Q45RE8 Q45RE9 Q5T1B9 Q5T1C0 Q6ZV32 Q8TB82 Q96NG6 Q96NI0 Q9C092"	"885"	"891"	"26538579"	"fluorescence polarization spectroscopy; protein array"	"true positive"	""	"Homo sapiens"
"ELMI003078"	"DOC"	"DOC_MAPK_JIP1_4"	"DUS10_HUMAN"	"Q9Y6W6"	"Q9Y6W6 D3DTB4 Q6GSI4 Q9H9Z5"	"19"	"25"	"26538579"	"bimolecular fluorescence complementation; fluorescence polarization spectroscopy; protein array"	"true positive"	""	"Homo sapiens"
"ELMI003064"	"DOC"	"DOC_MAPK_JIP1_4"	"ELK1_HUMAN"	"P19419"	"P19419 B2R7H4 O75606 O95058 Q969X8 Q9UJM4"	"315"	"321"	"26538579 26370088"	"mutation analysis; protein array; protein kinase assay"	"true positive"	""	"Homo sapiens"
"ELMI003065"	"DOC"	"DOC_MAPK_JIP1_4"	"IRS1_HUMAN"	"P35568"	"P35568"	"857"	"863"	"26538579"	"fluorescence polarization spectroscopy; protein array"	"true positive"	""	"Homo sapiens"
"ELMI003079"	"DOC"	"DOC_MAPK_JIP1_4"	"IRS1_RAT"	"P35570"	"P35570"	"852"	"858"	"12417588"	"coimmunoprecipitation; competition binding; mutation analysis"	"true positive"	""	"Rattus norvegicus"
"ELMI003088"	"DOC"	"DOC_MAPK_JIP1_4"	"JIP1_HUMAN"	"Q9UQF2"	"Q9UQF2 D3DQP4 O43407"	"160"	"166"	"15141161"	"isothermal titration calorimetry; mutation analysis; x-ray crystallography"	"true positive"	"1UKH"	"Homo sapiens"
"ELMI003076"	"DOC"	"DOC_MAPK_JIP1_4"	"JIP3_HUMAN"	"Q9UPT6"	"Q9UPT6 A2A2B3 A7E2B3 Q96RY4 Q9H4I4 Q9H7P1 Q9NUG0"	"204"	"210"	"23047924 26538579"	"competition binding; protein array"	"true positive"	""	"Homo sapiens"
"ELMI003066"	"DOC"	"DOC_MAPK_JIP1_4"	"M3K10_HUMAN"	"Q02779"	"Q02779 Q12761 Q14871"	"877"	"883"	"26538579"	"protein array"	"true positive"	""	"Homo sapiens"
"ELMI003071"	"DOC"	"DOC_MAPK_JIP1_4"	"MADD_HUMAN"	"Q8WXG6"	"Q8WXG6 A8K8S7 B5MEE5 D3DQR4 O15065 O15293 Q15732 Q15741 Q8IWD7 Q8WXG3 Q8WXG4 Q8WXG5 Q8WZ63"	"810"	"816"	"26538579"	"protein array"	"true positive"	""	"Homo sapiens"
"ELMI003068"	"DOC"	"DOC_MAPK_JIP1_4"	"MCL1_HUMAN"	"Q07820"	"Q07820 B2R6B2 D3DV03 D3DV04 Q9HD91 Q9NRQ3 Q9NRQ4 Q9UHR7 Q9UHR8 Q9UHR9 Q9UNJ1"	"137"	"143"	"26538579"	"protein array"	"true positive"	""	"Homo sapiens"
"ELMI003069"	"DOC"	"DOC_MAPK_JIP1_4"	"MYO9B_HUMAN"	"Q13459"	"Q13459 O75314 Q9NUJ2 Q9UHN0"	"1250"	"1256"	"25301550 26538579"	"fluorescence polarization spectroscopy; protein array; sequence based prediction; two hybrid"	"true positive"	""	"Homo sapiens"
"ELMI003084"	"DOC"	"DOC_MAPK_JIP1_4"	"PCLO_HUMAN"	"Q9Y6V0"	"Q9Y6V0 A4D1A7 A6NNX9 O43373 O60305 Q08E72 Q9BVC8 Q9UIV2 Q9Y6U9"	"4269"	"4275"	"20865152"	"peptide array"	"true positive"	""	"Homo sapiens"
"ELMI003067"	"DOC"	"DOC_MAPK_JIP1_4"	"PDE4B_HUMAN"	"Q07343"	"Q07343 A5YW33 O15443 Q13945 Q5TEK4 Q5TEK5 Q5TEK6"	"73"	"79"	"26538579"	"fluorescence polarization spectroscopy; protein array"	"true positive"	""	"Homo sapiens"
"ELMI003082"	"DOC"	"DOC_MAPK_JIP1_4"	"PPM1J_HUMAN"	"Q5JR12"	"Q5JR12 B3KSB7 Q6DKJ7 Q96EZ7 Q9UF84"	"69"	"75"	"20865152"	"deletion analysis; mutation analysis; protein kinase assay"	"true positive"	""	"Homo sapiens"
"ELMI003075"	"DOC"	"DOC_MAPK_JIP1_4"	"PRGC1_HUMAN"	"Q9UBK2"	"Q9UBK2 Q9UN32"	"254"	"260"	"26538579"	"protein array"	"true positive"	""	"Homo sapiens"
"ELMI003086"	"DOC"	"DOC_MAPK_JIP1_4"	"RUSC2_HUMAN"	"Q8N2Y8"	"Q8N2Y8 A2RU62 A7E2A9 O15080 Q5W134 Q641Q6 Q6P1W7"	"688"	"694"	"25301550"	"sequence based prediction; two hybrid"	"true positive"	""	"Homo sapiens"
"ELMI003077"	"DOC"	"DOC_MAPK_JIP1_4"	"SAC2_HUMAN"	"Q9Y2H2"	"Q9Y2H2 B3KRF1 D3DRD1 Q2T9J4 Q5W135 Q5W136 Q6NVY2 Q86U97 Q9H3D9 Q9NT51"	"1010"	"1016"	"26538579"	"protein array"	"true positive"	""	"Homo sapiens"
"ELMI003087"	"DOC"	"DOC_MAPK_JIP1_4"	"SHAN1_HUMAN"	"Q9Y566"	"Q9Y566 A8MXP5 B7WNY6 Q9NYW9"	"2016"	"2022"	"25301550"	"sequence based prediction; two hybrid"	"true positive"	""	"Homo sapiens"
"ELMI003085"	"DOC"	"DOC_MAPK_JIP1_4"	"SMTL2_HUMAN"	"Q2TAL5"	"Q2TAL5 Q6ZVK6"	"184"	"190"	"23981301"	"competition binding; glutathione s tranferase tag; mutation analysis; protein kinase assay; pull down"	"true positive"	""	"Homo sapiens"
"ELMI003083"	"DOC"	"DOC_MAPK_JIP1_4"	"TAGAP_HUMAN"	"Q8N103"	"Q8N103 Q2NKM8 Q8NI40 Q96KZ2 Q96QA2"	"436"	"442"	"20865152"	"peptide array"	"true positive"	""	"Homo sapiens"
"ELMI003297"	"DOC"	"DOC_MAPK_MEF2A_6"	"AAKG2_HUMAN"	"Q9UGJ0"	"Q9UGJ0 Q53Y07 Q6NUI0 Q75MP4 Q9NUZ9 Q9UDN8 Q9ULX8"	"30"	"37"	"26538579"	"bimolecular fluorescence complementation; filter binding; fluorescence polarization spectroscopy"	"true positive"	""	"Homo sapiens"
"ELMI003288"	"DOC"	"DOC_MAPK_MEF2A_6"	"AMPD1_HUMAN"	"P23109"	"P23109 A8K5N4 B2RAM1 F2Z3B3 Q5TF00 Q5TF02"	"113"	"121"	"26538579"	"filter binding"	"true positive"	""	"Homo sapiens"
"ELMI003291"	"DOC"	"DOC_MAPK_MEF2A_6"	"AMPD3_HUMAN"	"Q01432"	"Q01432 A0AUX0 B7Z2S2 B7Z763 B7Z877"	"82"	"90"	"26538579"	"filter binding"	"true positive"	""	"Homo sapiens"
"ELMI003287"	"DOC"	"DOC_MAPK_MEF2A_6"	"CCNT2_HUMAN"	"O60583"	"O60583 A8KA48 D3DP73 D3DP74 O60582 Q29R66 Q53SR4 Q5I1Y0"	"501"	"509"	"26538579"	"filter binding; fluorescence polarization spectroscopy"	"true positive"	""	"Homo sapiens"
"ELMI003280"	"DOC"	"DOC_MAPK_MEF2A_6"	"G8IEK9_POPTR"	"G8IEK9"	"G8IEK9"	"148"	"156"	"21873571"	"bimolecular fluorescence complementation; confocal microscopy; glutathione s tranferase tag; mutation analysis; pull down; two hybrid"	"true positive"	""	"Populus trichocarpa"
"ELMI003296"	"DOC"	"DOC_MAPK_MEF2A_6"	"GAB3_HUMAN"	"Q8WWW8"	"Q8WWW8 A6NHF8 E9PB44"	"366"	"374"	"26538579"	"filter binding; fluorescence polarization spectroscopy"	"true positive"	""	"Homo sapiens"
"ELMI003298"	"DOC"	"DOC_MAPK_MEF2A_6"	"INO80_HUMAN"	"Q9ULG1"	"Q9ULG1 A6H8X4 Q9NTG6"	"1320"	"1329"	"26538579"	"filter binding"	"true positive"	""	"Homo sapiens"
"ELMI003294"	"DOC"	"DOC_MAPK_MEF2A_6"	"JAZF1_HUMAN"	"Q86VZ6"	"Q86VZ6 A4D195 Q8N3L7"	"79"	"88"	"26538579"	"filter binding; fluorescence polarization spectroscopy"	"true positive"	""	"Homo sapiens"
"ELMI003290"	"DOC"	"DOC_MAPK_MEF2A_6"	"KLF3_HUMAN"	"P57682"	"P57682 Q6PIR1 Q86TN0 Q9P2X6"	"90"	"97"	"26538579"	"filter binding"	"true positive"	""	"Homo sapiens"
"ELMI003295"	"DOC"	"DOC_MAPK_MEF2A_6"	"KMT2C_HUMAN"	"Q8NEZ4"	"Q8NEZ4 Q8NC02 Q8NDF6 Q9H9P4 Q9NR13 Q9P222 Q9UDR7"	"1201"	"1208"	"26538579"	"filter binding"	"true positive"	""	"Homo sapiens"
"ELMI003293"	"DOC"	"DOC_MAPK_MEF2A_6"	"KSR2_HUMAN"	"Q6VAB6"	"Q6VAB6 A0PJT2 Q3B828 Q8N775"	"333"	"341"	"26538579"	"bimolecular fluorescence complementation; filter binding; fluorescence polarization spectroscopy"	"true positive"	""	"Homo sapiens"
"ELMI003281"	"DOC"	"DOC_MAPK_MEF2A_6"	"M2K4_ARATH"	"O80397"	"O80397"	"21"	"28"	"25172143"	"mutation analysis; protein kinase assay; two hybrid"	"true positive"	""	"Arabidopsis thaliana"
"ELMI003282"	"DOC"	"DOC_MAPK_MEF2A_6"	"M2K5_ARATH"	"Q8RXG3"	"Q8RXG3 O80398 Q96517"	"21"	"28"	"25172143"	"mutation analysis; protein kinase assay; two hybrid"	"true positive"	""	"Arabidopsis thaliana"
"ELMI003283"	"DOC"	"DOC_MAPK_MEF2A_6"	"M2K7_ARATH"	"Q9LPQ3"	"Q9LPQ3 A0ME75"	"7"	"16"	"25172143"	"mutation analysis; protein kinase assay; two hybrid"	"true positive"	""	"Arabidopsis thaliana"
"ELMI003284"	"DOC"	"DOC_MAPK_MEF2A_6"	"M2K9_ARATH"	"Q9FX43"	"Q9FX43"	"7"	"16"	"25172143"	"mutation analysis; protein kinase assay; two hybrid"	"true positive"	""	"Arabidopsis thaliana"
"ELMI003277"	"DOC"	"DOC_MAPK_MEF2A_6"	"MEF2A_HUMAN"	"Q02078"	"Q02078 O43814 Q14223 Q14224 Q96D14"	"270"	"277"	"10330143 11786537"	"alanine scanning; competition binding; mutation analysis; western blot"	"true positive"	""	"Homo sapiens"
"ELMI003278"	"DOC"	"DOC_MAPK_MEF2A_6"	"MEF2C_HUMAN"	"Q06413"	"Q06413 C9JMZ0 D7F7N5 F8W7V7"	"251"	"259"	"10330143"	"alanine scanning; competition binding; mutation analysis; western blot"	"true positive"	""	"Homo sapiens"
"ELMI003388"	"DOC"	"DOC_MAPK_MEF2A_6"	"MP2K2_HUMAN"	"P36507"	"P36507"	"6"	"14"	"23047924"	"fluorescence polarization spectroscopy; x-ray crystallography"	"true positive"	"4H3Q"	"Homo sapiens"
"ELMI003299"	"DOC"	"DOC_MAPK_MEF2A_6"	"MP2K4_HUMAN"	"P45985"	"P45985 B2R7N7 B3KYB2 D3DTS5 Q5U0B8 Q6FHX4 Q6P9H2 Q6PIE6"	"41"	"48"	"26538579"	"fluorescence polarization spectroscopy"	"true positive"	""	"Homo sapiens"
"ELMI003289"	"DOC"	"DOC_MAPK_MEF2A_6"	"MP2K6_HUMAN"	"P52564"	"P52564"	"7"	"15"	"26538579"	"bimolecular fluorescence complementation; filter binding"	"true positive"	""	"Homo sapiens"
"ELMI003389"	"DOC"	"DOC_MAPK_MEF2A_6"	"OSPF_SHIFL"	"Q8VSP9"	"Q8VSP9 Q2ET10 Q2ET14 Q6XW10 Q7BEG0 Q99Q87"	"5"	"12"	"17303758"	"pull down"	"true positive"	""	"Shigella flexneri"
"ELMI003276"	"DOC"	"DOC_MAPK_MEF2A_6"	"RIPK2_HUMAN"	"O43353"	"O43353 Q6UWF0"	"327"	"335"	"26538579"	"filter binding"	"true positive"	""	"Homo sapiens"
"ELMI003279"	"DOC"	"DOC_MAPK_MEF2A_6"	"RLM1_YEAST"	"Q12224"	"Q12224 D6W3S8"	"317"	"326"	"12410835"	"alanine scanning"	"true positive"	""	"Saccharomyces cerevisiae S288c"
"ELMI003390"	"DOC"	"DOC_MAPK_MEF2A_6"	"SPVC_SALTY"	"P0A2M9"	"P0A2M9 P21456"	"5"	"12"	"18060821"	"coimmunoprecipitation; deletion analysis; mutation disrupting interaction; pull down"	"true positive"	""	"Salmonella enterica subsp. enterica serovar Typhimurium str. LT2"
"ELMI003285"	"DOC"	"DOC_MAPK_MEF2A_6"	"TAB1_HUMAN"	"Q15750-1"	"Q15750 Q2PP09 Q8IZW2"	"402"	"411"	"16648477"	"coimmunoprecipitation; mutation analysis; pull down"	"true positive"	""	"Homo sapiens"
"ELMI003286"	"DOC"	"DOC_MAPK_MEF2A_6"	"TAB1_MOUSE"	"Q8CF89"	"Q8CF89 Q7TQJ5 Q80V65 Q8R0D1"	"400"	"409"	"24037507"	"isothermal titration calorimetry; mutation analysis; nuclear magnetic resonance; western blot; x-ray crystallography"	"true positive"	"4LOO 4LOP 4LOQ"	"Mus musculus"
"ELMI003292"	"DOC"	"DOC_MAPK_MEF2A_6"	"TSH3_HUMAN"	"Q63HK5"	"Q63HK5 Q9H0G6 Q9P254"	"323"	"330"	"26538579"	"filter binding"	"true positive"	""	"Homo sapiens"
"ELMI003095"	"DOC"	"DOC_MAPK_NFAT4_5"	"AKAP6_HUMAN"	"Q13023"	"Q13023 A7E242 A7E2D4 O15028"	"434"	"442"	"25301550 26538579"	"coimmunoprecipitation; mutation analysis; protein array; two hybrid"	"true positive"	""	"Homo sapiens"
"ELMI003105"	"DOC"	"DOC_MAPK_NFAT4_5"	"CCSE1_HUMAN"	"Q9C0I3"	"Q9C0I3 Q4W5M0 Q86V57"	"574"	"582"	"26538579"	"protein array"	"true positive"	""	"Homo sapiens"
"ELMI003104"	"DOC"	"DOC_MAPK_NFAT4_5"	"DYH12_HUMAN"	"Q6ZR08"	"Q6ZR08 A6NGI2 Q6ZTR8 Q8N7R9 Q8WXK2 Q92816"	"13"	"21"	"26538579"	"protein array"	"true positive"	""	"Homo sapiens"
"ELMI003100"	"DOC"	"DOC_MAPK_NFAT4_5"	"FHOD3_HUMAN"	"Q2V2M9"	"Q2V2M9 A8MQT4 E5F5Q0 Q642I2 Q6ZRQ7 Q86TF9 Q8N3A5 Q9C0G8 Q9H604 Q9H6G7"	"507"	"515"	"26538579"	"protein array"	"true positive"	""	"Homo sapiens"
"ELMI003103"	"DOC"	"DOC_MAPK_NFAT4_5"	"FMN1_HUMAN"	"Q68DA7"	"Q68DA7 Q3B7I6 Q3ZAR4 Q6ZSY1"	"673"	"681"	"26538579"	"protein array"	"true positive"	""	"Homo sapiens"
"ELMI003106"	"DOC"	"DOC_MAPK_NFAT4_5"	"HSF4_HUMAN"	"Q9ULV5"	"Q9ULV5 Q99472 Q9ULV6"	"206"	"214"	"26538579"	"protein array"	"true positive"	""	"Homo sapiens"
"ELMI003094"	"DOC"	"DOC_MAPK_NFAT4_5"	"JUND_HUMAN"	"P17535"	"P17535 Q53EK9"	"47"	"55"	"26538579"	"protein array"	"true positive"	""	"Homo sapiens"
"ELMI003093"	"DOC"	"DOC_MAPK_NFAT4_5"	"JUND_MOUSE"	"P15066"	"P15066"	"52"	"60"	"12052834"	"alanine scanning; glutathione s tranferase tag; mutation analysis; pull down"	"true positive"	""	"Mus musculus"
"ELMI003097"	"DOC"	"DOC_MAPK_NFAT4_5"	"JUN_HUMAN"	"P05412"	"P05412 Q96G93"	"35"	"43"	"8157646"	"competition binding; mutation analysis; protein kinase assay; protein kinase assay"	"true positive"	""	"Homo sapiens"
"ELMI003102"	"DOC"	"DOC_MAPK_NFAT4_5"	"KANK2_HUMAN"	"Q63ZY3"	"Q63ZY3 B0I1P4 Q3KQZ3 Q6GUF5 Q9H8S4 Q9NUP0 Q9P210"	"245"	"253"	"26538579"	"protein array"	"true positive"	""	"Homo sapiens"
"ELMI003099"	"DOC"	"DOC_MAPK_NFAT4_5"	"M3K1_HUMAN"	"Q13233"	"Q13233"	"1078"	"1086"	"26538579"	"protein array"	"true positive"	""	"Homo sapiens"
"ELMI003092"	"DOC"	"DOC_MAPK_NFAT4_5"	"MABP1_HUMAN"	"O60336"	"O60336 A6NM93 A8K8P9 Q14CB5 Q14CD8 Q49AJ8 Q5W9G9"	"1293"	"1301"	"26538579"	"protein array"	"true positive"	""	"Homo sapiens"
"ELMI003091"	"DOC"	"DOC_MAPK_NFAT4_5"	"MABP1_MOUSE"	"Q6NS57"	"Q6NS57 A2AWL8 Q80TW5 Q9R0L0"	"1282"	"1290"	"10471813"	"glutathione s tranferase tag; pull down; two hybrid; western blot"	"true positive"	""	"Mus musculus"
"ELMI003090"	"DOC"	"DOC_MAPK_NFAT4_5"	"MP2K4_HUMAN"	"P45985"	"P45985 B2R7N7 B3KYB2 D3DTS5 Q5U0B8 Q6FHX4 Q6P9H2 Q6PIE6"	"41"	"49"	"23047924 12788955 26370088"	"competition binding; cosedimentation; mutation analysis; protein kinase assay"	"true positive"	""	"Homo sapiens"
"ELMI003096"	"DOC"	"DOC_MAPK_NFAT4_5"	"NFAC3_HUMAN"	"Q12968"	"Q12968 O75211 Q14516 Q99840 Q99841 Q99842"	"146"	"154"	"9374467 23047924"	"alanine scanning; coimmunoprecipitation; fluorescence polarization spectroscopy; protein kinase assay; protein kinase assay; x-ray crystallography"	"true positive"	"2XS0"	"Homo sapiens"
"ELMI003098"	"DOC"	"DOC_MAPK_NFAT4_5"	"RIPK2_HUMAN"	"O43353"	"O43353 Q6UWF0"	"326"	"334"	"26538579"	"protein array"	"true positive"	""	"Homo sapiens"
"ELMI003101"	"DOC"	"DOC_MAPK_NFAT4_5"	"TSH3_HUMAN"	"Q63HK5"	"Q63HK5 Q9H0G6 Q9P254"	"323"	"331"	"26538579"	"protein array"	"true positive"	""	"Homo sapiens"
"ELMI002942"	"DOC"	"DOC_MAPK_RevD_3"	"KS6A1_HUMAN"	"Q15418"	"Q15418 A6NGG4 A8K9K7 B2RDY8 B7Z5J0 E9PRI4 Q5SVM5 Q5SVM8 Q5SVM9 Q96C05 Q9BQK2"	"712"	"726"	"23047924 25730857"	"competition binding; fluorescence technology; glutathione s tranferase tag; mutation disrupting interaction; protein kinase assay; pull down; x-ray crystallography"	"true positive"	"3TEI 4H3P 4NIF"	"Homo sapiens"
"ELMI002945"	"DOC"	"DOC_MAPK_RevD_3"	"KS6A4_HUMAN"	"O75676"	"O75676 A8K7Z8 O75585 Q53ES8"	"717"	"731"	"11035004"	"mutation disrupting interaction"	"true positive"	""	"Homo sapiens"
"ELMI002944"	"DOC"	"DOC_MAPK_RevD_3"	"KS6A5_HUMAN"	"O75582"	"O75582 B7Z2Y5 O95316 Q96AF7"	"730"	"744"	"23047924 15568999"	"anti tag coimmunoprecipitation; competition binding; fluorescence technology; glutathione s tranferase tag; mutation disrupting interaction; pull down"	"true positive"	""	"Homo sapiens"
"ELMI002946"	"DOC"	"DOC_MAPK_RevD_3"	"KS6AA_CHICK"	"P18652"	"P18652"	"729"	"743"	"12832467"	"mutation analysis; mutation disrupting interaction"	"true positive"	""	"Gallus gallus"
"ELMI002941"	"DOC"	"DOC_MAPK_RevD_3"	"MAPK2_HUMAN"	"P49137"	"P49137 Q5SY30 Q5SY41 Q8IYD6"	"370"	"386"	"25255283 23047924"	"competition binding; fluorescence technology; glutathione s tranferase tag; pull down; x-ray crystallography"	"true positive"	"2OKR 4TYH"	"Homo sapiens"
"ELMI002943"	"DOC"	"DOC_MAPK_RevD_3"	"MKNK1_HUMAN"	"Q9BUB5"	"Q9BUB5 D3DQ20 D3DQ21 O00312 Q5TC06 Q5TC07 Q6V0N6"	"434"	"448"	"23047924 10655591"	"competition binding; fluorescence technology; glutathione s tranferase tag; mutation disrupting interaction; pull down; x-ray crystallography"	"true positive"	"2Y9Q"	"Homo sapiens"
"ELMI004432"	"DOC"	"DOC_MIT_MIM_1"	"CHM1A_HUMAN"	"Q9HD42"	"Q9HD42 A2RU09 Q14468 Q15779 Q96G31"	"185"	"195"	"17928862 23045692"	"biosensor; mutation analysis; mutation decreasing interaction; nuclear magnetic resonance; pull down; two hybrid; x-ray crystallography"	"true positive"	"2JQ9 2YMB 4A5X"	"Homo sapiens"
"ELMI004433"	"DOC"	"DOC_MIT_MIM_1"	"CHM1B_HUMAN"	"Q7LBR1"	"Q7LBR1 Q96E89 Q9HD41"	"187"	"196"	"25637630"	"mutation analysis; mutation decreasing interaction; mutation disrupting interaction; pull down; x-ray crystallography"	"true positive"	"4TXQ 4TXR"	"Homo sapiens"
"ELMI004434"	"DOC"	"DOC_MIT_MIM_1"	"DID2_YEAST"	"P69771"	"P69771 D6VX98"	"193"	"203"	"27924850"	"isothermal titration calorimetry; mutation analysis; mutation disrupting interaction; nuclear magnetic resonance; pull down"	"true positive"	"5H7P"	"Saccharomyces cerevisiae S288c"
"ELMI004431"	"DOC"	"DOC_MIT_MIM_1"	"DID4_YEAST"	"P36108"	"P36108 D6VXT5"	"220"	"230"	"17928861"	"fluorescence microscopy; fluorescence polarization spectroscopy; mutation analysis; mutation disrupting interaction; pull down; x-ray crystallography"	"true positive"	"2V6X"	"Saccharomyces cerevisiae S288c"
"ELMI004430"	"DOC"	"DOC_MIT_MIM_1"	"IST1_HUMAN"	"P53990"	"P53990 A8KAH5 J3QLU7 Q3SYM4 Q9BQ81 Q9BWN2"	"351"	"362"	"25657007 26011858"	"anti tag coimmunoprecipitation; biotin tag; fluorescence polarization spectroscopy; isothermal titration calorimetry; mutation analysis; mutation decreasing interaction; mutation disrupting interaction; nuclear magnetic resonance; pull down; x-ray crystallography"	"true positive"	"4U7E 4U7I 4U7Y 4WZX"	"Homo sapiens"
"ELMI001949"	"DOC"	"DOC_PIKK_1"	"ATRIP_HUMAN"	"Q8WXE1"	"Q8WXE1 A8K6A3 A8K714 B2RCE7 Q69YK9 Q8NHQ2 Q8WUG7 Q96CL3 Q9HA30"	"769"	"776"	"15758953"	"coimmunoprecipitation"	"true positive"	""	"Homo sapiens"
"ELMI001948"	"DOC"	"DOC_PIKK_1"	"NBN_HUMAN"	"O60934"	"O60934 B2R626 B2RNC5 O60672 Q32NF7 Q53FM6 Q63HR6 Q7LDM2"	"736"	"743"	"15964794 17507690 15758953"	"coimmunoprecipitation; competition binding; pull down"	"true positive"	""	"Homo sapiens"
"ELMI001951"	"DOC"	"DOC_PIKK_1"	"Q6XV80_XENLA"	"Q6XV80"	"Q6XV80"	"744"	"751"	"15964794"	"coimmunoprecipitation; pull down"	"true positive"	""	"Xenopus laevis"
"ELMI001950"	"DOC"	"DOC_PIKK_1"	"XRCC5_HUMAN"	"P13010"	"P13010 A8K3X5 Q0Z7V0 Q4VBQ5 Q53HH7 Q7M4N0 Q9UCQ0 Q9UCQ1"	"720"	"728"	"15758953"	"coimmunoprecipitation; pull down"	"true positive"	""	"Homo sapiens"
"ELMI002740"	"DOC"	"DOC_PP1_MyPhoNE_1"	"MYO16_HUMAN"	"Q9Y6X6"	"Q9Y6X6 A6H8Y0 A8MTX3 Q5VYX4 Q5VYX5 Q5VYX6 Q6ZS13 Q8N3C2 Q8N948"	"24"	"31"	"19389623"	"pull down"	"true positive"	""	"Homo sapiens"
"ELMI002747"	"DOC"	"DOC_PP1_MyPhoNE_1"	"MYPT1_CHICK"	"Q90623"	"Q90623 Q10727 Q90624"	"10"	"17"	"15164081"	"x-ray crystallography"	"true positive"	"1S70"	"Gallus gallus"
"ELMI002741"	"DOC"	"DOC_PP1_MyPhoNE_1"	"MYPT1_HUMAN"	"O14974"	"O14974 Q2NKL4 Q569H0 Q86WU3 Q8NFR6 Q9BYH0"	"10"	"17"	"19389623"	"pull down"	"true positive"	""	"Homo sapiens"
"ELMI002742"	"DOC"	"DOC_PP1_MyPhoNE_1"	"MYPT2_HUMAN"	"O60237"	"O60237 A8MYF5 B7ZMN6 Q2TAI8 Q5T506 Q5VUK2 Q8N179 Q9HCB7 Q9HCB8"	"19"	"26"	"19389623"	"pull down"	"true positive"	""	"Homo sapiens"
"ELMI002748"	"DOC"	"DOC_PP1_MyPhoNE_1"	"PP12C_HUMAN"	"Q9BZL4"	"Q9BZL4 Q59FK8 Q6ZPD1 Q7L8F7 Q96HW1 Q9H5H5 Q9NT00"	"22"	"29"	""	"sequence based prediction"	"true positive"	""	"Homo sapiens"
"ELMI002743"	"DOC"	"DOC_PP1_MyPhoNE_1"	"PP16A_HUMAN"	"Q96I34"	"Q96I34 D3DWM5"	"30"	"37"	"19389623"	"pull down"	"true positive"	""	"Homo sapiens"
"ELMI002744"	"DOC"	"DOC_PP1_MyPhoNE_1"	"PP16B_HUMAN"	"Q96T49"	"Q96T49 A2RRR6 E9PFS8 O94912 Q5W9G4 Q9NQG4"	"30"	"37"	"19389623"	"pull down"	"true positive"	""	"Homo sapiens"
"ELMI002745"	"DOC"	"DOC_PP1_MyPhoNE_1"	"SH24A_HUMAN"	"Q9H788"	"Q9H788 B4DDR1 Q5XKC1 Q6NXE9 Q86YM2 Q96C88 Q9H7F7"	"32"	"39"	"19389623"	"pull down"	"true positive"	""	"Homo sapiens"
"ELMI002746"	"DOC"	"DOC_PP1_MyPhoNE_1"	"SH24B_HUMAN"	"Q5SQS7"	"Q5SQS7 Q5SQS5 Q6ZVW9 Q6ZVZ3"	"32"	"39"	"19389623"	"pull down"	"true positive"	""	"Homo sapiens"
"ELMI002437"	"DOC"	"DOC_PP1_RVXF_1"	"AKAP1_HUMAN"	"Q92667"	"Q92667 A8K8Q1 D3DTZ0 Q13320 Q9BW14"	"151"	"158"	"10995432"	"affinity chromatography technology; coimmunoprecipitation; competition binding; far western blotting; mutation analysis"	"true positive"	""	"Homo sapiens"
"ELMI001039"	"DOC"	"DOC_PP1_RVXF_1"	"BRCA1_HUMAN"	"P38398"	"P38398 O15129 Q3LRJ0 Q7KYU9"	"896"	"902"	"17603999"	"coimmunoprecipitation; glutathione s tranferase tag; mutation analysis; pull down; western blot"	"true positive"	""	"Homo sapiens"
"ELMI001077"	"DOC"	"DOC_PP1_RVXF_1"	"DCX_MOUSE"	"O88809"	"O88809"	"52"	"58"	"16530423"	"mutation analysis"	"true positive"	""	"Mus musculus"
"ELMI001081"	"DOC"	"DOC_PP1_RVXF_1"	"GAC1_YEAST"	"P28006"	"P28006 D6W2N4 Q08551"	"67"	"74"	"11459182"	"coimmunoprecipitation; mutation analysis; two hybrid"	"true positive"	""	"Saccharomyces cerevisiae"
"ELMI001743"	"DOC"	"DOC_PP1_RVXF_1"	"ICP34_HHV1F"	"P08353"	"P08353"	"190"	"196"	"9694816"	"competition binding; glutathione s tranferase tag; mutation analysis; pull down"	"true positive"	""	"Herpes simplex virus (type 1 / strain F)"
"ELMI001397"	"DOC"	"DOC_PP1_RVXF_1"	"MYPT1_CHICK"	"Q90623"	"Q90623 Q10727 Q90624"	"33"	"39"	"15164081"	"x-ray crystallography"	"true positive"	"1S70"	"Gallus gallus"
"ELMI001117"	"DOC"	"DOC_PP1_RVXF_1"	"MYPT1_HUMAN"	"O14974"	"O14974 Q2NKL4 Q569H0 Q86WU3 Q8NFR6 Q9BYH0"	"33"	"39"	"15136561"	"sequence based prediction"	"true positive"	""	"Homo sapiens"
"ELMI001074"	"DOC"	"DOC_PP1_RVXF_1"	"NEB1_RAT"	"O35867"	"O35867"	"455"	"461"	"10585469 10504266"	"affinity chromatography technology; chromatography technology; coimmunoprecipitation; far western blotting; mutation analysis; two hybrid"	"true positive"	""	"Rattus norvegicus"
"ELMI001073"	"DOC"	"DOC_PP1_RVXF_1"	"NEB2_RAT"	"O35274"	"O35274"	"446"	"452"	"10585469 20305656"	"coimmunoprecipitation; far western blotting; x-ray crystallography"	"true positive"	"3EGH"	"Rattus norvegicus"
"ELMI001625"	"DOC"	"DOC_PP1_RVXF_1"	"NEB2_RAT"	"O35274"	"O35274"	"573"	"579"	"20305656"	"x-ray crystallography"	"true negative"	"3EGH"	"Rattus norvegicus"
"ELMI002444"	"DOC"	"DOC_PP1_RVXF_1"	"NEK2_HUMAN"	"P51955"	"P51955 Q53FD6 Q5I1Z9 Q5VXZ1 Q6NZX8 Q7Z634 Q86XH2 Q96QN9"	"381"	"387"	"10880350"	"anti tag coimmunoprecipitation; coimmunoprecipitation; mutation analysis; two hybrid"	"true positive"	""	"Homo sapiens"
"ELMI001072"	"DOC"	"DOC_PP1_RVXF_1"	"PP1R8_HUMAN"	"Q12972"	"Q12972 Q5TEJ2 Q5TIF2 Q6PKF6 Q9UBH1 Q9UBZ0"	"198"	"204"	"12657641"	"mutation analysis"	"true positive"	""	"Homo sapiens"
"ELMI001076"	"DOC"	"DOC_PP1_RVXF_1"	"PP1RA_HUMAN"	"Q96QC0"	"Q96QC0 O00405"	"395"	"402"	"12574161"	"mutation analysis"	"true positive"	""	"Homo sapiens"
"ELMI001078"	"DOC"	"DOC_PP1_RVXF_1"	"PPR1B_HUMAN"	"Q9UD71"	"Q9UD71 Q547V9 Q547W0 Q9H7G1"	"5"	"12"	"10075680"	"mutation analysis"	"true positive"	""	"Homo sapiens"
"ELMI001083"	"DOC"	"DOC_PP1_RVXF_1"	"PPR3A_HUMAN"	"Q16821"	"Q16821 A0AVQ2 A4D0T6 O43476 Q75LN8 Q7KYM8 Q86UI6"	"61"	"67"	"9155014"	"mutation analysis; x-ray crystallography"	"true positive"	""	"Homo sapiens"
"ELMI002287"	"DOC"	"DOC_PP1_RVXF_1"	"RB_HUMAN"	"P06400"	"P06400 A8K5E3 P78499 Q5VW46 Q8IZL4"	"871"	"878"	"20694007"	"isothermal titration calorimetry; mutation analysis; phosphatase assay; x-ray crystallography"	"true positive"	"3N5U"	"Homo sapiens"
"ELMI001082"	"DOC"	"DOC_PP1_RVXF_1"	"REG1_YEAST"	"Q00816"	"Q00816 D6VS13"	"462"	"469"	"10454550"	"mutation analysis; two hybrid"	"true positive"	""	"Saccharomyces cerevisiae"
"ELMI001079"	"DOC"	"DOC_PP1_RVXF_1"	"SCD5_YEAST"	"P34758"	"P34758 D6W326"	"238"	"244"	"12356757"	"mutation analysis; two hybrid; western blot"	"true positive"	""	"Saccharomyces cerevisiae"
"ELMI001080"	"DOC"	"DOC_PP1_RVXF_1"	"SCD5_YEAST"	"P34758"	"P34758 D6W326"	"271"	"277"	"12356757"	"mutation analysis; two hybrid; western blot"	"true positive"	""	"Saccharomyces cerevisiae"
"ELMI002635"	"DOC"	"DOC_PP1_SILK_1"	"CASC5_HUMAN"	"Q8NG31"	"Q8NG31 Q8NHE1 Q8WXA6 Q9HCK2 Q9NR92"	"24"	"29"	"19389623"	"pull down"	"true positive"	""	"Homo sapiens"
"ELMI002637"	"DOC"	"DOC_PP1_SILK_1"	"CNST_HUMAN"	"Q6PJW8"	"Q6PJW8 Q5VSY9 Q5VTM7 Q8IYA9 Q8N3L5 Q8NB09 Q8TEI2 Q96MR5"	"620"	"625"	"19389623"	"pull down"	"true positive"	""	"Homo sapiens"
"ELMI002633"	"DOC"	"DOC_PP1_SILK_1"	"CSRN2_HUMAN"	"Q9H175"	"Q9H175"	"52"	"57"	"19389623"	"coimmunoprecipitation; far western blotting; mutation analysis; pull down"	"true positive"	""	"Homo sapiens"
"ELMI002634"	"DOC"	"DOC_PP1_SILK_1"	"CSRN3_HUMAN"	"Q8WYN3"	"Q8WYN3 B3KPR4 Q53SG0 Q6ZTX3 Q9HAF9"	"51"	"56"	"19389623"	"pull down"	"true positive"	""	"Homo sapiens"
"ELMI002638"	"DOC"	"DOC_PP1_SILK_1"	"GLC8_YEAST"	"P41818"	"P41818 D6W0D8"	"2"	"7"	"12657641"	"by homology; inferred by author"	"true positive"	""	"Saccharomyces cerevisiae S288c"
"ELMI002630"	"DOC"	"DOC_PP1_SILK_1"	"IPP2_HUMAN"	"P41236"	"P41236"	"12"	"17"	"10748125 10075680"	"competition binding; far western blotting; mutation analysis; pull down; two hybrid"	"true positive"	""	"Homo sapiens"
"ELMI002631"	"DOC"	"DOC_PP1_SILK_1"	"IPP2_MOUSE"	"Q9DCL8"	"Q9DCL8 Q3UD25 Q8C1A6"	"12"	"17"	"17636256"	"x-ray crystallography"	"true positive"	"2O8G"	"Mus musculus"
"ELMI002643"	"DOC"	"DOC_PP1_SILK_1"	"IPP2_RABIT"	"P11845"	"P11845"	"12"	"17"	"10748125"	"by homology; inferred by author"	"true positive"	""	"Oryctolagus cuniculus"
"ELMI002642"	"DOC"	"DOC_PP1_SILK_1"	"IPP2_RAT"	"P50411"	"P50411 Q56A32"	"12"	"17"	"10748125"	"by homology; inferred by author"	"true positive"	""	"Rattus norvegicus"
"ELMI002639"	"DOC"	"DOC_PP1_SILK_1"	"Q9N537_CAEEL"	"Q9N537"	"Q9N537"	"34"	"39"	"12657641"	"by homology; inferred by author"	"true positive"	""	"Caenorhabditis elegans"
"ELMI002640"	"DOC"	"DOC_PP1_SILK_1"	"Q9V3C7_DROME"	"Q9V3C7"	"Q9V3C7"	"12"	"17"	"12657641"	"by homology; inferred by author"	"true positive"	""	"Drosophila melanogaster"
"ELMI002636"	"DOC"	"DOC_PP1_SILK_1"	"SYTL2_HUMAN"	"Q9HCH5"	"Q9HCH5 B3KRS3 B4DJT5 B4DKW3 B4DQ26 B7SA85 B7ZLX6 B7ZLX7 Q2YDA7 Q6TV07 Q6ZN59 Q6ZVC5 Q8ND34 Q96BJ2 Q9H768 Q9NXM1"	"270"	"275"	"19389623"	"coimmunoprecipitation; far western blotting; pull down"	"true positive"	""	"Homo sapiens"
"ELMI002632"	"DOC"	"DOC_PP1_SILK_1"	"WBP11_HUMAN"	"Q9Y2W2"	"Q9Y2W2 Q96AY8"	"164"	"169"	"19389623"	"mutation analysis; pull down"	"true positive"	""	"Homo sapiens"
"ELMI002641"	"DOC"	"DOC_PP1_SILK_1"	"YE99_SCHPO"	"O13771"	"O13771"	"4"	"9"	"12657641"	"by homology; inferred by author"	"true positive"	""	"Schizosaccharomyces pombe 972h-"
"ELMI003169"	"DOC"	"DOC_PP2A_B56_1"	"AIM1_HUMAN"	"Q9Y4K1"	"Q9Y4K1 B4DU04 O00296 Q5VWJ2"	"732"	"737"	"27453045"	"alanine scanning; coimmunoprecipitation"	"true positive"	""	"Homo sapiens"
"ELMI003167"	"DOC"	"DOC_PP2A_B56_1"	"ARHG2_HUMAN"	"Q92974"	"Q92974 D3DVA6 O75142 Q15079 Q5VY92 Q8TDA3 Q8WUG4 Q9H023"	"967"	"972"	"27453045"	"alanine scanning; competition binding; isothermal titration calorimetry; mass spectrometry studies of complexes"	"true positive"	""	"Homo sapiens"
"ELMI003174"	"DOC"	"DOC_PP2A_B56_1"	"AXIN1_HUMAN"	"O15169"	"O15169 Q4TT26 Q4TT27 Q86YA7 Q8WVW6 Q96S28"	"238"	"244"	"27453045"	"alanine scanning; coimmunoprecipitation; isothermal titration calorimetry"	"true positive"	""	"Homo sapiens"
"ELMI003175"	"DOC"	"DOC_PP2A_B56_1"	"BRCA2_HUMAN"	"P51587"	"P51587 O00183 O15008 Q13879 Q5TBJ7"	"1114"	"1119"	"27453045"	"alanine scanning; coimmunoprecipitation"	"true positive"	""	"Homo sapiens"
"ELMI003165"	"DOC"	"DOC_PP2A_B56_1"	"BUB1B_HUMAN"	"O60566"	"O60566 B2R6U0 B4DL09 B4DLG3 O60501 O60627 O60758 O75389 Q59HH6 Q8WV50 Q96KM4"	"669"	"674"	"27453045 27998540 27350047"	"alanine scanning; glutathione s tranferase tag; isothermal titration calorimetry; mutation analysis; peptide array; pull down; x-ray crystallography"	"true positive"	"5JJA 5K6S 5SWF"	"Homo sapiens"
"ELMI003171"	"DOC"	"DOC_PP2A_B56_1"	"CCNG1_HUMAN"	"P51959"	"P51959 B2R7B2 B4DLW7 D3DQK7 Q15757 Q96L32"	"287"	"292"	"27453045"	"alanine scanning; coimmunoprecipitation"	"true positive"	""	"Homo sapiens"
"ELMI003182"	"DOC"	"DOC_PP2A_B56_1"	"CDCA2_HUMAN"	"Q69YH5"	"Q69YH5 Q3SX74 Q4G0W0 Q5RKN0 Q69YI4 Q6P464 Q8N7C1"	"590"	"595"	"23746640 27998540"	"alanine scanning; mutation analysis; pull down; western blot; x-ray crystallography"	"true positive"	"5SW9"	"Homo sapiens"
"ELMI003170"	"DOC"	"DOC_PP2A_B56_1"	"CHK2_HUMAN"	"O96017"	"O96017 A8K3Y9 B7ZBF3 B7ZBF4 B7ZBF5 Q6QA03 Q6QA04 Q6QA05 Q6QA06 Q6QA07 Q6QA08 Q6QA10 Q6QA11 Q6QA12 Q6QA13 Q9HCQ8 Q9UGF0 Q9UGF1"	"71"	"76"	"27453045"	"alanine scanning; coimmunoprecipitation; isothermal titration calorimetry"	"true positive"	""	"Homo sapiens"
"ELMI003168"	"DOC"	"DOC_PP2A_B56_1"	"ESPL1_HUMAN"	"Q14674"	"Q14674"	"1485"	"1490"	"27453045"	"alanine scanning; coimmunoprecipitation; isothermal titration calorimetry"	"true positive"	""	"Homo sapiens"
"ELMI003180"	"DOC"	"DOC_PP2A_B56_1"	"FBX43_HUMAN"	"Q4G163"	"Q4G163"	"384"	"390"	"27453045"	"isothermal titration calorimetry"	"true positive"	""	"Homo sapiens"
"ELMI003179"	"DOC"	"DOC_PP2A_B56_1"	"FOXO3_HUMAN"	"O43524"	"O43524 E1P5E6 O15171 Q5T2I7 Q9BZ04"	"448"	"453"	"27453045"	"alanine scanning; isothermal titration calorimetry"	"true positive"	""	"Homo sapiens"
"ELMI003176"	"DOC"	"DOC_PP2A_B56_1"	"KCNH8_HUMAN"	"Q96L42"	"Q96L42 B7Z2I7 Q59GQ6"	"706"	"711"	"27453045"	"alanine scanning; coimmunoprecipitation"	"true positive"	""	"Homo sapiens"
"ELMI003166"	"DOC"	"DOC_PP2A_B56_1"	"KIF4A_HUMAN"	"O95239"	"O95239 B2R7V5 D3DVU4 Q86TN3 Q86XX7 Q9NNY6 Q9NY24 Q9UMW3"	"1224"	"1229"	"27453045"	"alanine scanning; coimmunoprecipitation; isothermal titration calorimetry; mass spectrometry studies of complexes"	"true positive"	""	"Homo sapiens"
"ELMI003181"	"DOC"	"DOC_PP2A_B56_1"	"MAD3_YEAST"	"P47074"	"P47074 D6VWG4"	"477"	"482"	"27453045"	"alanine scanning; coimmunoprecipitation"	"true positive"	""	"Saccharomyces cerevisiae"
"ELMI003178"	"DOC"	"DOC_PP2A_B56_1"	"NCAP_EBOZM"	"P18272"	"P18272 Q773N6 Q8JS64 Q9DQD3 Q9YMG4"	"562"	"567"	"27453045"	"alanine scanning; coimmunoprecipitation"	"true positive"	""	"Ebola virus - Mayinga, Zaire, 1976"
"ELMI003172"	"DOC"	"DOC_PP2A_B56_1"	"NHS_HUMAN"	"Q6T4R5-1"	"Q6T4R5 B7ZVX8 E2DH69 Q5J7Q0 Q5J7Q1 Q68DR5"	"1626"	"1631"	"27453045"	"alanine scanning; coimmunoprecipitation"	"true positive"	""	"Homo sapiens"
"ELMI003177"	"DOC"	"DOC_PP2A_B56_1"	"POL_HTL1C"	"P14078"	"P14078 O56228"	"1378"	"1383"	"27453045"	"alanine scanning; coimmunoprecipitation"	"true positive"	""	"Human T-cell lymphotrophic virus type 1 (Caribbean isolate)"
"ELMI003173"	"DOC"	"DOC_PP2A_B56_1"	"RGAP1_HUMAN"	"Q9H0H5"	"Q9H0H5 Q6PJ26 Q9NWN2 Q9P250 Q9P2W2"	"143"	"148"	"27453045"	"alanine scanning; coimmunoprecipitation; isothermal titration calorimetry"	"true positive"	""	"Homo sapiens"
"ELMI004846"	"DOC"	"DOC_PP2B_LxvP_1"	"ACACB_HUMAN"	"O00763"	"O00763 A6NK36 Q16852 Q1HEC1 Q6KE87 Q6KE89 Q6TY48"	"395"	"398"	"32645368"	"p8 filamentous phage display; pull down"	"true positive"	""	"Homo sapiens"
"ELMI004856"	"DOC"	"DOC_PP2B_LxvP_1"	"AN34C_HUMAN"	"P0C6C1"	"P0C6C1 H3BNM1"	"168"	"171"	"32645368"	"p8 filamentous phage display; pull down"	"true positive"	""	"Homo sapiens"
"ELMI004839"	"DOC"	"DOC_PP2B_LxvP_1"	"CAB45_HUMAN"	"Q9BRK5"	"Q9BRK5 B1AME5 B1AME6 B2RDF1 B4DSM1 Q53G52 Q53HQ9 Q8NBQ3 Q96AA1 Q9NZP7 Q9UN53"	"253"	"256"	"32645368"	"p8 filamentous phage display; pull down"	"true negative"	""	"Homo sapiens"
"ELMI004871"	"DOC"	"DOC_PP2B_LxvP_1"	"CAC1H_HUMAN"	"O95180"	"O95180 B5ME00 F8WFD1 O95802 Q8WWI6 Q96QI6 Q96RZ9 Q9NYY4 Q9NYY5"	"2261"	"2264"	"32645368"	"mutation analysis; pull down"	"true positive"	""	"Homo sapiens"
"ELMI004841"	"DOC"	"DOC_PP2B_LxvP_1"	"CAC1H_HUMAN"	"O95180"	"O95180 B5ME00 F8WFD1 O95802 Q8WWI6 Q96QI6 Q96RZ9 Q9NYY4 Q9NYY5"	"2326"	"2329"	"32645368"	"p8 filamentous phage display; pull down"	"true negative"	""	"Homo sapiens"
"ELMI004872"	"DOC"	"DOC_PP2B_LxvP_1"	"CACL1_HUMAN"	"Q86Y37"	"Q86Y37 Q5XPL7 Q8IY11 Q8N7S4"	"58"	"61"	"32645368"	"mutation analysis; pull down"	"true positive"	""	"Homo sapiens"
"ELMI004849"	"DOC"	"DOC_PP2B_LxvP_1"	"CDR2_HUMAN"	"Q01850"	"Q01850 A8K8A8 Q13977"	"296"	"299"	"32645368"	"p8 filamentous phage display; pull down"	"true positive"	""	"Homo sapiens"
"ELMI004862"	"DOC"	"DOC_PP2B_LxvP_1"	"CLSPN_HUMAN"	"Q9HAW4"	"Q9HAW4 A6NFL4 Q1RMC6 Q2KHM3 Q5VYG0 Q6P6H5 Q8IWI1"	"713"	"716"	"32645368"	"p8 filamentous phage display; pull down"	"true positive"	""	"Homo sapiens"
"ELMI004870"	"DOC"	"DOC_PP2B_LxvP_1"	"CP074_HUMAN"	"Q96GX8"	"Q96GX8 R4GN89"	"33"	"36"	"32645368"	"mutation analysis; pull down"	"true positive"	""	"Homo sapiens"
"ELMI004847"	"DOC"	"DOC_PP2B_LxvP_1"	"DLGP1_HUMAN"	"O14490"	"O14490 A8MWN8 B2RMU8 B7WPA1 B7Z2H2 B7Z2I2 B7Z9Y4 O14489 P78335"	"318"	"321"	"32645368"	"p8 filamentous phage display; pull down"	"true positive"	""	"Homo sapiens"
"ELMI002694"	"DOC"	"DOC_PP2B_LxvP_1"	"DNM1L_RAT"	"O35303"	"O35303 O35318 O35319 O35320 O35321 O35322 O35323 Q5U2W1 Q792T7 Q9R234 Q9R277"	"645"	"648"	"23486469"	"glutathione s tranferase tag; isothermal titration calorimetry; mutation analysis; pull down; western blot"	"true positive"	""	"Rattus norvegicus"
"ELMI004855"	"DOC"	"DOC_PP2B_LxvP_1"	"DTBP1_HUMAN"	"Q96EV8"	"Q96EV8 A8K3V3 Q5THY3 Q5THY4 Q96NV2 Q9H0U2 Q9H3J5"	"283"	"286"	"32645368"	"p8 filamentous phage display; pull down"	"true positive"	""	"Homo sapiens"
"ELMI004852"	"DOC"	"DOC_PP2B_LxvP_1"	"EFC12_HUMAN"	"Q6NXP0"	"Q6NXP0 Q69YX4"	"311"	"314"	"32645368"	"p8 filamentous phage display; pull down"	"true positive"	""	"Homo sapiens"
"ELMI004833"	"DOC"	"DOC_PP2B_LxvP_1"	"ERI6B_HUMAN"	"Q5W0A0"	"Q5W0A0 Q96MB5"	"242"	"245"	"32645368"	"p8 filamentous phage display; pull down"	"true negative"	""	"Homo sapiens"
"ELMI004838"	"DOC"	"DOC_PP2B_LxvP_1"	"EYA3_HUMAN"	"Q99504"	"Q99504 A8K190 B4DIR7 B4DNZ7 O95463 Q8IVX7 Q99813"	"81"	"84"	"32645368"	"p8 filamentous phage display; pull down"	"true negative"	""	"Homo sapiens"
"ELMI004851"	"DOC"	"DOC_PP2B_LxvP_1"	"FA83B_HUMAN"	"Q5T0W9"	"Q5T0W9 Q2M1P3 Q96DQ2"	"614"	"617"	"32645368"	"p8 filamentous phage display; pull down"	"true positive"	""	"Homo sapiens"
"ELMI004853"	"DOC"	"DOC_PP2B_LxvP_1"	"GVIN1_HUMAN"	"Q7Z2Y8"	"Q7Z2Y8 A6NFL2 Q9H8N5"	"207"	"210"	"32645368"	"p8 filamentous phage display; pull down"	"true positive"	""	"Homo sapiens"
"ELMI004837"	"DOC"	"DOC_PP2B_LxvP_1"	"HS12B_HUMAN"	"Q96MM6"	"Q96MM6 D3DVX7 Q2TAK3 Q9BR52"	"2"	"5"	"32645368"	"p8 filamentous phage display; pull down"	"true negative"	""	"Homo sapiens"
"ELMI004850"	"DOC"	"DOC_PP2B_LxvP_1"	"IRK8_HUMAN"	"Q15842"	"Q15842 O00657"	"405"	"408"	"32645368"	"mutation analysis; p8 filamentous phage display; pull down"	"true positive"	""	"Homo sapiens"
"ELMI002692"	"DOC"	"DOC_PP2B_LxvP_1"	"KAP2_BOVIN"	"P00515"	"P00515"	"83"	"86"	"3013843"	"phosphatase assay"	"true positive"	""	"Bos taurus"
"ELMI002693"	"DOC"	"DOC_PP2B_LxvP_1"	"KSR2_HUMAN"	"Q6VAB6"	"Q6VAB6 A0PJT2 Q3B828 Q8N775"	"393"	"396"	"19560418 32645368"	"colocalization; detection by mass spectrometry; glutathione s tranferase tag; mutation analysis; p8 filamentous phage display; pull down"	"true positive"	""	"Homo sapiens"
"ELMI004832"	"DOC"	"DOC_PP2B_LxvP_1"	"LEG10_HUMAN"	"Q05315"	"Q05315 C5HZ13 C5HZ14 Q0VDE3"	"4"	"7"	"32645368"	"p8 filamentous phage display; pull down"	"true negative"	""	"Homo sapiens"
"ELMI004835"	"DOC"	"DOC_PP2B_LxvP_1"	"LMTK2_HUMAN"	"Q8IWU2"	"Q8IWU2 A4D272 Q75MG7 Q9UPS3"	"108"	"111"	"32645368"	"p8 filamentous phage display; pull down"	"true negative"	""	"Homo sapiens"
"ELMI004869"	"DOC"	"DOC_PP2B_LxvP_1"	"M3K7_HUMAN"	"O43318"	"O43318 B2RE27 E1P523 O43317 O43319 Q5TDN2 Q5TDN3 Q5TDT7 Q9NTR3 Q9NZ70"	"422"	"425"	"32645368"	"mutation analysis; pull down"	"true positive"	""	"Homo sapiens"
"ELMI004844"	"DOC"	"DOC_PP2B_LxvP_1"	"NB5R4_HUMAN"	"Q7L1T6"	"Q7L1T6 B1AEM2 Q5TGI9 Q9NUE4 Q9UHI9"	"2"	"5"	"32645368"	"p8 filamentous phage display; pull down"	"true negative"	""	"Homo sapiens"
"ELMI004867"	"DOC"	"DOC_PP2B_LxvP_1"	"NCK5L_HUMAN"	"Q9HCH0"	"Q9HCH0 Q2TB26 Q71RH1 Q8N4W1 Q96HX2"	"589"	"592"	"32645368"	"p8 filamentous phage display; pull down"	"true positive"	""	"Homo sapiens"
"ELMI002687"	"DOC"	"DOC_PP2B_LxvP_1"	"NFAC1_HUMAN"	"O95644"	"O95644 Q12865 Q15793"	"387"	"390"	"19285944 10860980 16407284"	"competition binding; glutathione s tranferase tag; isothermal titration calorimetry; mutation analysis; nuclear magnetic resonance; over expressed level; pull down"	"true positive"	""	"Homo sapiens"
"ELMI004868"	"DOC"	"DOC_PP2B_LxvP_1"	"NFAC1_MOUSE"	"O88942"	"O88942 O70345"	"388"	"391"	"32645368"	"p8 filamentous phage display; pull down"	"true positive"	""	"Mus musculus"
"ELMI002688"	"DOC"	"DOC_PP2B_LxvP_1"	"NFAC2_HUMAN"	"Q13469"	"Q13469 B5B2N8 B5B2N9 Q13468 Q5TFW7 Q5TFW8 Q9NPX6 Q9NQH3 Q9UJR2"	"369"	"372"	"16407284 10860980 32645368"	"competition binding; glutathione s tranferase tag; p8 filamentous phage display; pull down"	"true positive"	""	"Homo sapiens"
"ELMI002689"	"DOC"	"DOC_PP2B_LxvP_1"	"NFAC3_HUMAN"	"Q12968"	"Q12968 O75211 Q14516 Q99840 Q99841 Q99842"	"393"	"396"	"16407284 10860980 11509611"	"competition binding; glutathione s tranferase tag; mutation analysis; pull down"	"true positive"	""	"Homo sapiens"
"ELMI002690"	"DOC"	"DOC_PP2B_LxvP_1"	"NFAC4_HUMAN"	"Q14934"	"Q14934 B4DDG5 B4DY55 B5B2U7 B5B2U8 B5B2U9 B5B2V0 B5B2V1 B5B2V2 B5B2V3 B5B2V4 B5B2V5 B5B2V7 B5B2V8 B5B2V9 B5B2W0 B5B2W1 B5B2W2 B5B2W3 B5B2W4 B5B2W5 B5B2W6 B5B2W7 B5B2W8 B5B2W9 B5B2X0 Q7Z598 Q96H68"	"378"	"381"	"16407284 10860980"	"competition binding; glutathione s tranferase tag; pull down"	"true positive"	""	"Homo sapiens"
"ELMI004843"	"DOC"	"DOC_PP2B_LxvP_1"	"NTH_HUMAN"	"P78549"	"P78549 Q1MVR1 Q99566 Q99794 Q9BPX2"	"82"	"85"	"32645368"	"p8 filamentous phage display; pull down"	"true negative"	""	"Homo sapiens"
"ELMI004845"	"DOC"	"DOC_PP2B_LxvP_1"	"PHF12_HUMAN"	"Q96QT6"	"Q96QT6 Q0VAI5 Q2TAK2 Q6ZML2 Q9BV34 Q9H7U9 Q9P205"	"377"	"380"	"32645368"	"p8 filamentous phage display; pull down"	"true negative"	""	"Homo sapiens"
"ELMI004834"	"DOC"	"DOC_PP2B_LxvP_1"	"PHLP1_HUMAN"	"O60346"	"O60346 A1A4F5 Q641Q7 Q6P4C4 Q6PJI6 Q86TN6 Q96FK2 Q9NUY1"	"1584"	"1587"	"32645368"	"p8 filamentous phage display; pull down"	"true negative"	""	"Homo sapiens"
"ELMI004864"	"DOC"	"DOC_PP2B_LxvP_1"	"PKHA7_HUMAN"	"Q6IQ23"	"Q6IQ23 B4DK33 B4DWC3 Q86VZ7"	"558"	"561"	"32645368"	"p8 filamentous phage display; pull down"	"true positive"	""	"Homo sapiens"
"ELMI004857"	"DOC"	"DOC_PP2B_LxvP_1"	"PKHG2_HUMAN"	"Q9H7P9"	"Q9H7P9 B8ZZK6 C9J0Y4 Q6DHV6 Q96BU2 Q96D18 Q9H699"	"964"	"967"	"32645368"	"p8 filamentous phage display; pull down"	"true positive"	""	"Homo sapiens"
"ELMI004858"	"DOC"	"DOC_PP2B_LxvP_1"	"PPA6_HUMAN"	"Q9NPH0"	"Q9NPH0 Q59G61 Q5T490 Q6IAQ3 Q7LG81 Q9UIG6 X5D289"	"81"	"84"	"32645368"	"p8 filamentous phage display; pull down"	"true positive"	""	"Homo sapiens"
"ELMI002691"	"DOC"	"DOC_PP2B_LxvP_1"	"RCN1_YEAST"	"P36054"	"P36054 D6VX40"	"101"	"104"	"19285944"	"competition binding; glutathione s tranferase tag; mutation analysis; pull down"	"true positive"	""	"Saccharomyces cerevisiae S288c"
"ELMI004865"	"DOC"	"DOC_PP2B_LxvP_1"	"RIMS1_HUMAN"	"Q86UR5"	"Q86UR5 A7MBN6 B7Z2M0 B7Z2Q9 B7Z3S3 B7Z6S2 E7EX08 E9PCB7 E9PCZ1 E9PF48 E9PHF5 E9PHR1 O15048 Q5JY21 Q5JY25 Q5SZK1 Q8TDY9 Q8TDZ5 Q9HBA1 Q9HBA2 Q9HBA3 Q9HBA4 Q9HBA5 Q9HBA6"	"938"	"941"	"32645368"	"p8 filamentous phage display; pull down"	"true positive"	""	"Homo sapiens"
"ELMI004860"	"DOC"	"DOC_PP2B_LxvP_1"	"SAV1_HUMAN"	"Q9H4B6"	"Q9H4B6 A8K4B8 D3DSB6 Q6IA58 Q9H949 Q9HAK9"	"292"	"295"	"32645368"	"p8 filamentous phage display; pull down"	"true positive"	""	"Homo sapiens"
"ELMI004873"	"DOC"	"DOC_PP2B_LxvP_1"	"SL9A1_HUMAN"	"P19634"	"P19634 B1ALD6 D3DPL4 Q96EM2"	"684"	"687"	"31375679"	"isothermal titration calorimetry; nuclear magnetic resonance; phosphatase assay; substitution analysis; x-ray crystallography"	"true positive"	"6NUC 6NUF 6NUU"	"Homo sapiens"
"ELMI004859"	"DOC"	"DOC_PP2B_LxvP_1"	"SP202_HUMAN"	"P0C7V6"	"P0C7V6"	"651"	"654"	"32645368"	"p8 filamentous phage display; pull down"	"true positive"	""	"Homo sapiens"
"ELMI004848"	"DOC"	"DOC_PP2B_LxvP_1"	"SRBS2_HUMAN"	"O94875"	"O94875 A6NEK9 B3KPQ7 B7Z1G5 B7Z3X6 C9JKV9 D3DP62 D3DP63 E9PAS5 E9PAW4 G3XAI0 H7BXR4 J3KNZ5 O60592 O60593 Q96EX0"	"342"	"345"	"32645368"	"p8 filamentous phage display; pull down"	"true positive"	""	"Homo sapiens"
"ELMI004863"	"DOC"	"DOC_PP2B_LxvP_1"	"T200A_HUMAN"	"Q86VY9"	"Q86VY9 Q96PX5"	"327"	"330"	"32645368"	"p8 filamentous phage display; pull down"	"true positive"	""	"Homo sapiens"
"ELMI004854"	"DOC"	"DOC_PP2B_LxvP_1"	"TET1_HUMAN"	"Q8NFU7"	"Q8NFU7 A0A023HHK9 A0A023HHL0 Q5VUP7 Q7Z6B6 Q8TCR1 Q9C0I7"	"433"	"436"	"32645368"	"p8 filamentous phage display; pull down"	"true positive"	""	"Homo sapiens"
"ELMI004840"	"DOC"	"DOC_PP2B_LxvP_1"	"TUTLB_HUMAN"	"Q9UPX0"	"Q9UPX0 G5EA26"	"1085"	"1088"	"32645368"	"p8 filamentous phage display; pull down"	"true negative"	""	"Homo sapiens"
"ELMI004866"	"DOC"	"DOC_PP2B_LxvP_1"	"U2AF2_HUMAN"	"P26368"	"P26368 Q96HC5"	"358"	"361"	"32645368"	"p8 filamentous phage display; pull down"	"true positive"	""	"Homo sapiens"
"ELMI004842"	"DOC"	"DOC_PP2B_LxvP_1"	"YI023_HUMAN"	"Q6ZSN1"	"Q6ZSN1"	"120"	"123"	"32645368"	"p8 filamentous phage display; pull down"	"true negative"	""	"Homo sapiens"
"ELMI004861"	"DOC"	"DOC_PP2B_LxvP_1"	"ZEP2_HUMAN"	"P31629"	"P31629 Q02646 Q5THT5 Q9NS05"	"1007"	"1010"	"32645368"	"p8 filamentous phage display; pull down"	"true positive"	""	"Homo sapiens"
"ELMI004836"	"DOC"	"DOC_PP2B_LxvP_1"	"ZN384_HUMAN"	"Q8TF68"	"Q8TF68 O15407 Q7Z722 Q8N938"	"53"	"56"	"32645368"	"p8 filamentous phage display; pull down"	"true negative"	""	"Homo sapiens"
"ELMI004771"	"DOC"	"DOC_PP2B_PxIxIT_1"	"CAC1H_HUMAN"	"O95180"	"O95180 B5ME00 F8WFD1 O95802 Q8WWI6 Q96QI6 Q96RZ9 Q9NYY4 Q9NYY5"	"2264"	"2269"	"32645368"	"mutation analysis; pull down"	"true positive"	""	"Homo sapiens"
"ELMI004769"	"DOC"	"DOC_PP2B_PxIxIT_1"	"CAN11_HUMAN"	"Q9UMQ6"	"Q9UMQ6 B2RA64 Q5T3G1 Q8N4R5"	"419"	"424"	"32645368"	"p8 filamentous phage display; pull down"	"true positive"	""	"Homo sapiens"
"ELMI004767"	"DOC"	"DOC_PP2B_PxIxIT_1"	"CEAM5_HUMAN"	"P06731"	"P06731 H9KVA7"	"287"	"292"	"32645368"	"p8 filamentous phage display; pull down"	"true positive"	""	"Homo sapiens"
"ELMI004813"	"DOC"	"DOC_PP2B_PxIxIT_1"	"CRZ1_YEAST"	"P53968"	"P53968 D6W1F1"	"331"	"336"	"11877380"	"mutation analysis; two hybrid"	"true positive"	""	"Saccharomyces cerevisiae"
"ELMI004808"	"DOC"	"DOC_PP2B_PxIxIT_1"	"DYN1_HUMAN"	"Q05193-3"	"Q05193 A6NLM6 Q5SYX0 Q5SYX2 Q6P3T6 Q86VD2"	"844"	"849"	"21689596"	"competition binding; glutathione s tranferase tag; mutation analysis; pull down"	"true positive"	""	"Homo sapiens"
"ELMI004766"	"DOC"	"DOC_PP2B_PxIxIT_1"	"FLNA_HUMAN"	"P21333"	"P21333 E9KL45 Q5HY53 Q5HY55 Q8NF52"	"2167"	"2172"	"32645368"	"p8 filamentous phage display; pull down"	"true positive"	""	"Homo sapiens"
"ELMI004812"	"DOC"	"DOC_PP2B_PxIxIT_1"	"HPH1_YEAST"	"Q99332"	"Q99332 D6W322"	"72"	"77"	"15189990"	"mutation analysis; two hybrid"	"true positive"	""	"Saccharomyces cerevisiae"
"ELMI004764"	"DOC"	"DOC_PP2B_PxIxIT_1"	"KCNH6_HUMAN"	"Q9H252"	"Q9H252 Q9BRD7"	"182"	"187"	"32645368"	"p8 filamentous phage display; pull down"	"true positive"	""	"Homo sapiens"
"ELMI004814"	"DOC"	"DOC_PP2B_PxIxIT_1"	"KCNKI_MOUSE"	"Q6VV64"	"Q6VV64 Q1LZJ5 Q1LZM8 Q3MI50 Q3MI51"	"210"	"215"	"16569637"	"glutathione s tranferase tag; mutation analysis; pull down"	"true positive"	""	"Mus musculus"
"ELMI004761"	"DOC"	"DOC_PP2B_PxIxIT_1"	"KCNN2_HUMAN"	"Q9H2S1"	"Q9H2S1 A6NF94 Q0VFZ4 Q6PJI0 Q6X2Y2"	"64"	"69"	"32645368"	"p8 filamentous phage display; pull down"	"true positive"	""	"Homo sapiens"
"ELMI004768"	"DOC"	"DOC_PP2B_PxIxIT_1"	"LCORL_HUMAN"	"Q8N3X6"	"Q8N3X6 Q96NK1"	"408"	"413"	"32645368"	"p8 filamentous phage display; pull down"	"true positive"	""	"Homo sapiens"
"ELMI004757"	"DOC"	"DOC_PP2B_PxIxIT_1"	"LMOD3_HUMAN"	"Q0VAK6"	"Q0VAK6 B4DT85 Q0JTT2 Q5JPG6 Q8IUK4 Q96LS4"	"528"	"533"	"32645368"	"p8 filamentous phage display; pull down"	"true negative"	""	"Homo sapiens"
"ELMI004765"	"DOC"	"DOC_PP2B_PxIxIT_1"	"MTF1_HUMAN"	"Q14872"	"Q14872 B2RAK6 Q96CB1"	"548"	"553"	"32645368"	"p8 filamentous phage display; pull down"	"true positive"	""	"Homo sapiens"
"ELMI004810"	"DOC"	"DOC_PP2B_PxIxIT_1"	"NFAC1_HUMAN"	"O95644"	"O95644 Q12865 Q15793"	"118"	"123"	"17502104"	"nuclear magnetic resonance"	"true positive"	"2JOG"	"Homo sapiens"
"ELMI004805"	"DOC"	"DOC_PP2B_PxIxIT_1"	"NFAC1_PIG"	"O77638"	"O77638"	"110"	"115"	"11000210"	"competition binding; surface plasmon resonance; two hybrid"	"true positive"	""	"Sus scrofa"
"ELMI004809"	"DOC"	"DOC_PP2B_PxIxIT_1"	"NFAC2_MOUSE"	"Q60591"	"Q60591 A2APK2 A2APK3 A2AQC5 A2AQC6 A2AQC7 B5B2Q3 Q60984 Q60985 Q91Y65"	"111"	"116"	"9660947"	"mutation analysis"	"true positive"	""	"Mus musculus"
"ELMI004759"	"DOC"	"DOC_PP2B_PxIxIT_1"	"NRG2_HUMAN"	"O14511"	"O14511"	"616"	"621"	"32645368"	"p8 filamentous phage display; pull down"	"true positive"	""	"Homo sapiens"
"ELMI004758"	"DOC"	"DOC_PP2B_PxIxIT_1"	"NU153_HUMAN"	"P49790"	"P49790 B4DIK2 E7EPX5 F6QR24 Q4LE47 Q5T9I7 Q7Z743"	"485"	"490"	"32645368"	"p8 filamentous phage display; phenotype-based detection assay; phosphatase assay; proximity-dependent biotin identification; pull down"	"true positive"	""	"Homo sapiens"
"ELMI004806"	"DOC"	"DOC_PP2B_PxIxIT_1"	"Q65142_ASF"	"Q65142"	"Q65142"	"205"	"210"	"11000210"	"anti tag coimmunoprecipitation; competition binding; mutation analysis; surface plasmon resonance; two hybrid"	"true positive"	""	"African swine fever virus"
"ELMI004772"	"DOC"	"DOC_PP2B_PxIxIT_1"	"RCAN1_HUMAN"	"P53805"	"P53805 D3DSF9 O00582 O00583 Q53XT0 Q6IBC6 Q7Z555 Q96R03 Q9BU69 Q9UF15 Q9UME4"	"209"	"214"	"32936779"	"isothermal titration calorimetry; nuclear magnetic resonance; phosphatase assay; substitution analysis; x-ray crystallography"	"true positive"	"6UUQ"	"Homo sapiens"
"ELMI004763"	"DOC"	"DOC_PP2B_PxIxIT_1"	"RTN1_HUMAN"	"Q16799"	"Q16799 Q16800 Q16801 Q5BKZ4 Q9BQ59"	"316"	"321"	"32645368"	"p8 filamentous phage display; pull down"	"true positive"	""	"Homo sapiens"
"ELMI004773"	"DOC"	"DOC_PP2B_PxIxIT_1"	"SL9A1_HUMAN"	"P19634"	"P19634 B1ALD6 D3DPL4 Q96EM2"	"715"	"720"	"31375679"	"isothermal titration calorimetry; nuclear magnetic resonance; phosphatase assay; substitution analysis; x-ray crystallography"	"true positive"	"6NUC 6NUF 6NUU"	"Homo sapiens"
"ELMI004811"	"DOC"	"DOC_PP2B_PxIxIT_1"	"SLM1_YEAST"	"P40485"	"P40485 D6VVI2"	"673"	"678"	"16738335"	"mutation analysis; phosphatase assay; two hybrid"	"true positive"	""	"Saccharomyces cerevisiae"
"ELMI004762"	"DOC"	"DOC_PP2B_PxIxIT_1"	"SRCRL_HUMAN"	"A1L4H1"	"A1L4H1 B5MDQ5 C7S7T9 C7S7U0 K7EP70"	"1060"	"1065"	"32645368"	"p8 filamentous phage display; pull down"	"true positive"	""	"Homo sapiens"
"ELMI004770"	"DOC"	"DOC_PP2B_PxIxIT_1"	"TPR_HUMAN"	"P12270"	"P12270 Q15624 Q15655 Q5SWY0 Q99968"	"2083"	"2088"	"32645368"	"mutation analysis; phenotype-based detection assay; phosphatase assay; proximity-dependent biotin identification; pull down"	"true positive"	""	"Homo sapiens"
"ELMI004807"	"DOC"	"DOC_PP2B_PxIxIT_1"	"VF238_ASFM2"	"O36972"	"O36972"	"206"	"211"	"23468591"	"competition binding; isothermal titration calorimetry; mutation analysis; x-ray crystallography"	"true positive"	"4F0Z"	"African swine fever virus Malawi LIL 20/1"
"ELMI004760"	"DOC"	"DOC_PP2B_PxIxIT_1"	"WNK2_HUMAN"	"Q9Y3S1"	"Q9Y3S1 Q5VWF1 Q5VWF2 Q8IY36 Q9C0A3 Q9H3P4"	"1903"	"1908"	"32645368"	"p8 filamentous phage display; pull down"	"true positive"	""	"Homo sapiens"
"ELMI003927"	"DOC"	"DOC_PP4_FxxP_1"	"CCDC6_HUMAN"	"Q16204"	"Q16204 Q15250 Q6GSG7"	"423"	"426"	"31585692"	"anti bait coimmunoprecipitation; isothermal titration calorimetry"	"true positive"	""	"Homo sapiens"
"ELMI003933"	"DOC"	"DOC_PP4_FxxP_1"	"CND1_HUMAN"	"Q15021"	"Q15021 D3DUR4 Q8N6U3"	"1337"	"1340"	"31585692"	"isothermal titration calorimetry"	"true positive"	""	"Homo sapiens"
"ELMI003930"	"DOC"	"DOC_PP4_FxxP_1"	"CNTRB_HUMAN"	"Q8N137"	"Q8N137 A6NHQ1 Q331K3 Q69YV7 Q8NCB8 Q8WXV3 Q96CQ7 Q9C060"	"771"	"774"	"31585692"	"anti bait coimmunoprecipitation; isothermal titration calorimetry"	"true positive"	""	"Homo sapiens"
"ELMI003932"	"DOC"	"DOC_PP4_FxxP_1"	"MELK_HUMAN"	"Q14680"	"Q14680 A6P3A7 A6P3A8 B1AMQ6 B7Z1E6 B7Z5M5 B7Z6Q7 B7Z6R8 B7Z6Y0 B7Z7Q1 D3DRP8 F5H0Y0 F5H2R4 F5H689 Q7L3C3"	"439"	"442"	"31585692"	"anti bait coimmunoprecipitation; isothermal titration calorimetry"	"true positive"	""	"Homo sapiens"
"ELMI003928"	"DOC"	"DOC_PP4_FxxP_1"	"MPIP1_HUMAN"	"P30304"	"P30304 Q8IZH5 Q96IL3 Q9H2F2"	"148"	"151"	"31585692"	"anti bait coimmunoprecipitation; isothermal titration calorimetry"	"true positive"	""	"Homo sapiens"
"ELMI003929"	"DOC"	"DOC_PP4_FxxP_1"	"MPIP2_HUMAN"	"P30305"	"P30305 D3DVY1 D3DVY2 D3DVY3 D3DVY4 O43551 Q13971 Q5JX77 Q6RSS1 Q9BRA6"	"199"	"202"	"31585692"	"anti bait coimmunoprecipitation; isothermal titration calorimetry"	"true positive"	""	"Homo sapiens"
"ELMI003936"	"DOC"	"DOC_PP4_FxxP_1"	"NADAP_HUMAN"	"Q9BWU0"	"Q9BWU0 A6NJ39 Q4KMT1 Q4KMX0 Q7Z5Q9 Q9NVN2"	"74"	"77"	"31585692"	"anti bait coimmunoprecipitation; isothermal titration calorimetry"	"true positive"	""	"Homo sapiens"
"ELMI003935"	"DOC"	"DOC_PP4_FxxP_1"	"PCDB8_HUMAN"	"Q9UN66"	"Q9UN66 B9EGV1"	"767"	"770"	"31585692"	"isothermal titration calorimetry"	"true positive"	""	"Homo sapiens"
"ELMI003934"	"DOC"	"DOC_PP4_FxxP_1"	"PCDGM_HUMAN"	"Q9Y5F6"	"Q9Y5F6 Q9Y5C2"	"789"	"792"	"31585692"	"isothermal titration calorimetry"	"true positive"	""	"Homo sapiens"
"ELMI003931"	"DOC"	"DOC_PP4_FxxP_1"	"PRP16_HUMAN"	"Q92620"	"Q92620 B4DVG8 D3DWS7 O75212 Q96HN7"	"39"	"42"	"31585692"	"anti bait coimmunoprecipitation; isothermal titration calorimetry"	"true positive"	""	"Homo sapiens"
"ELMI003941"	"DOC"	"DOC_PP4_FxxP_1"	"Q9VHP9_DROME"	"Q9VHP9"	"Q9VHP9 Q9VHP8"	"1057"	"1060"	"25562660"	"isothermal titration calorimetry"	"true positive"	""	"Drosophila melanogaster"
"ELMI003940"	"DOC"	"DOC_PP4_FxxP_1"	"SETX_HUMAN"	"Q7Z333"	"Q7Z333 A2A396 B2RPB2 B5ME16 C9JQ10 O75120 Q3KQX4 Q5JUJ1 Q68DW5 Q6AZD7 Q7Z3J6 Q8WX33 Q9H9D1 Q9NVP9"	"1579"	"1582"	"31585692"	"isothermal titration calorimetry"	"true positive"	""	"Homo sapiens"
"ELMI003937"	"DOC"	"DOC_PP4_FxxP_1"	"VAV_HUMAN"	"P15498"	"P15498 B4DVK9 M0QXX6 Q15860"	"765"	"768"	"31585692"	"isothermal titration calorimetry"	"true positive"	""	"Homo sapiens"
"ELMI003938"	"DOC"	"DOC_PP4_FxxP_1"	"WAPL_HUMAN"	"Q7Z5K2"	"Q7Z5K2 A7E2B5 Q5VSK5 Q8IX10 Q92549"	"596"	"599"	"31585692"	"isothermal titration calorimetry"	"true positive"	""	"Homo sapiens"
"ELMI003939"	"DOC"	"DOC_PP4_FxxP_1"	"YAP1_HUMAN"	"P46937"	"P46937 Q7Z574 Q8IUY9"	"95"	"98"	"31585692"	"isothermal titration calorimetry"	"true positive"	""	"Homo sapiens"
"ELMI003942"	"DOC"	"DOC_PP4_MxPP_1"	"MCE1_HUMAN"	"O60942"	"O60942 E1P513 E1P514 O43483 O60257 O60351 Q5TCW8 Q8WUM8"	"585"	"588"	"31585692"	"anti bait coimmunoprecipitation; isothermal titration calorimetry"	"true positive"	""	"Homo sapiens"
"ELMI003943"	"DOC"	"DOC_PP4_MxPP_1"	"TAF1L_HUMAN"	"Q8IZX4"	"Q8IZX4 Q0VG57"	"155"	"158"	"31585692"	"anti bait coimmunoprecipitation; isothermal titration calorimetry"	"true positive"	""	"Homo sapiens"
"ELMI004824"	"DOC"	"DOC_PUB_PIM_1"	"OTUL_HUMAN"	"Q96BN8"	"Q96BN8 D3DTD3 Q8NAS0 Q96IA3"	"53"	"57"	"24726323 24726327"	"coimmunoprecipitation; mutation analysis; pull down; x-ray crystallography"	"true positive"	"4OYK 4P0B"	"Homo sapiens"
"ELMI004825"	"DOC"	"DOC_PUB_PIM_1"	"SPAT2_HUMAN"	"Q9UM82"	"Q9UM82 E1P626 O94857"	"335"	"339"	"27545878 27591049"	"coimmunoprecipitation; deletion analysis; fluorescence polarization spectroscopy; isothermal titration calorimetry; mutation analysis; peptide array; x-ray crystallography"	"true positive"	"5LJN"	"Homo sapiens"
"ELMI004884"	"DOC"	"DOC_RSK_DDVF_1"	"ORF45_HHV8P"	"F5HDE4"	"F5HDE4"	"63"	"66"	"35091472 35078976"	"coimmunoprecipitation; x-ray crystallography"	"true positive"	"7OPO"	"Human herpesvirus 8 strain GK18"
"ELMI004882"	"DOC"	"DOC_RSK_DDVF_1"	"POLG_TMEVB"	"P08544"	"P08544 Q88583 Q88584 Q88585 Q88586 Q88587 Q88588 Q88589 Q88590 Q88591 Q88592"	"45"	"48"	"35091472"	"coimmunoprecipitation"	"true positive"	""	"Theiler""s encephalomyelitis virus (STRAIN BEAN 8386)"
"ELMI004881"	"DOC"	"DOC_RSK_DDVF_1"	"POLG_TMEVD"	"P13899"	"P13899 Q88564 Q88565 Q88566 Q88567 Q88568 Q88569 Q88570 Q88571 Q88572 Q88573 Q88574 Q89580 S4UVR9"	"45"	"48"	"35091472"	"coimmunoprecipitation"	"true positive"	""	"Theiler""s encephalomyelitis virus (STRAIN DA)"
"ELMI004883"	"DOC"	"DOC_RSK_DDVF_1"	"POLG_TMEVG"	"P08545"	"P08545 Q88593 Q88594"	"45"	"48"	"35091472"	"coimmunoprecipitation"	"true positive"	""	"Theiler""s encephalomyelitis virus (STRAIN GDVII)"
"ELMI004885"	"DOC"	"DOC_RSK_DDVF_1"	"YOPM_YERPE"	"P17778"	"P17778 O68701"	"405"	"408"	"35091472"	"coimmunoprecipitation"	"true positive"	""	"Yersinia pestis"
"ELMI001484"	"DOC"	"DOC_SPAK_OSR1_1"	"A6BLY8_MOUSE"	"A6BLY8"	"A6BLY8"	"1336"	"1340"	"17267545"	"coimmunoprecipitation; mutation analysis; two hybrid"	"true positive"	""	"Mus musculus"
"ELMI001485"	"DOC"	"DOC_SPAK_OSR1_1"	"A6BLY8_MOUSE"	"A6BLY8"	"A6BLY8"	"1346"	"1350"	"17267545"	"coimmunoprecipitation; mutation analysis; two hybrid"	"true positive"	""	"Mus musculus"
"ELMI001480"	"DOC"	"DOC_SPAK_OSR1_1"	"S12A1_MOUSE"	"P55014"	"P55014 O35938 Q91W55 Q9Z1E0"	"16"	"20"	"12386165"	"alanine scanning; two hybrid"	"true positive"	""	"Mus musculus"
"ELMI001481"	"DOC"	"DOC_SPAK_OSR1_1"	"S12A2_MOUSE"	"P55012"	"P55012 E9PYU3"	"77"	"81"	"17595523 14563843"	"mutation analysis; two hybrid"	"true positive"	""	"Mus musculus"
"ELMI001482"	"DOC"	"DOC_SPAK_OSR1_1"	"S12A2_MOUSE"	"P55012"	"P55012 E9PYU3"	"133"	"137"	"17595523 14563843"	"mutation analysis; two hybrid"	"true positive"	""	"Mus musculus"
"ELMI001486"	"DOC"	"DOC_SPAK_OSR1_1"	"S12A3_HUMAN"	"P55017"	"P55017 A8MSJ2 C9JNN9"	"19"	"23"	"18270262"	"mutation analysis"	"true positive"	""	"Homo sapiens"
"ELMI001483"	"DOC"	"DOC_SPAK_OSR1_1"	"S12A6_MOUSE"	"Q924N4"	"Q924N4 A2AGK1 Q924N3"	"14"	"18"	"12386165"	"glutathione s tranferase tag; mutation analysis; pull down; two hybrid"	"true positive"	""	"Mus musculus"
"ELMI001487"	"DOC"	"DOC_SPAK_OSR1_1"	"WNK1_HUMAN"	"Q9H4A3"	"Q9H4A3 A1L4B0 C5HTZ5 C5HTZ6 C5HTZ7 O15052 P54963 Q4VBX9 Q6IFS5 Q86WL5 Q8N673 Q9P1S9"	"1257"	"1261"	"16263722"	"mutation analysis"	"true positive"	""	"Homo sapiens"
"ELMI001489"	"DOC"	"DOC_SPAK_OSR1_1"	"WNK1_HUMAN"	"Q9H4A3"	"Q9H4A3 A1L4B0 C5HTZ5 C5HTZ6 C5HTZ7 O15052 P54963 Q4VBX9 Q6IFS5 Q86WL5 Q8N673 Q9P1S9"	"1859"	"1863"	"16263722"	"mutation analysis"	"true positive"	""	"Homo sapiens"
"ELMI001488"	"DOC"	"DOC_SPAK_OSR1_1"	"WNK1_HUMAN"	"Q9H4A3"	"Q9H4A3 A1L4B0 C5HTZ5 C5HTZ6 C5HTZ7 O15052 P54963 Q4VBX9 Q6IFS5 Q86WL5 Q8N673 Q9P1S9"	"1945"	"1949"	"16263722"	"mutation analysis"	"true positive"	""	"Homo sapiens"
"ELMI001490"	"DOC"	"DOC_SPAK_OSR1_1"	"WNK1_HUMAN"	"Q9H4A3"	"Q9H4A3 A1L4B0 C5HTZ5 C5HTZ6 C5HTZ7 O15052 P54963 Q4VBX9 Q6IFS5 Q86WL5 Q8N673 Q9P1S9"	"1957"	"1961"	"16263722"	"mutation analysis"	"true positive"	""	"Homo sapiens"
"ELMI001491"	"DOC"	"DOC_SPAK_OSR1_1"	"WNK4_HUMAN"	"Q96J92"	"Q96J92 Q8N8X3 Q8N8Z2 Q96DT8 Q9BYS5"	"1016"	"1020"	"17721439"	"mutation analysis; surface plasmon resonance; x-ray crystallography"	"true positive"	"2V3S"	"Homo sapiens"
"ELMI001479"	"DOC"	"DOC_SPAK_OSR1_1"	"WNK4_MOUSE"	"Q80UE6"	"Q80UE6 A2A4J7 Q4VAC1 Q80XB5 Q80XN2 Q8R0N0 Q8R340"	"996"	"1000"	"15930150"	"mutation analysis; two hybrid"	"true positive"	""	"Mus musculus"
"ELMI004919"	"DOC"	"DOC_TBK1_STING_1"	"IRAK2_HUMAN"	"O43187"	"O43187 B4DQZ6 Q08AG6 Q5K546"	"160"	"168"	""	"sequence based prediction"	"unknown"	""	"Homo sapiens"
"ELMI004922"	"DOC"	"DOC_TBK1_STING_1"	"STING_CHICK"	"E1C7U0"	"E1C7U0 A0A1D5P7Q9"	"369"	"377"	"30842653 28837824"	"coimmunoprecipitation; electron microscopy"	"true positive"	"6NT9"	"Gallus gallus"
"ELMI004923"	"DOC"	"DOC_TBK1_STING_1"	"STING_HUMAN"	"Q86WV6"	"Q86WV6 A8K3P6 B6EB35 D6RBX0 D6RE01 D6RID9"	"369"	"377"	"30842653 31118511"	"coimmunoprecipitation; mutation decreasing interaction; x-ray crystallography"	"true positive"	"6O8C"	"Homo sapiens"
"ELMI004920"	"DOC"	"DOC_TBK1_STING_1"	"STING_MOUSE"	"Q3TBT3"	"Q3TBT3 A7YGY9 Q3TAV5 Q3TYP5 Q3TZY8 Q3UJW3 Q8C227 Q8C5Q3 Q8K393 Q9CZY7"	"368"	"376"	"33785602 34901991"	"mutation decreasing interaction"	"true positive"	""	"Mus musculus"
"ELMI004921"	"DOC"	"DOC_TBK1_STING_1"	"STING_PIG"	"B8XX90"	"B8XX90"	"368"	"376"	"37660925"	"coimmunoprecipitation; colocalization; mutation decreasing interaction"	"true positive"	""	"Sus scrofa"
"ELMI001069"	"DOC"	"DOC_USP7_MATH_1"	"MDM2_HUMAN"	"Q00987"	"Q00987 A6NL51 A8K2S6 Q13226 Q13297 Q13298 Q13299 Q13300 Q13301 Q53XW0 Q71TW9 Q8WYJ1 Q8WYJ2 Q9UGI3 Q9UMT8"	"147"	"151"	"16474402"	"classical fluorescence spectroscopy; glutathione s tranferase tag; mutation analysis; pull down; x-ray crystallography"	"true positive"	"2FOP"	"Homo sapiens"
"ELMI001070"	"DOC"	"DOC_USP7_MATH_1"	"MDM2_HUMAN"	"Q00987"	"Q00987 A6NL51 A8K2S6 Q13226 Q13297 Q13298 Q13299 Q13300 Q13301 Q53XW0 Q71TW9 Q8WYJ1 Q8WYJ2 Q9UGI3 Q9UMT8"	"226"	"230"	"16402859"	"isothermal titration calorimetry; x-ray crystallography"	"true positive"	"2F1Y"	"Homo sapiens"
"ELMI002454"	"DOC"	"DOC_USP7_MATH_1"	"MDM2_HUMAN"	"Q00987"	"Q00987 A6NL51 A8K2S6 Q13226 Q13297 Q13298 Q13299 Q13300 Q13301 Q53XW0 Q71TW9 Q8WYJ1 Q8WYJ2 Q9UGI3 Q9UMT8"	"385"	"389"	"20713061"	"classical fluorescence spectroscopy"	"true negative"	""	"Homo sapiens"
"ELMI002274"	"DOC"	"DOC_USP7_MATH_1"	"MDM2_HUMAN"	"Q00987"	"Q00987 A6NL51 A8K2S6 Q13226 Q13297 Q13298 Q13299 Q13300 Q13301 Q53XW0 Q71TW9 Q8WYJ1 Q8WYJ2 Q9UGI3 Q9UMT8"	"397"	"401"	"20713061"	"classical fluorescence spectroscopy; mutation analysis; x-ray crystallography"	"true positive"	"3MQS"	"Homo sapiens"
"ELMI002272"	"DOC"	"DOC_USP7_MATH_1"	"MDM4_HUMAN"	"O15151"	"O15151 Q2M2Y2 Q32SL2 Q6GS18 Q8IV83"	"8"	"12"	"20713061"	"classical fluorescence spectroscopy; glutathione s tranferase tag; mutation analysis; pull down"	"true positive"	""	"Homo sapiens"
"ELMI002455"	"DOC"	"DOC_USP7_MATH_1"	"MDM4_HUMAN"	"O15151"	"O15151 Q2M2Y2 Q32SL2 Q6GS18 Q8IV83"	"388"	"392"	"20713061"	"classical fluorescence spectroscopy"	"true negative"	""	"Homo sapiens"
"ELMI002273"	"DOC"	"DOC_USP7_MATH_1"	"MDM4_HUMAN"	"O15151"	"O15151 Q2M2Y2 Q32SL2 Q6GS18 Q8IV83"	"398"	"402"	"20713061"	"classical fluorescence spectroscopy; glutathione s tranferase tag; mutation analysis; pull down; x-ray crystallography"	"true positive"	"3MQR"	"Homo sapiens"
"ELMI002456"	"DOC"	"DOC_USP7_MATH_1"	"MDM4_HUMAN"	"O15151"	"O15151 Q2M2Y2 Q32SL2 Q6GS18 Q8IV83"	"470"	"474"	"20713061"	"classical fluorescence spectroscopy"	"true negative"	""	"Homo sapiens"
"ELMI001067"	"DOC"	"DOC_USP7_MATH_1"	"P53_HUMAN"	"P04637"	"P04637 Q15086 Q15087 Q15088 Q16535 Q16807 Q16808 Q16809 Q16810 Q16811 Q16848 Q2XN98 Q3LRW1 Q3LRW2 Q3LRW3 Q3LRW4 Q3LRW5 Q86UG1 Q8J016 Q99659 Q9BTM4 Q9HAQ8 Q9NP68 Q9NPJ2 Q9NZD0 Q9UBI2 Q9UQ61"	"359"	"363"	"16474402 16402859"	"classical fluorescence spectroscopy; isothermal titration calorimetry; mutation analysis; x-ray crystallography"	"true positive"	"2F1X 2FOO"	"Homo sapiens"
"ELMI001068"	"DOC"	"DOC_USP7_MATH_1"	"P53_HUMAN"	"P04637"	"P04637 Q15086 Q15087 Q15088 Q16535 Q16807 Q16808 Q16809 Q16810 Q16811 Q16848 Q2XN98 Q3LRW1 Q3LRW2 Q3LRW3 Q3LRW4 Q3LRW5 Q86UG1 Q8J016 Q99659 Q9BTM4 Q9HAQ8 Q9NP68 Q9NPJ2 Q9NZD0 Q9UBI2 Q9UQ61"	"364"	"368"	"16474402"	"classical fluorescence spectroscopy; mutation analysis; x-ray crystallography"	"true positive"	"2FOJ"	"Homo sapiens"
"ELMI001071"	"DOC"	"DOC_USP7_MATH_2"	"EBNA1_EBVB9"	"P03211"	"P03211 Q777E1"	"442"	"448"	"15808506"	"classical fluorescence spectroscopy; glutathione s tranferase tag; mutation analysis; pull down; x-ray crystallography"	"true positive"	"1YY6"	"Human herpesvirus 4 (strain B95-8)"
"ELMI003679"	"DOC"	"DOC_USP7_UBL2_3"	"ATX1_HUMAN"	"P54253"	"P54253 Q17S02 Q9UJG2 Q9Y4J1"	"745"	"749"	"12093161"	"beta galactosidase complementation; glutathione s tranferase tag; pull down; western blot"	"unknown"	""	"Homo sapiens"
"ELMI003683"	"DOC"	"DOC_USP7_UBL2_3"	"DNMT1_HUMAN"	"P26358"	"P26358 A0AV63 B7ZLW6 Q9UHG5 Q9ULA2 Q9UMZ6"	"1111"	"1115"	"25960197"	"amorph; fluorescence microscopy; glutathione s tranferase tag; knock out; mutation disrupting interaction; pull down; ubiquitinase assay; western blot; x-ray crystallography"	"true positive"	"4YOC"	"Homo sapiens"
"ELMI003685"	"DOC"	"DOC_USP7_UBL2_3"	"GUAA_HUMAN"	"P49915"	"P49915 A8K639 B4DXV7 F8W720"	"321"	"325"	"26046769"	"coimmunoprecipitation; fluorescence polarization spectroscopy; glutathione s tranferase tag; pull down"	"true positive"	""	"Homo sapiens"
"ELMI003682"	"DOC"	"DOC_USP7_UBL2_3"	"ICP0_HHV11"	"P08393"	"P08393"	"620"	"624"	"26046769"	"fluorescence polarization spectroscopy; glutathione s tranferase tag; mutation disrupting interaction; pull down; western blot; x-ray crystallography"	"true positive"	"4WPH"	"Herpes simplex virus (type 1 / strain 17)"
"ELMI003681"	"DOC"	"DOC_USP7_UBL2_3"	"MDM2_HUMAN"	"Q00987"	"Q00987 A6NL51 A8K2S6 Q13226 Q13297 Q13298 Q13299 Q13300 Q13301 Q53XW0 Q71TW9 Q8WYJ1 Q8WYJ2 Q9UGI3 Q9UMT8"	"334"	"338"	"20816748"	"gal4 vp16 complementation; glutathione s tranferase tag; pull down; ubiquitinase assay"	"unknown"	""	"Homo sapiens"
"ELMI003680"	"DOC"	"DOC_USP7_UBL2_3"	"P53_HUMAN"	"P04637"	"P04637 Q15086 Q15087 Q15088 Q16535 Q16807 Q16808 Q16809 Q16810 Q16811 Q16848 Q2XN98 Q3LRW1 Q3LRW2 Q3LRW3 Q3LRW4 Q3LRW5 Q86UG1 Q8J016 Q99659 Q9BTM4 Q9HAQ8 Q9NP68 Q9NPJ2 Q9NZD0 Q9UBI2 Q9UQ61"	"382"	"386"	"20816748"	"glutathione s tranferase tag; inhibitor; pull down; ubiquitinase assay"	"unknown"	""	"Homo sapiens"
"ELMI003684"	"DOC"	"DOC_USP7_UBL2_3"	"UHRF1_HUMAN"	"Q96T88"	"Q96T88 A0JBR2 A8K024 B2RBA9 Q2HIX7 Q8J022 Q9H6S6 Q9P115 Q9P1U7"	"646"	"650"	"26046769"	"fluorescence polarization spectroscopy; glutathione s tranferase tag; mutation disrupting interaction; pull down"	"true positive"	""	"Homo sapiens"
"ELMI001211"	"DOC"	"DOC_WD40_RPTOR_TOS_1"	"4EBP1_HUMAN"	"Q13541"	"Q13541 B2R502 D3DSW8 Q6IBN3"	"114"	"118"	"12912989"	"coimmunoprecipitation; far western blotting; glutathione s tranferase tag; mutation analysis; pull down; western blot"	"true positive"	""	"Homo sapiens"
"ELMI001212"	"DOC"	"DOC_WD40_RPTOR_TOS_1"	"4EBP2_HUMAN"	"Q13542"	"Q13542"	"116"	"120"	"12912989"	"coimmunoprecipitation; glutathione s tranferase tag; mutation analysis; pull down; western blot"	"true positive"	""	"Homo sapiens"
"ELMI001213"	"DOC"	"DOC_WD40_RPTOR_TOS_1"	"4EBP3_HUMAN"	"O60516"	"O60516"	"96"	"100"	"12912989"	"coimmunoprecipitation; glutathione s tranferase tag; mutation analysis; pull down; western blot"	"true positive"	""	"Homo sapiens"
"ELMI001214"	"DOC"	"DOC_WD40_RPTOR_TOS_1"	"KS6B1_HUMAN"	"P23443"	"P23443"	"28"	"33"	"12912989"	"inferred by author; sequence based prediction"	"true positive"	""	"Homo sapiens"
"ELMI001215"	"DOC"	"DOC_WD40_RPTOR_TOS_1"	"KS6B2_HUMAN"	"Q9UBS0"	"Q9UBS0 B2RMZ9 O94809 Q9UEC1"	"5"	"10"	"12912989"	"inferred by author; sequence based prediction"	"true positive"	""	"Homo sapiens"
"ELMI002308"	"DOC"	"DOC_WW_Pin1_4"	"A4_HUMAN"	"P05067-4"	"P05067 B2R5V1 D3DSD1 D3DSD2 D3DSD3 P09000 P78438 Q13764 Q13778 Q13793 Q16011 Q16014 Q16019 Q16020 Q6GSC0 Q8WZ99 Q9BT38 Q9UC33 Q9UCA9 Q9UCB6 Q9UCC8 Q9UCD1 Q9UQ58"	"668"	"669"	"16139797"	"coimmunoprecipitation; glutathione s tranferase tag; mutation analysis; phosphatase assay; pull down"	"true positive"	""	"Homo sapiens"
"ELMI002136"	"DOC"	"DOC_WW_Pin1_4"	"A4_HUMAN"	"P05067"	"P05067 B2R5V1 D3DSD1 D3DSD2 D3DSD3 P09000 P78438 Q13764 Q13778 Q13793 Q16011 Q16014 Q16019 Q16020 Q6GSC0 Q8WZ99 Q9BT38 Q9UC33 Q9UCA9 Q9UCB6 Q9UCC8 Q9UCD1 Q9UQ58"	"740"	"745"	"19602287"	"western blot"	"true positive"	""	"Homo sapiens"
"ELMI001989"	"DOC"	"DOC_WW_Pin1_4"	"AATF_HUMAN"	"Q9NY61"	"Q9NY61 A6NCJ6 B3KQ26 Q9P0A4 Q9UNX5"	"143"	"148"	"17468107"	"alanine scanning; coimmunoprecipitation; glutathione s tranferase tag; phosphatase assay; pull down"	"true positive"	""	"Homo sapiens"
"ELMI001979"	"DOC"	"DOC_WW_Pin1_4"	"AGL24_ARATH"	"O82794"	"O82794"	"199"	"204"	"20129060"	"alanine scanning; coimmunoprecipitation; fluorescence technology; glutathione s tranferase tag; nuclear magnetic resonance; phosphatase assay; pull down"	"true positive"	""	"Arabidopsis thaliana"
"ELMI001976"	"DOC"	"DOC_WW_Pin1_4"	"AKT1_HUMAN"	"P31749"	"P31749 B2RAM5 Q9BWB6"	"89"	"94"	"19448664"	"alanine scanning; coimmunoprecipitation; competition binding; glutathione s tranferase tag; pull down"	"true positive"	""	"Homo sapiens"
"ELMI001977"	"DOC"	"DOC_WW_Pin1_4"	"AKT1_HUMAN"	"P31749"	"P31749 B2RAM5 Q9BWB6"	"447"	"452"	"19448664"	"alanine scanning; coimmunoprecipitation; competition binding; glutathione s tranferase tag; pull down"	"true positive"	""	"Homo sapiens"
"ELMI001997"	"DOC"	"DOC_WW_Pin1_4"	"ARBK1_MOUSE"	"Q99MK8"	"Q99MK8 Q99LL8"	"667"	"672"	"20080565"	"alanine scanning; radiolabel"	"true positive"	""	"Mus musculus"
"ELMI002025"	"DOC"	"DOC_WW_Pin1_4"	"B2L11_MOUSE"	"O54918"	"O54918 A2ALQ6 O54919 O54920"	"62"	"67"	"1650491"	"alanine scanning; coimmunoprecipitation; glutathione s tranferase tag; pull down; western blot"	"true positive"	""	"Mus musculus"
"ELMI002033"	"DOC"	"DOC_WW_Pin1_4"	"BTG2_HUMAN"	"P78543"	"P78543 Q3KR25 Q5VUT0"	"144"	"149"	"15788397"	"coimmunoprecipitation; glutathione s tranferase tag; mutation analysis; pull down"	"true positive"	""	"Homo sapiens"
"ELMI001998"	"DOC"	"DOC_WW_Pin1_4"	"BTK_MOUSE"	"P35991"	"P35991 Q61365"	"18"	"23"	"16644721"	"alanine scanning; coimmunoprecipitation"	"true positive"	""	"Mus musculus"
"ELMI001999"	"DOC"	"DOC_WW_Pin1_4"	"BTK_MOUSE"	"P35991"	"P35991 Q61365"	"112"	"117"	"16644721"	"alanine scanning; coimmunoprecipitation"	"true positive"	""	"Mus musculus"
"ELMI001963"	"DOC"	"DOC_WW_Pin1_4"	"CCND1_MOUSE"	"P25322"	"P25322"	"283"	"288"	"11805292"	"glutathione s tranferase tag; mutation analysis; pull down"	"true positive"	""	"Mus musculus"
"ELMI001983"	"DOC"	"DOC_WW_Pin1_4"	"CCNE1_MOUSE"	"Q61457"	"Q61457 Q05BA1 Q05BA6 Q05BB7"	"382"	"387"	"16223725"	"coimmunoprecipitation; glutathione s tranferase tag; mutation analysis; pull down"	"true positive"	""	"Mus musculus"
"ELMI001962"	"DOC"	"DOC_WW_Pin1_4"	"CDN1B_HUMAN"	"P46527"	"P46527 Q16307 Q5U0H2 Q9BUS6"	"184"	"189"	"19584057"	"coimmunoprecipitation; fluorescence technology; mutation analysis"	"true positive"	""	"Homo sapiens"
"ELMI002035"	"DOC"	"DOC_WW_Pin1_4"	"CEP55_MOUSE"	"Q8BT07"	"Q8BT07 Q8C2J0 Q8K2I8 Q8R2Y4 Q9DBZ8"	"420"	"425"	"19638580"	"alanine scanning; glutathione s tranferase tag; phosphatase assay; pull down"	"true positive"	""	"Mus musculus"
"ELMI001978"	"DOC"	"DOC_WW_Pin1_4"	"CEP55_MOUSE"	"Q8BT07"	"Q8BT07 Q8C2J0 Q8K2I8 Q8R2Y4 Q9DBZ8"	"423"	"428"	"19638580"	"alanine scanning; glutathione s tranferase tag; phosphatase assay; pull down"	"true positive"	""	"Mus musculus"
"ELMI002010"	"DOC"	"DOC_WW_Pin1_4"	"CRTC2_MOUSE"	"Q3U182"	"Q3U182 Q3TA52 Q8BH09"	"133"	"138"	"20675384"	"alanine scanning; coimmunoprecipitation; glutathione s tranferase tag; pull down"	"true positive"	""	"Mus musculus"
"ELMI001964"	"DOC"	"DOC_WW_Pin1_4"	"CTNB1_HUMAN"	"P35222"	"P35222 A8K1L7 Q8NEW9 Q8NI94 Q9H391"	"243"	"248"	"11533658"	"alanine scanning; coimmunoprecipitation; glutathione s tranferase tag; phosphatase assay; pull down"	"true positive"	""	"Homo sapiens"
"ELMI002008"	"DOC"	"DOC_WW_Pin1_4"	"DAXX_HUMAN"	"Q9UER7"	"Q9UER7 O14747 O15141 O15208 Q5STK9 Q9BWI3"	"175"	"180"	"17938171"	"coimmunoprecipitation; glutathione s tranferase tag; mutation analysis; phosphatase assay; pull down"	"true positive"	""	"Homo sapiens"
"ELMI002032"	"DOC"	"DOC_WW_Pin1_4"	"FAK1_HUMAN"	"Q05397"	"Q05397 Q14291 Q9UD85"	"907"	"912"	"19595712"	"classical fluorescence spectroscopy; glutathione s tranferase tag; mutation analysis; pull down; western blot"	"true positive"	""	"Homo sapiens"
"ELMI002137"	"DOC"	"DOC_WW_Pin1_4"	"FAK1_MOUSE"	"P34152-3"	"P34152 O08578 Q5DTH7 Q8C513 Q8CFH7 Q8CHM2 Q8K2S0 Q9DAW3"	"907"	"912"	"19595712"	"classical fluorescence spectroscopy; glutathione s tranferase tag; mutation analysis; protein kinase assay; pull down; western blot"	"true positive"	""	"Mus musculus"
"ELMI002026"	"DOC"	"DOC_WW_Pin1_4"	"FBX5A_XENLA"	"Q90Z80"	"Q90Z80"	"7"	"12"	"17159919"	"alanine scanning; glutathione s tranferase tag; pull down"	"true positive"	""	"Xenopus laevis"
"ELMI002451"	"DOC"	"DOC_WW_Pin1_4"	"FBXW7_HUMAN"	"Q969H0"	"Q969H0 B7ZLP9 Q68DR0 Q96A16 Q96LE0 Q96RI2 Q9NUX6"	"202"	"207"	"22608923"	"anti tag coimmunoprecipitation; coimmunoprecipitation; glutathione s tranferase tag; mutation analysis; pull down"	"true positive"	""	"Homo sapiens"
"ELMI001972"	"DOC"	"DOC_WW_Pin1_4"	"FOS_MOUSE"	"P01101"	"P01101"	"229"	"234"	"16123044"	"alanine scanning; glutathione s tranferase tag; pull down"	"true positive"	""	"Mus musculus"
"ELMI001973"	"DOC"	"DOC_WW_Pin1_4"	"FOS_MOUSE"	"P01101"	"P01101"	"322"	"327"	"16123044"	"alanine scanning; glutathione s tranferase tag; pull down"	"true positive"	""	"Mus musculus"
"ELMI001974"	"DOC"	"DOC_WW_Pin1_4"	"FOS_MOUSE"	"P01101"	"P01101"	"328"	"333"	"16123044"	"alanine scanning; glutathione s tranferase tag; pull down"	"true positive"	""	"Mus musculus"
"ELMI001975"	"DOC"	"DOC_WW_Pin1_4"	"FOS_MOUSE"	"P01101"	"P01101"	"371"	"376"	"16123044"	"alanine scanning; glutathione s tranferase tag; pull down"	"true positive"	""	"Mus musculus"
"ELMI002009"	"DOC"	"DOC_WW_Pin1_4"	"FUBP2_HUMAN"	"Q92945"	"Q92945 O00301 Q59EZ9 Q5U4P6 Q9UNT5 Q9UQH5"	"178"	"183"	"19770516"	"coimmunoprecipitation; mutation analysis"	"true positive"	""	"Homo sapiens"
"ELMI002022"	"DOC"	"DOC_WW_Pin1_4"	"GEPH_MOUSE"	"Q8BUV3"	"Q8BUV3 E9QKJ1"	"185"	"190"	"17347650"	"coimmunoprecipitation; glutathione s tranferase tag; mutation analysis; phosphatase assay; pull down"	"true positive"	""	"Mus musculus"
"ELMI002023"	"DOC"	"DOC_WW_Pin1_4"	"GEPH_MOUSE"	"Q8BUV3"	"Q8BUV3 E9QKJ1"	"191"	"196"	"17347650"	"coimmunoprecipitation; glutathione s tranferase tag; mutation analysis; phosphatase assay; pull down"	"true positive"	""	"Mus musculus"
"ELMI002024"	"DOC"	"DOC_WW_Pin1_4"	"GEPH_MOUSE"	"Q8BUV3"	"Q8BUV3 E9QKJ1"	"197"	"202"	"17347650"	"coimmunoprecipitation; glutathione s tranferase tag; mutation analysis; phosphatase assay; pull down"	"true positive"	""	"Mus musculus"
"ELMI002000"	"DOC"	"DOC_WW_Pin1_4"	"IRF3_HUMAN"	"Q14653"	"Q14653 A8K7L2"	"336"	"341"	"16699525"	"coimmunoprecipitation; glutathione s tranferase tag; mutation analysis; phosphatase assay; pull down; western blot"	"true positive"	""	"Homo sapiens"
"ELMI002011"	"DOC"	"DOC_WW_Pin1_4"	"IRS1_HUMAN"	"P35568"	"P35568"	"431"	"436"	"21454638"	"alanine scanning; coimmunoprecipitation; glutathione s tranferase tag; mutation analysis; pull down"	"true positive"	""	"Homo sapiens"
"ELMI001965"	"DOC"	"DOC_WW_Pin1_4"	"JUN_HUMAN"	"P05412"	"P05412 Q96G93"	"60"	"65"	"11432833"	"alanine scanning; coimmunoprecipitation; glutathione s tranferase tag; pull down"	"true positive"	""	"Homo sapiens"
"ELMI001966"	"DOC"	"DOC_WW_Pin1_4"	"JUN_HUMAN"	"P05412"	"P05412 Q96G93"	"70"	"75"	"11432833"	"alanine scanning; coimmunoprecipitation; glutathione s tranferase tag; pull down"	"true positive"	""	"Homo sapiens"
"ELMI002307"	"DOC"	"DOC_WW_Pin1_4"	"KI20B_HUMAN"	"Q96Q89-3"	"Q96Q89 A8MXM7 O43277 Q09471 Q2KQ73 Q32NE1 Q561V3 Q58EX8 Q5T9M8 Q5T9M9 Q5T9N0 Q5T9N1 Q7KZ68 Q7Z5E0 Q7Z5E1 Q7Z6M9 Q86X82 Q9H3R8 Q9H6Q9 Q9H755 Q9NTC1 Q9UFR5"	"1601"	"1606"	"11470801"	"coimmunoprecipitation; western blot"	"true positive"	""	"Homo sapiens"
"ELMI002006"	"DOC"	"DOC_WW_Pin1_4"	"MEF2C_MOUSE"	"Q8CFN5"	"Q8CFN5 Q8R0H1 Q9D7L0 Q9QW20"	"95"	"100"	"20801874"	"alanine scanning; coimmunoprecipitation; glutathione s tranferase tag; mutation analysis; phosphatase assay; pull down; western blot"	"true positive"	""	"Mus musculus"
"ELMI002007"	"DOC"	"DOC_WW_Pin1_4"	"MEF2C_MOUSE"	"Q8CFN5"	"Q8CFN5 Q8R0H1 Q9D7L0 Q9QW20"	"107"	"112"	"20801874"	"alanine scanning; coimmunoprecipitation; glutathione s tranferase tag; mutation analysis; phosphatase assay; pull down; western blot"	"true positive"	""	"Mus musculus"
"ELMI002015"	"DOC"	"DOC_WW_Pin1_4"	"MYB_MOUSE"	"P06876"	"P06876 E9QMG8 Q61929"	"525"	"530"	"18359295"	"coimmunoprecipitation; glutathione s tranferase tag; mutation analysis; pull down"	"true positive"	""	"Mus musculus"
"ELMI001982"	"DOC"	"DOC_WW_Pin1_4"	"MYC_HUMAN"	"P01106"	"P01106 A8WFE7 P01107 Q14026"	"55"	"60"	"15048125"	"alanine scanning; glutathione s tranferase tag; pull down; western blot"	"true positive"	""	"Homo sapiens"
"ELMI002301"	"DOC"	"DOC_WW_Pin1_4"	"MYC_HUMAN"	"P01106"	"P01106 A8WFE7 P01107 Q14026"	"59"	"64"	"15048125"	"alanine scanning; glutathione s tranferase tag; pull down; western blot"	"true positive"	""	"Homo sapiens"
"ELMI001952"	"DOC"	"DOC_WW_Pin1_4"	"NANOG_MOUSE"	"Q80Z64"	"Q80Z64 Q6SMR1 Q7TN85"	"49"	"54"	"20622153"	"alanine scanning; coimmunoprecipitation; glutathione s tranferase tag; pull down"	"true positive"	""	"Mus musculus"
"ELMI001953"	"DOC"	"DOC_WW_Pin1_4"	"NANOG_MOUSE"	"Q80Z64"	"Q80Z64 Q6SMR1 Q7TN85"	"62"	"67"	"20622153"	"alanine scanning; coimmunoprecipitation; glutathione s tranferase tag; pull down"	"true positive"	""	"Mus musculus"
"ELMI002016"	"DOC"	"DOC_WW_Pin1_4"	"NCF1_HUMAN"	"P14598"	"P14598 A6NEH2 A8K7S9 O43842 Q2PP07 Q53FR5 Q9BU90 Q9BXI7 Q9BXI8 Q9UDV9 Q9UMU2"	"342"	"347"	"20956805"	"far western blotting; glutathione s tranferase tag; pull down"	"true positive"	""	"Homo sapiens"
"ELMI002001"	"DOC"	"DOC_WW_Pin1_4"	"NCOR2_HUMAN"	"Q9Y618"	"Q9Y618 O00613 O15416 O15421 Q13354 Q56D06 Q59GM0 Q9Y5U0"	"1238"	"1243"	"18838553"	"coimmunoprecipitation; glutathione s tranferase tag; mutation analysis; pull down; two hybrid"	"true positive"	""	"Homo sapiens"
"ELMI002002"	"DOC"	"DOC_WW_Pin1_4"	"NCOR2_HUMAN"	"Q9Y618"	"Q9Y618 O00613 O15416 O15421 Q13354 Q56D06 Q59GM0 Q9Y5U0"	"1441"	"1446"	"18838553"	"coimmunoprecipitation; glutathione s tranferase tag; mutation analysis; pull down; two hybrid"	"true positive"	""	"Homo sapiens"
"ELMI002027"	"DOC"	"DOC_WW_Pin1_4"	"NEK6_HUMAN"	"Q9HC98"	"Q9HC98 B7Z2D9 Q5TBG3 Q5TBG9 Q6FG86 Q6IAR3 Q96E83 Q9ULX2"	"212"	"217"	"16476580"	"coimmunoprecipitation; glutathione s tranferase tag; pull down"	"true positive"	""	"Homo sapiens"
"ELMI002028"	"DOC"	"DOC_WW_Pin1_4"	"NEK6_HUMAN"	"Q9HC98"	"Q9HC98 B7Z2D9 Q5TBG3 Q5TBG9 Q6FG86 Q6IAR3 Q96E83 Q9ULX2"	"242"	"247"	"16476580"	"coimmunoprecipitation; glutathione s tranferase tag; pull down"	"true positive"	""	"Homo sapiens"
"ELMI001967"	"DOC"	"DOC_WW_Pin1_4"	"NONO_MOUSE"	"Q99K48"	"Q99K48 Q63887 Q9CYQ4 Q9DBP2"	"409"	"414"	"15701524"	"mutation analysis; solid phase assay"	"true positive"	""	"Mus musculus"
"ELMI001968"	"DOC"	"DOC_WW_Pin1_4"	"NONO_MOUSE"	"Q99K48"	"Q99K48 Q63887 Q9CYQ4 Q9DBP2"	"427"	"432"	"15701524"	"mutation analysis; solid phase assay"	"true positive"	""	"Mus musculus"
"ELMI001969"	"DOC"	"DOC_WW_Pin1_4"	"NONO_MOUSE"	"Q99K48"	"Q99K48 Q63887 Q9CYQ4 Q9DBP2"	"449"	"454"	"15701524"	"mutation analysis; solid phase assay"	"true positive"	""	"Mus musculus"
"ELMI002029"	"DOC"	"DOC_WW_Pin1_4"	"NOTC1_HUMAN"	"P46531"	"P46531 Q59ED8 Q5SXM3"	"2118"	"2123"	"19151708"	"alanine scanning; coimmunoprecipitation; glutathione s tranferase tag; over expressed level; pull down; western blot"	"true positive"	""	"Homo sapiens"
"ELMI002030"	"DOC"	"DOC_WW_Pin1_4"	"NOTC1_HUMAN"	"P46531"	"P46531 Q59ED8 Q5SXM3"	"2129"	"2134"	"19151708"	"alanine scanning; coimmunoprecipitation; glutathione s tranferase tag; over expressed level; pull down; western blot"	"true positive"	""	"Homo sapiens"
"ELMI002031"	"DOC"	"DOC_WW_Pin1_4"	"NOTC1_HUMAN"	"P46531"	"P46531 Q59ED8 Q5SXM3"	"2133"	"2138"	"19151708"	"alanine scanning; coimmunoprecipitation; glutathione s tranferase tag; over expressed level; pull down; western blot"	"true positive"	""	"Homo sapiens"
"ELMI002018"	"DOC"	"DOC_WW_Pin1_4"	"NR4A1_HUMAN"	"P22736"	"P22736"	"92"	"97"	"22002310"	"alanine scanning"	"true positive"	""	"Homo sapiens"
"ELMI002019"	"DOC"	"DOC_WW_Pin1_4"	"NR4A1_HUMAN"	"P22736"	"P22736"	"137"	"142"	"22002310"	"alanine scanning"	"true positive"	""	"Homo sapiens"
"ELMI002306"	"DOC"	"DOC_WW_Pin1_4"	"NR4A1_HUMAN"	"P22736"	"P22736"	"140"	"145"	"22002310"	"alanine scanning"	"true positive"	""	"Homo sapiens"
"ELMI002017"	"DOC"	"DOC_WW_Pin1_4"	"NR4A1_HUMAN"	"P22736"	"P22736"	"428"	"433"	"22002310"	"alanine scanning; glutathione s tranferase tag; pull down"	"true positive"	""	"Homo sapiens"
"ELMI001957"	"DOC"	"DOC_WW_Pin1_4"	"P53_HUMAN"	"P04637"	"P04637 Q15086 Q15087 Q15088 Q16535 Q16807 Q16808 Q16809 Q16810 Q16811 Q16848 Q2XN98 Q3LRW1 Q3LRW2 Q3LRW3 Q3LRW4 Q3LRW5 Q86UG1 Q8J016 Q99659 Q9BTM4 Q9HAQ8 Q9NP68 Q9NPJ2 Q9NZD0 Q9UBI2 Q9UQ61"	"30"	"35"	"12388558"	"glutathione s tranferase tag; mutation analysis; pull down"	"true positive"	""	"Homo sapiens"
"ELMI001995"	"DOC"	"DOC_WW_Pin1_4"	"P53_HUMAN"	"P04637"	"P04637 Q15086 Q15087 Q15088 Q16535 Q16807 Q16808 Q16809 Q16810 Q16811 Q16848 Q2XN98 Q3LRW1 Q3LRW2 Q3LRW3 Q3LRW4 Q3LRW5 Q86UG1 Q8J016 Q99659 Q9BTM4 Q9HAQ8 Q9NP68 Q9NPJ2 Q9NZD0 Q9UBI2 Q9UQ61"	"78"	"83"	"12397362"	"alanine scanning; glutathione s tranferase tag; pull down"	"true positive"	""	"Homo sapiens"
"ELMI001996"	"DOC"	"DOC_WW_Pin1_4"	"P53_HUMAN"	"P04637"	"P04637 Q15086 Q15087 Q15088 Q16535 Q16807 Q16808 Q16809 Q16810 Q16811 Q16848 Q2XN98 Q3LRW1 Q3LRW2 Q3LRW3 Q3LRW4 Q3LRW5 Q86UG1 Q8J016 Q99659 Q9BTM4 Q9HAQ8 Q9NP68 Q9NPJ2 Q9NZD0 Q9UBI2 Q9UQ61"	"312"	"317"	"12397362"	"alanine scanning; glutathione s tranferase tag; pull down"	"true positive"	""	"Homo sapiens"
"ELMI001958"	"DOC"	"DOC_WW_Pin1_4"	"P73_HUMAN"	"O15350"	"O15350 B7Z9C1 O15351 Q17RN8 Q5TBV5 Q5TBV6 Q8NHW9 Q8TDY5 Q8TDY6 Q9NTK8"	"409"	"414"	"15175157"	"coimmunoprecipitation; glutathione s tranferase tag; mutation analysis; phosphatase assay; pull down"	"true positive"	""	"Homo sapiens"
"ELMI001959"	"DOC"	"DOC_WW_Pin1_4"	"P73_HUMAN"	"O15350"	"O15350 B7Z9C1 O15351 Q17RN8 Q5TBV5 Q5TBV6 Q8NHW9 Q8TDY5 Q8TDY6 Q9NTK8"	"439"	"444"	"15175157"	"coimmunoprecipitation; glutathione s tranferase tag; mutation analysis; phosphatase assay; pull down"	"true positive"	""	"Homo sapiens"
"ELMI001960"	"DOC"	"DOC_WW_Pin1_4"	"P73_HUMAN"	"O15350"	"O15350 B7Z9C1 O15351 Q17RN8 Q5TBV5 Q5TBV6 Q8NHW9 Q8TDY5 Q8TDY6 Q9NTK8"	"479"	"484"	"15175157"	"coimmunoprecipitation; glutathione s tranferase tag; mutation analysis; phosphatase assay; pull down"	"true positive"	""	"Homo sapiens"
"ELMI001985"	"DOC"	"DOC_WW_Pin1_4"	"PML_HUMAN"	"P29590"	"P29590 P29591 P29592 P29593 Q00755 Q15959 Q59FP9 Q8WUA0 Q96S41 Q9BPW2 Q9BWP7 Q9BZX6 Q9BZX7 Q9BZX8 Q9BZX9 Q9BZY0 Q9BZY2 Q9BZY3"	"400"	"405"	"18039859"	"glutathione s tranferase tag; mutation analysis; phosphatase assay; pull down"	"true positive"	""	"Homo sapiens"
"ELMI002302"	"DOC"	"DOC_WW_Pin1_4"	"PML_HUMAN"	"P29590"	"P29590 P29591 P29592 P29593 Q00755 Q15959 Q59FP9 Q8WUA0 Q96S41 Q9BPW2 Q9BWP7 Q9BZX6 Q9BZX7 Q9BZX8 Q9BZX9 Q9BZY0 Q9BZY2 Q9BZY3"	"406"	"411"	"18039859"	"glutathione s tranferase tag; mutation analysis; phosphatase assay; pull down"	"true positive"	""	"Homo sapiens"
"ELMI001986"	"DOC"	"DOC_WW_Pin1_4"	"PML_HUMAN"	"P29590"	"P29590 P29591 P29592 P29593 Q00755 Q15959 Q59FP9 Q8WUA0 Q96S41 Q9BPW2 Q9BWP7 Q9BZX6 Q9BZX7 Q9BZX8 Q9BZX9 Q9BZY0 Q9BZY2 Q9BZY3"	"502"	"507"	"18039859"	"glutathione s tranferase tag; mutation analysis; phosphatase assay; pull down"	"true positive"	""	"Homo sapiens"
"ELMI001988"	"DOC"	"DOC_WW_Pin1_4"	"PML_HUMAN"	"P29590"	"P29590 P29591 P29592 P29593 Q00755 Q15959 Q59FP9 Q8WUA0 Q96S41 Q9BPW2 Q9BWP7 Q9BZX6 Q9BZX7 Q9BZX8 Q9BZX9 Q9BZY0 Q9BZY2 Q9BZY3"	"515"	"520"	"18039859"	"glutathione s tranferase tag; mutation analysis; phosphatase assay; pull down"	"true positive"	""	"Homo sapiens"
"ELMI001987"	"DOC"	"DOC_WW_Pin1_4"	"PML_HUMAN"	"P29590"	"P29590 P29591 P29592 P29593 Q00755 Q15959 Q59FP9 Q8WUA0 Q96S41 Q9BPW2 Q9BWP7 Q9BZX6 Q9BZX7 Q9BZX8 Q9BZX9 Q9BZY0 Q9BZY2 Q9BZY3"	"524"	"529"	"18039859"	"glutathione s tranferase tag; mutation analysis; phosphatase assay; pull down"	"true positive"	""	"Homo sapiens"
"ELMI002303"	"DOC"	"DOC_WW_Pin1_4"	"PML_HUMAN"	"P29590"	"P29590 P29591 P29592 P29593 Q00755 Q15959 Q59FP9 Q8WUA0 Q96S41 Q9BPW2 Q9BWP7 Q9BZX6 Q9BZX7 Q9BZX8 Q9BZX9 Q9BZY0 Q9BZY2 Q9BZY3"	"527"	"532"	"18039859"	"glutathione s tranferase tag; mutation analysis; phosphatase assay; pull down"	"true positive"	""	"Homo sapiens"
"ELMI001970"	"DOC"	"DOC_WW_Pin1_4"	"PO5F1_HUMAN"	"Q01860"	"Q01860 A6NCS1 A6NLL8 P31359 Q15167 Q15168 Q16422 Q5STF3 Q5STF4"	"9"	"14"	"21296877"	"glutathione s tranferase tag; mutation analysis; phosphatase assay; pull down; western blot"	"true positive"	""	"Homo sapiens"
"ELMI002300"	"DOC"	"DOC_WW_Pin1_4"	"PPARG_HUMAN"	"P37231-2"	"P37231 A8K3G6 B5BUA1 O00684 O00710 O14515 Q0QJH8 Q15178 Q15179 Q15180 Q15832 Q86U60 Q96J12"	"81"	"86"	"19996102"	"coimmunoprecipitation; glutathione s tranferase tag; mutation analysis; pull down; surface plasmon resonance; western blot"	"true positive"	""	"Homo sapiens"
"ELMI001984"	"DOC"	"DOC_WW_Pin1_4"	"RARA_HUMAN"	"P10276"	"P10276 P78456 Q13440 Q13441 Q96S41 Q9NQS0"	"74"	"79"	"15670742"	"glutathione s tranferase tag; mutation analysis; pull down; western blot"	"true positive"	""	"Homo sapiens"
"ELMI001991"	"DOC"	"DOC_WW_Pin1_4"	"SMAD3_HUMAN"	"P84022"	"P84022 A8K4B6 O09064 O09144 O14510 O35273 Q92940 Q93002 Q9GKR4"	"176"	"181"	"19122240 21685363"	"alanine scanning; coimmunoprecipitation; glutathione s tranferase tag; nuclear magnetic resonance; pull down"	"true positive"	"2LB3"	"Homo sapiens"
"ELMI001992"	"DOC"	"DOC_WW_Pin1_4"	"SMAD3_HUMAN"	"P84022"	"P84022 A8K4B6 O09064 O09144 O14510 O35273 Q92940 Q93002 Q9GKR4"	"201"	"206"	"19122240"	"alanine scanning; coimmunoprecipitation; glutathione s tranferase tag; pull down"	"true positive"	""	"Homo sapiens"
"ELMI001993"	"DOC"	"DOC_WW_Pin1_4"	"SMAD3_HUMAN"	"P84022"	"P84022 A8K4B6 O09064 O09144 O14510 O35273 Q92940 Q93002 Q9GKR4"	"205"	"210"	"19122240"	"alanine scanning; coimmunoprecipitation; glutathione s tranferase tag; pull down"	"true positive"	""	"Homo sapiens"
"ELMI001994"	"DOC"	"DOC_WW_Pin1_4"	"SMAD3_HUMAN"	"P84022"	"P84022 A8K4B6 O09064 O09144 O14510 O35273 Q92940 Q93002 Q9GKR4"	"210"	"215"	"19122240"	"alanine scanning; coimmunoprecipitation; glutathione s tranferase tag; pull down"	"true positive"	""	"Homo sapiens"
"ELMI001955"	"DOC"	"DOC_WW_Pin1_4"	"SNCAP_HUMAN"	"Q9Y6H5"	"Q9Y6H5 D3DSZ1 Q05BS1 Q1PSC2 Q49AC6 Q504U9 Q6L984 Q6L985 Q6L986 Q9HC59"	"208"	"213"	"16365047"	"classical fluorescence spectroscopy; coimmunoprecipitation; glutathione s tranferase tag; mutation analysis; phosphatase assay; pull down"	"true positive"	""	"Homo sapiens"
"ELMI001956"	"DOC"	"DOC_WW_Pin1_4"	"SNCAP_HUMAN"	"Q9Y6H5"	"Q9Y6H5 D3DSZ1 Q05BS1 Q1PSC2 Q49AC6 Q504U9 Q6L984 Q6L985 Q6L986 Q9HC59"	"212"	"217"	"16365047"	"classical fluorescence spectroscopy; coimmunoprecipitation; glutathione s tranferase tag; mutation analysis; phosphatase assay; pull down"	"true positive"	""	"Homo sapiens"
"ELMI001980"	"DOC"	"DOC_WW_Pin1_4"	"SOC1_ARATH"	"O64645"	"O64645"	"46"	"51"	"20129060"	"alanine scanning; fluorescence technology; phosphatase assay"	"true positive"	""	"Arabidopsis thaliana"
"ELMI001981"	"DOC"	"DOC_WW_Pin1_4"	"SOC1_ARATH"	"O64645"	"O64645"	"192"	"197"	"20129060"	"alanine scanning; fluorescence technology; phosphatase assay"	"true positive"	""	"Arabidopsis thaliana"
"ELMI001954"	"DOC"	"DOC_WW_Pin1_4"	"SPT23_YEAST"	"P35210"	"P35210 D6VXR5"	"651"	"656"	"19597489"	"alanine scanning; glutathione s tranferase tag; phosphatase assay; pull down"	"true positive"	""	"Saccharomyces cerevisiae S288c"
"ELMI002004"	"DOC"	"DOC_WW_Pin1_4"	"ST4A1_HUMAN"	"Q9BR01"	"Q9BR01 B2R7N3 O43728"	"5"	"10"	"19439498 20920535"	"coimmunoprecipitation; glutathione s tranferase tag; mutation analysis; pull down; two hybrid"	"true positive"	""	"Homo sapiens"
"ELMI002005"	"DOC"	"DOC_WW_Pin1_4"	"ST4A1_HUMAN"	"Q9BR01"	"Q9BR01 B2R7N3 O43728"	"8"	"13"	"19439498 20920535"	"coimmunoprecipitation; glutathione s tranferase tag; mutation analysis; pull down; two hybrid"	"true positive"	""	"Homo sapiens"
"ELMI002020"	"DOC"	"DOC_WW_Pin1_4"	"STAT3_HUMAN"	"P40763"	"P40763 A8K7B8 O14916 Q9BW54"	"724"	"729"	"17563747"	"alanine scanning; coimmunoprecipitation; glutathione s tranferase tag; pull down"	"true positive"	""	"Homo sapiens"
"ELMI002003"	"DOC"	"DOC_WW_Pin1_4"	"STF1_MOUSE"	"P33242"	"P33242 Q812G5"	"200"	"205"	"19995909"	"coimmunoprecipitation; gal4 vp16 complementation; mutation analysis"	"true positive"	""	"Mus musculus"
"ELMI002304"	"DOC"	"DOC_WW_Pin1_4"	"TAU_HUMAN"	"P10636-8"	"P10636 P18518 Q14799 Q15549 Q15550 Q15551 Q1RMF6 Q53YB1 Q5CZI7 Q5XWF0 Q6QT54 Q9UDJ3 Q9UMH0 Q9UQ96"	"228"	"233"	"10391244"	"alanine scanning; elisa; glutathione s tranferase tag; pull down"	"true positive"	""	"Homo sapiens"
"ELMI001971"	"DOC"	"DOC_WW_Pin1_4"	"TAX_HTL1A"	"P03409"	"P03409"	"157"	"162"	"19338781"	"alanine scanning; glutathione s tranferase tag; pull down"	"true positive"	""	"Human T-cell lymphotrophic virus type 1 (strain ATK)"
"ELMI001990"	"DOC"	"DOC_WW_Pin1_4"	"TERF1_HUMAN"	"P54274"	"P54274 A7XP29 Q15553 Q8NHT6 Q93029"	"146"	"151"	"19060891"	"alanine scanning; coimmunoprecipitation; glutathione s tranferase tag; phosphatase assay; pull down"	"true positive"	""	"Homo sapiens"
"ELMI001961"	"DOC"	"DOC_WW_Pin1_4"	"TF65_HUMAN"	"Q04206"	"Q04206 Q6GTV1 Q6SLK1"	"251"	"256"	"14690596"	"alanine scanning; coimmunoprecipitation; glutathione s tranferase tag; pull down"	"true positive"	""	"Homo sapiens"
"ELMI002305"	"DOC"	"DOC_WW_Pin1_4"	"TFCP2_HUMAN"	"Q12800"	"Q12800 A8K5E9 Q12801 Q9UD75 Q9UD77"	"286"	"291"	"20682773"	"alanine scanning; coimmunoprecipitation; phosphatase assay"	"true positive"	""	"Homo sapiens"
"ELMI002012"	"DOC"	"DOC_WW_Pin1_4"	"TFCP2_HUMAN"	"Q12800"	"Q12800 A8K5E9 Q12801 Q9UD75 Q9UD77"	"288"	"293"	"20682773"	"alanine scanning; coimmunoprecipitation; phosphatase assay"	"true positive"	""	"Homo sapiens"
"ELMI002013"	"DOC"	"DOC_WW_Pin1_4"	"TFCP2_HUMAN"	"Q12800"	"Q12800 A8K5E9 Q12801 Q9UD75 Q9UD77"	"306"	"311"	"20682773"	"alanine scanning; coimmunoprecipitation; phosphatase assay"	"true positive"	""	"Homo sapiens"
"ELMI002014"	"DOC"	"DOC_WW_Pin1_4"	"TFCP2_HUMAN"	"Q12800"	"Q12800 A8K5E9 Q12801 Q9UD75 Q9UD77"	"326"	"331"	"20682773"	"alanine scanning; coimmunoprecipitation; phosphatase assay"	"true positive"	""	"Homo sapiens"
"ELMI002021"	"DOC"	"DOC_WW_Pin1_4"	"WEE1B_XENLA"	"Q8QGV2"	"Q8QGV2 Q641D3"	"183"	"188"	"17360425"	"alanine scanning; glutathione s tranferase tag; pull down; western blot"	"true positive"	""	"Xenopus laevis"
"ELMI002034"	"DOC"	"DOC_WW_Pin1_4"	"X_HBVA3"	"P69713"	"P69713 P03166 P12935"	"38"	"43"	"17383430"	"alanine scanning; glutathione s tranferase tag; pull down"	"true positive"	""	"Hepatitis B virus adw2/Rutter/1979"
"ELMI003040"	"LIG"	"LIG_14-3-3_CanoR_1"	"3BP2_HUMAN"	"P78314"	"P78314 A6NNC2 B2R5R6 D3DVR0 O00500 O15373 P78315"	"222"	"227"	"12501243"	"alanine scanning; coimmunoprecipitation; confocal microscopy; glutathione s tranferase tag; pull down; two hybrid"	"true positive"	""	"Homo sapiens"
"ELMI003013"	"LIG"	"LIG_14-3-3_CanoR_1"	"3BP2_HUMAN"	"P78314"	"P78314 A6NNC2 B2R5R6 D3DVR0 O00500 O15373 P78315"	"276"	"280"	"12501243"	"alanine scanning; coimmunoprecipitation; confocal microscopy; glutathione s tranferase tag; pull down; two hybrid"	"true positive"	""	"Homo sapiens"
"ELMI003017"	"LIG"	"LIG_14-3-3_CanoR_1"	"ADA22_HUMAN"	"Q9P0K1"	"Q9P0K1 O75075 O75076 Q9P0K2 Q9UIA1 Q9UKK2"	"831"	"836"	"16868027"	"coimmunoprecipitation; mutation analysis"	"true positive"	""	"Homo sapiens"
"ELMI003016"	"LIG"	"LIG_14-3-3_CanoR_1"	"ADA22_HUMAN"	"Q9P0K1"	"Q9P0K1 O75075 O75076 Q9P0K2 Q9UIA1 Q9UKK2"	"854"	"863"	"16868027"	"coimmunoprecipitation; glutathione s tranferase tag; mutation analysis; pull down; two hybrid"	"true positive"	""	"Homo sapiens"
"ELMI002985"	"LIG"	"LIG_14-3-3_CanoR_1"	"ATX1_HUMAN"	"P54253"	"P54253 Q17S02 Q9UJG2 Q9Y4J1"	"773"	"777"	"20037628 12757707"	"coimmunoprecipitation; mutation analysis; nuclear magnetic resonance; two hybrid"	"true positive"	""	"Homo sapiens"
"ELMI003764"	"LIG"	"LIG_14-3-3_CanoR_1"	"B7UM88_ECO27"	"B7UM88"	"B7UM88"	"22"	"31"	"15339273"	"coimmunoprecipitation"	"true positive"	""	"Escherichia coli O127:H6 str. E2348/69"
"ELMI002996"	"LIG"	"LIG_14-3-3_CanoR_1"	"BAD_MOUSE"	"Q61337"	"Q61337"	"109"	"114"	"8929531"	"anti tag coimmunoprecipitation; coimmunoprecipitation; mutation analysis"	"true positive"	""	"Mus musculus"
"ELMI002997"	"LIG"	"LIG_14-3-3_CanoR_1"	"BAD_MOUSE"	"Q61337"	"Q61337"	"133"	"138"	"8929531 10949026"	"anti tag coimmunoprecipitation; coimmunoprecipitation; mutation analysis"	"true positive"	""	"Mus musculus"
"ELMI002998"	"LIG"	"LIG_14-3-3_CanoR_1"	"BAD_RAT"	"O35147"	"O35147 O70256 Q9JHX1"	"134"	"139"	"9369453"	"two hybrid"	"true positive"	""	"Rattus norvegicus"
"ELMI003033"	"LIG"	"LIG_14-3-3_CanoR_1"	"CBY1_HUMAN"	"Q9Y3M2"	"Q9Y3M2 B2R4S2 Q66GT6 Q9UIK9"	"16"	"22"	"25909186"	"isothermal titration calorimetry; mutation analysis; nuclear magnetic resonance; x-ray crystallography"	"true positive"	"4WRQ"	"Homo sapiens"
"ELMI003031"	"LIG"	"LIG_14-3-3_CanoR_1"	"CFTR_HUMAN"	"P13569"	"P13569 Q20BG8 Q20BH2 Q2I0A1 Q2I102"	"751"	"755"	"26888287"	"fluorescence polarization spectroscopy; isothermal titration calorimetry; x-ray crystallography"	"true positive"	"5D2D"	"Homo sapiens"
"ELMI003030"	"LIG"	"LIG_14-3-3_CanoR_1"	"CFTR_HUMAN"	"P13569"	"P13569 Q20BG8 Q20BH2 Q2I0A1 Q2I102"	"766"	"770"	"26888287"	"fluorescence polarization spectroscopy; isothermal titration calorimetry; x-ray crystallography"	"true positive"	"5D2D 5D3E"	"Homo sapiens"
"ELMI003032"	"LIG"	"LIG_14-3-3_CanoR_1"	"CFTR_HUMAN"	"P13569"	"P13569 Q20BG8 Q20BH2 Q2I0A1 Q2I102"	"792"	"797"	"26888287"	"fluorescence polarization spectroscopy; isothermal titration calorimetry; x-ray crystallography"	"true positive"	"5D3E"	"Homo sapiens"
"ELMI002987"	"LIG"	"LIG_14-3-3_CanoR_1"	"FOXO3_HUMAN"	"O43524"	"O43524 E1P5E6 O15171 Q5T2I7 Q9BZ04"	"29"	"34"	"11864996"	"alanine scanning"	"true positive"	""	"Homo sapiens"
"ELMI003024"	"LIG"	"LIG_14-3-3_CanoR_1"	"FOXO3_HUMAN"	"O43524"	"O43524 E1P5E6 O15171 Q5T2I7 Q9BZ04"	"250"	"255"	"11864996"	"alanine scanning"	"true positive"	""	"Homo sapiens"
"ELMI002988"	"LIG"	"LIG_14-3-3_CanoR_1"	"FOXO4_HUMAN"	"P98177"	"P98177 B7WPJ7 O43821 Q13720 Q3KPF1 Q8TDK9"	"29"	"34"	"14690436"	"cosedimentation; molecular sieving; mutation analysis"	"true positive"	""	"Homo sapiens"
"ELMI003025"	"LIG"	"LIG_14-3-3_CanoR_1"	"FOXO4_HUMAN"	"P98177"	"P98177 B7WPJ7 O43821 Q13720 Q3KPF1 Q8TDK9"	"194"	"199"	"16114898"	"mutation analysis; pull down"	"true positive"	""	"Homo sapiens"
"ELMI003027"	"LIG"	"LIG_14-3-3_CanoR_1"	"GAB2_HUMAN"	"Q9UQC2"	"Q9UQC2 A2RRM2 A6NEW9 A7MD36 O60317"	"207"	"212"	"19172738"	"alanine scanning; coimmunoprecipitation"	"true positive"	""	"Homo sapiens"
"ELMI003015"	"LIG"	"LIG_14-3-3_CanoR_1"	"GAB2_HUMAN"	"Q9UQC2"	"Q9UQC2 A2RRM2 A6NEW9 A7MD36 O60317"	"389"	"393"	"19172738"	"alanine scanning; coimmunoprecipitation"	"true positive"	""	"Homo sapiens"
"ELMI003021"	"LIG"	"LIG_14-3-3_CanoR_1"	"GFAP_HUMAN"	"P14136"	"P14136 B2RD44 D3DX59 E9PAX3 Q53H98 Q5D055 Q6ZQS3 Q7Z5J6 Q7Z5J7 Q96KS4 Q96P18 Q9UFD0"	"5"	"14"	"17032734"	"coimmunoprecipitation; fluorescence microscopy; fluorescent resonance energy transfer; mutation analysis"	"true positive"	""	"Homo sapiens"
"ELMI003020"	"LIG"	"LIG_14-3-3_CanoR_1"	"H31_HUMAN"	"P68431"	"P68431 A0PJT7 A5PLR1 P02295 P02296 P16106 Q6ISV8 Q6NWP8 Q6NWP9 Q6NXU4 Q71DJ3 Q93081"	"9"	"17"	"16246723"	"isothermal titration calorimetry; surface plasmon resonance; x-ray crystallography"	"true positive"	"2C1J 2C1N"	"Homo sapiens"
"ELMI003011"	"LIG"	"LIG_14-3-3_CanoR_1"	"H31_HUMAN"	"P68431"	"P68431 A0PJT7 A5PLR1 P02295 P02296 P16106 Q6ISV8 Q6NWP8 Q6NWP9 Q6NXU4 Q71DJ3 Q93081"	"27"	"31"	"16246723"	"isothermal titration calorimetry; surface plasmon resonance"	"true positive"	""	"Homo sapiens"
"ELMI002999"	"LIG"	"LIG_14-3-3_CanoR_1"	"HDAC4_HUMAN"	"P56524"	"P56524 Q9UND6"	"242"	"248"	"10958686 10869435"	"alanine scanning; anti tag coimmunoprecipitation; mutation analysis"	"true positive"	""	"Homo sapiens"
"ELMI003000"	"LIG"	"LIG_14-3-3_CanoR_1"	"HDAC4_HUMAN"	"P56524"	"P56524 Q9UND6"	"464"	"469"	"10869435"	"anti tag coimmunoprecipitation; mutation analysis"	"true positive"	""	"Homo sapiens"
"ELMI003001"	"LIG"	"LIG_14-3-3_CanoR_1"	"HDAC4_HUMAN"	"P56524"	"P56524 Q9UND6"	"629"	"634"	"10869435"	"alanine scanning; anti tag coimmunoprecipitation; mutation analysis"	"true positive"	""	"Homo sapiens"
"ELMI003002"	"LIG"	"LIG_14-3-3_CanoR_1"	"HDAC5_HUMAN"	"Q9UQL6"	"Q9UQL6 C9JFV9 O60340 O60528 Q96DY4"	"255"	"261"	"11114197"	"alanine scanning"	"true positive"	""	"Homo sapiens"
"ELMI003003"	"LIG"	"LIG_14-3-3_CanoR_1"	"KIF1C_HUMAN"	"O43896"	"O43896 D3DTL6 O75186 Q5U618"	"1089"	"1094"	"17085597 10559254"	"coimmunoprecipitation; glutathione s tranferase tag; pull down; x-ray crystallography"	"true positive"	"2BTP 2C74"	"Homo sapiens"
"ELMI003037"	"LIG"	"LIG_14-3-3_CanoR_1"	"KLC2_HUMAN"	"Q9H0B6"	"Q9H0B6 A8MXL7 B2RDY4 Q9H9C8 Q9HA20"	"579"	"584"	"21189416"	"peptide array"	"true positive"	""	"Homo sapiens"
"ELMI003038"	"LIG"	"LIG_14-3-3_CanoR_1"	"KLC3_HUMAN"	"Q6P597"	"Q6P597 A0AVM3 A2RUT6 Q6GMU2 Q8NAL1 Q8WWJ9"	"463"	"468"	"21189416"	"peptide array"	"true positive"	""	"Homo sapiens"
"ELMI002989"	"LIG"	"LIG_14-3-3_CanoR_1"	"KPCE_HUMAN"	"Q02156"	"Q02156 B0LPH7 Q32MQ3 Q53SL4 Q53SM5 Q9UE81"	"343"	"348"	"19662078"	"chromatography technology; isothermal titration calorimetry; x-ray crystallography"	"true positive"	"2WH0"	"Homo sapiens"
"ELMI003043"	"LIG"	"LIG_14-3-3_CanoR_1"	"KPCE_HUMAN"	"Q02156"	"Q02156 B0LPH7 Q32MQ3 Q53SL4 Q53SM5 Q9UE81"	"364"	"370"	"19662078"	"chromatography technology; isothermal titration calorimetry; x-ray crystallography"	"true positive"	""	"Homo sapiens"
"ELMI003018"	"LIG"	"LIG_14-3-3_CanoR_1"	"KSR1_MOUSE"	"Q61097"	"Q61097 Q61648 Q78DX8"	"294"	"302"	"9858547"	"coimmunoprecipitation"	"true positive"	""	"Mus musculus"
"ELMI003045"	"LIG"	"LIG_14-3-3_CanoR_1"	"KSR1_MOUSE"	"Q61097"	"Q61097 Q61648 Q78DX8"	"388"	"394"	"9858547"	"coimmunoprecipitation"	"true positive"	""	"Mus musculus"
"ELMI003004"	"LIG"	"LIG_14-3-3_CanoR_1"	"M3K5_HUMAN"	"Q99683"	"Q99683 Q5THN3 Q99461"	"963"	"968"	"17085597 10411906"	"coimmunoprecipitation; x-ray crystallography"	"true positive"	"2BR9"	"Homo sapiens"
"ELMI002984"	"LIG"	"LIG_14-3-3_CanoR_1"	"MDM4_HUMAN"	"O15151"	"O15151 Q2M2Y2 Q32SL2 Q6GS18 Q8IV83"	"364"	"369"	"16943424"	"anti tag coimmunoprecipitation; competition binding; mutation analysis"	"true positive"	""	"Homo sapiens"
"ELMI003023"	"LIG"	"LIG_14-3-3_CanoR_1"	"MEFV_HUMAN"	"O15553-2"	"O15553 D3DUC0 F5H0Q3 Q3MJ84 Q96PN4 Q96PN5"	"205"	"213"	"15934090"	"coimmunoprecipitation; fluorescence microscopy; mutation analysis; two hybrid"	"true positive"	""	"Homo sapiens"
"ELMI003041"	"LIG"	"LIG_14-3-3_CanoR_1"	"MEFV_HUMAN"	"O15553-2"	"O15553 D3DUC0 F5H0Q3 Q3MJ84 Q96PN4 Q96PN5"	"239"	"244"	"15934090"	"coimmunoprecipitation; fluorescence microscopy; mutation analysis; two hybrid"	"true positive"	""	"Homo sapiens"
"ELMI003028"	"LIG"	"LIG_14-3-3_CanoR_1"	"MEI2_SCHPO"	"P08965"	"P08965"	"524"	"529"	"11818066"	"anti tag coimmunoprecipitation; competition binding; mutation analysis; two hybrid"	"true positive"	""	"Schizosaccharomyces pombe 972h-"
"ELMI003005"	"LIG"	"LIG_14-3-3_CanoR_1"	"MLF1_HUMAN"	"P58340"	"P58340 E9PEU9 Q2TLE3 Q2TLE5 Q8N8F8 Q96MH1"	"31"	"36"	"22151054"	"isothermal titration calorimetry; x-ray crystallography"	"true positive"	"3UAL 3UBW"	"Homo sapiens"
"ELMI003006"	"LIG"	"LIG_14-3-3_CanoR_1"	"MT_POVM3"	"P03076"	"P03076 Q76TX4 Q76W01 Q89765"	"254"	"259"	"9428519"	"surface plasmon resonance; x-ray crystallography"	"true positive"	"1QJB"	"Mouse polyomavirus (strain 3)"
"ELMI003034"	"LIG"	"LIG_14-3-3_CanoR_1"	"NAC1_HUMAN"	"P32418"	"P32418 A8K6N1 D6W595 O95849 Q587I6 Q9UBL8 Q9UD55 Q9UDN1 Q9UDN2 Q9UKX6"	"388"	"394"	"16679322"	"mutation analysis; pull down"	"true positive"	""	"Homo sapiens"
"ELMI003042"	"LIG"	"LIG_14-3-3_CanoR_1"	"NED4L_HUMAN"	"Q96PU5"	"Q96PU5 O43165 Q3LSM7 Q7Z5F1 Q7Z5F2 Q7Z5N3 Q8N5A7 Q8WUU9 Q9BW58 Q9H2W4 Q9NT88"	"339"	"344"	"21900244"	"coimmunoprecipitation; mutation analysis"	"true positive"	""	"Homo sapiens"
"ELMI003012"	"LIG"	"LIG_14-3-3_CanoR_1"	"NED4L_HUMAN"	"Q96PU5"	"Q96PU5 O43165 Q3LSM7 Q7Z5F1 Q7Z5F2 Q7Z5N3 Q8N5A7 Q8WUU9 Q9BW58 Q9H2W4 Q9NT88"	"443"	"448"	"15677482"	"Identification by mass spectrometry; coimmunoprecipitation; mutation analysis"	"true positive"	""	"Homo sapiens"
"ELMI003026"	"LIG"	"LIG_14-3-3_CanoR_1"	"PACS2_HUMAN"	"Q86VP3"	"Q86VP3 A2VDJ9 G8JLK3 O60342 Q6P191 Q96FL7"	"434"	"439"	"19481529"	"alanine scanning; coimmunoprecipitation; confocal microscopy; fluorescence polarization spectroscopy"	"true positive"	""	"Homo sapiens"
"ELMI003039"	"LIG"	"LIG_14-3-3_CanoR_1"	"PADI6_HUMAN"	"Q6TGC4"	"Q6TGC4 Q330K5 Q70SX3"	"7"	"12"	"22634725"	"x-ray crystallography"	"true positive"	"4DAU"	"Homo sapiens"
"ELMI002990"	"LIG"	"LIG_14-3-3_CanoR_1"	"PDE3A_HUMAN"	"Q14432"	"Q14432 O60865 Q13348 Q17RD1"	"426"	"430"	"16153182"	"mutation analysis; pull down"	"true positive"	""	"Homo sapiens"
"ELMI003035"	"LIG"	"LIG_14-3-3_CanoR_1"	"PTN3_HUMAN"	"P26045"	"P26045 A0AUW9"	"356"	"361"	"9341175"	"pull down"	"true positive"	""	"Homo sapiens"
"ELMI003036"	"LIG"	"LIG_14-3-3_CanoR_1"	"PTPN3_MOUSE"	"A2ALK8"	"A2ALK8"	"356"	"361"	"9341175"	"mutation analysis; pull down"	"true positive"	""	"Mus musculus"
"ELMI003765"	"LIG"	"LIG_14-3-3_CanoR_1"	"Q888Y7_PSESM"	"Q888Y7"	"Q888Y7"	"48"	"53"	"23417089"	"Identification by mass spectrometry; anti tag coimmunoprecipitation; deletion analysis; mass detection of residue modification; mutation analysis; split luciferase complementation"	"true positive"	""	"Pseudomonas syringae pv. tomato str. DC3000"
"ELMI003010"	"LIG"	"LIG_14-3-3_CanoR_1"	"RAF1_HUMAN"	"P04049"	"P04049 B0LPH8 B2R5N3 Q15278 Q9UC20"	"231"	"235"	"23808890"	"fluorescence polarization spectroscopy; x-ray crystallography"	"true positive"	"4IHL"	"Homo sapiens"
"ELMI003008"	"LIG"	"LIG_14-3-3_CanoR_1"	"RAF1_HUMAN"	"P04049"	"P04049 B0LPH8 B2R5N3 Q15278 Q9UC20"	"254"	"263"	"8601312 23808890 20679480"	"display technology; fluorescence polarization spectroscopy; isothermal titration calorimetry; surface plasmon resonance; x-ray crystallography"	"true positive"	"3IQJ 3O8I 4IHL"	"Homo sapiens"
"ELMI003009"	"LIG"	"LIG_14-3-3_CanoR_1"	"RAF1_HUMAN"	"P04049"	"P04049 B0LPH8 B2R5N3 Q15278 Q9UC20"	"618"	"623"	"23808890 8601312"	"display technology; x-ray crystallography"	"true positive"	"4IEA"	"Homo sapiens"
"ELMI003022"	"LIG"	"LIG_14-3-3_CanoR_1"	"RGS3_HUMAN"	"P49796-3"	"P49796 A6NHA0 A8K0V1 B3KUB2 Q5VXB8 Q5VXC1 Q5VZ05 Q5VZ06 Q6ZRM5 Q8IUQ1 Q8NC47 Q8NFN4 Q8NFN5 Q8NFN6 Q8TD59 Q8TD68 Q8WV02 Q8WXA0"	"940"	"948"	"11985497"	"alanine scanning; coimmunoprecipitation; mutation analysis; pull down; two hybrid"	"true positive"	""	"Homo sapiens"
"ELMI003044"	"LIG"	"LIG_14-3-3_CanoR_1"	"RIM15_YEAST"	"P43565"	"P43565 D6VTJ8"	"1072"	"1076"	"16308562"	"mutation analysis"	"true positive"	""	"Saccharomyces cerevisiae"
"ELMI003019"	"LIG"	"LIG_14-3-3_CanoR_1"	"SLOB_DROME"	"Q8IPH9"	"Q8IPH9 O61564 Q5BIJ6 Q95SL3 Q9VLZ4"	"51"	"60"	"10230800"	"coimmunoprecipitation"	"true positive"	""	"Drosophila melanogaster"
"ELMI003007"	"LIG"	"LIG_14-3-3_CanoR_1"	"SNAT_SHEEP"	"Q29495"	"Q29495"	"29"	"33"	"11336675"	"x-ray crystallography"	"true positive"	"1IB1"	"Ovis aries"
"ELMI003014"	"LIG"	"LIG_14-3-3_CanoR_1"	"TBCD1_HUMAN"	"Q86TI0"	"Q86TI0 B7Z3D9 E9PGH8 Q96K82 Q9UPP4"	"233"	"239"	"19531644"	"coimmunoprecipitation"	"true positive"	""	"Homo sapiens"
"ELMI003029"	"LIG"	"LIG_14-3-3_CanoR_1"	"TBCD1_HUMAN"	"Q86TI0"	"Q86TI0 B7Z3D9 E9PGH8 Q96K82 Q9UPP4"	"593"	"598"	"19531644"	"coimmunoprecipitation"	"true positive"	""	"Homo sapiens"
"ELMI002986"	"LIG"	"LIG_14-3-3_CanoR_1"	"TESK1_RAT"	"Q63572"	"Q63572"	"436"	"441"	"11555644"	"mutation analysis; pull down"	"true positive"	""	"Rattus norvegicus"
"ELMI003785"	"LIG"	"LIG_14-3-3_CanoR_1"	"TIR_ECO27"	"B7UM99"	"B7UM99 O50190 O52147"	"54"	"58"	"16367866"	"coimmunoprecipitation; colocalization; competition binding; fluorescence microscopy; rna interference; two hybrid"	"true positive"	""	"Escherichia coli O127:H6 str. E2348/69"
"ELMI002991"	"LIG"	"LIG_14-3-3_CanoR_1"	"WWTR1_HUMAN"	"Q9GZV5"	"Q9GZV5 D3DNH7 Q8N3P2 Q9Y3W6"	"86"	"91"	"11118213"	"anti tag coimmunoprecipitation; glutathione s tranferase tag; inhibitor; mutation analysis; pull down"	"true positive"	""	"Homo sapiens"
"ELMI002992"	"LIG"	"LIG_14-3-3_CanoR_1"	"WWTR1_MOUSE"	"Q9EPK5"	"Q9EPK5 Q3UQ69 Q3UQM0 Q99KI4"	"86"	"91"	"11118213"	"anti tag coimmunoprecipitation; glutathione s tranferase tag; mutation analysis; pull down"	"true positive"	""	"Mus musculus"
"ELMI002993"	"LIG"	"LIG_14-3-3_CanoR_1"	"YAP1_HUMAN"	"P46937"	"P46937 Q7Z574 Q8IUY9"	"124"	"129"	"20823509 12535517"	"anti tag coimmunoprecipitation; mutation analysis; x-ray crystallography"	"true positive"	"3MHR"	"Homo sapiens"
"ELMI002994"	"LIG"	"LIG_14-3-3_CanoR_1"	"YAP1_HUMAN"	"P46937-2"	"P46937 Q7Z574 Q8IUY9"	"124"	"129"	"17974916"	"coimmunoprecipitation; mutation analysis; pull down"	"true positive"	""	"Homo sapiens"
"ELMI002995"	"LIG"	"LIG_14-3-3_CanoR_1"	"YAP1_MOUSE"	"P46938"	"P46938 Q52KJ5 Q91WL1"	"109"	"114"	"11118213"	"coimmunoprecipitation; inferred by author; interologs"	"true positive"	""	"Mus musculus"
"ELMI003342"	"LIG"	"LIG_14-3-3_ChREBP_3"	"MLXPL_RAT"	"Q8VIP2"	"Q8VIP2"	"120"	"135"	"26984404"	"fluorescence polarization spectroscopy; isothermal titration calorimetry; pull down; x-ray crystallography"	"true positive"	"5F74"	"Rattus norvegicus"
"ELMI003761"	"LIG"	"LIG_14-3-3_CterR_2"	"B7SCI4_CHLTH"	"B7SCI4"	"B7SCI4"	"163"	"167"	"11260479"	"autoradiography; beta galactosidase complementation; colocalization; fluorescence microscopy; mutation analysis; necessary binding site; pull down; two hybrid"	"true positive"	""	"Chlamydia trachomatis"
"ELMI002979"	"LIG"	"LIG_14-3-3_CterR_2"	"CDN1B_HUMAN"	"P46527"	"P46527 Q16307 Q5U0H2 Q9BUS6"	"196"	"198"	"24408864"	"isothermal titration calorimetry"	"true positive"	""	"Homo sapiens"
"ELMI002983"	"LIG"	"LIG_14-3-3_CterR_2"	"GPR15_HUMAN"	"P49685"	"P49685 Q3MIL4 Q6ISN6"	"356"	"360"	"24408864 16155591"	"confocal microscopy; fluorescence-activated cell sorting; isothermal titration calorimetry"	"true positive"	""	"Homo sapiens"
"ELMI002980"	"LIG"	"LIG_14-3-3_CterR_2"	"IL9R_HUMAN"	"Q01113"	"Q01113 Q14634 Q8WWU1 Q96TF0"	"517"	"521"	"24408864 10642536"	"coimmunoprecipitation; isothermal titration calorimetry; two hybrid"	"true positive"	""	"Homo sapiens"
"ELMI002981"	"LIG"	"LIG_14-3-3_CterR_2"	"KCNK3_HUMAN"	"O14649"	"O14649 Q53SU2"	"391"	"394"	"24408864 26743085"	"fluorescence polarization spectroscopy; isothermal titration calorimetry"	"true positive"	""	"Homo sapiens"
"ELMI002982"	"LIG"	"LIG_14-3-3_CterR_2"	"KCNK9_HUMAN"	"Q9NPC2"	"Q9NPC2 Q2M290 Q540F2"	"371"	"374"	"23601647 26743085"	"fluorescence polarization spectroscopy; isothermal titration calorimetry; surface plasmon resonance; x-ray crystallography"	"true positive"	"3P1N"	"Homo sapiens"
"ELMI004162"	"LIG"	"LIG_ActinCP_CPI_1"	"CARL1_HUMAN"	"Q5VZK9"	"Q5VZK9 B8X1J0 Q6ZUH5 Q6ZW07 Q9NXU7"	"982"	"999"	"16054028 20357771 32133840 26412145"	"coimmunoprecipitation; competition binding; deletion analysis; experimental interaction detection; fluorescence polarization spectroscopy; isothermal titration calorimetry; mutation disrupting interaction; pull down; surface plasmon resonance; x-ray crystallography"	"true positive"	"3LK2 3LK3"	"Homo sapiens"
"ELMI004163"	"LIG"	"LIG_ActinCP_CPI_1"	"CARL1_MOUSE"	"Q6EDY6"	"Q6EDY6 Q5NCM0 Q8BQ45 Q8BRS5 Q91YZ6"	"986"	"1003"	"20625546 16707503 16054028"	"colocalization; competition binding; deletion analysis; experimental interaction detection; glutathione s tranferase tag; mutation analysis; phenotype-based detection assay; pull down; surface plasmon resonance; x-ray crystallography"	"true positive"	"3AA0"	"Mus musculus"
"ELMI004165"	"LIG"	"LIG_ActinCP_CPI_1"	"CARL2_HUMAN"	"Q6F5E8"	"Q6F5E8 B8X2Z3"	"1016"	"1037"	"26466680 26412145"	"coimmunoprecipitation; experimental interaction detection; mutation analysis; mutation disrupting interaction"	"true positive"	""	"Homo sapiens"
"ELMI004161"	"LIG"	"LIG_ActinCP_CPI_1"	"CARL3_HUMAN"	"Q8ND23"	"Q8ND23 Q8TEF7 Q96HS9"	"971"	"988"	"32133840"	"experimental interaction detection; fluorescence polarization spectroscopy; isothermal titration calorimetry"	"true positive"	""	"Homo sapiens"
"ELMI004166"	"LIG"	"LIG_ActinCP_CPI_1"	"CARML_DICDI"	"Q95VZ3"	"Q95VZ3 Q54D40"	"1023"	"1041"	"11425877"	"coimmunoprecipitation; pull down; western blot"	"true positive"	""	"Dictyostelium discoideum"
"ELMI004171"	"LIG"	"LIG_ActinCP_CPI_1"	"CD2AP_HUMAN"	"Q9Y5K6"	"Q9Y5K6 A6NL34 Q5VYA3 Q9UG97"	"486"	"503"	"16707503 26412145 20625546 12690097 20357771 32133840"	"coimmunoprecipitation; competition binding; deletion analysis; experimental interaction detection; fluorescence polarization spectroscopy; glutathione s tranferase tag; isothermal titration calorimetry; mutation analysis; mutation disrupting interaction; surface plasmon resonance; x-ray crystallography"	"true positive"	"3AA6 3LK4"	"Homo sapiens"
"ELMI004158"	"LIG"	"LIG_ActinCP_CPI_1"	"CPZIP_HUMAN"	"Q6JBY9"	"Q6JBY9 B1AK48 Q4G0E7 Q6IN93 Q8IZM2 Q96DX0 Q9NST4"	"153"	"172"	"32133840 20357771"	"experimental interaction detection; fluorescence polarization spectroscopy; isothermal titration calorimetry"	"true positive"	""	"Homo sapiens"
"ELMI004168"	"LIG"	"LIG_ActinCP_CPI_1"	"P90630_ACACA"	"P90630"	"P90630"	"1091"	"1108"	"11425877"	"pull down; western blot"	"true positive"	""	"Acanthamoeba castellanii"
"ELMI004170"	"LIG"	"LIG_ActinCP_CPI_1"	"PKHO1_HUMAN"	"Q53GL0"	"Q53GL0 Q336K5 Q8IZ51 Q9NRV3 Q9UL48"	"150"	"168"	"16987810 16707503 20625546 20357771 15831458 32133840"	"coimmunoprecipitation; colocalization; competition binding; deletion analysis; detection by mass spectrometry; experimental interaction detection; fluorescence polarization spectroscopy; glutathione s tranferase tag; isothermal titration calorimetry; mutation analysis; peptide array; phenotype-based detection assay; pull down; tandem affinity purification; x-ray crystallography"	"true positive"	"3AA1"	"Homo sapiens"
"ELMI004157"	"LIG"	"LIG_ActinCP_CPI_1"	"PKHO1_MOUSE"	"Q9JIY0"	"Q9JIY0 Q9CXH2"	"149"	"167"	"16987810"	"coimmunoprecipitation"	"true positive"	""	"Mus musculus"
"ELMI004160"	"LIG"	"LIG_ActinCP_CPI_1"	"Q9VA36_DROME"	"Q9VA36"	"Q9VA36"	"591"	"610"	"18362180"	"detection by mass spectrometry; phenotype-based detection assay; tandem affinity purification"	"true positive"	""	"Drosophila melanogaster"
"ELMI004159"	"LIG"	"LIG_ActinCP_CPI_1"	"SH3K1_HUMAN"	"Q96B97"	"Q96B97 B7Z1D5 Q5JPT4 Q5JPT5 Q8IWX6 Q8IX98 Q96RN4 Q9NYR0"	"476"	"494"	"32133840 20357771 12690097"	"experimental interaction detection; fluorescence polarization spectroscopy; isothermal titration calorimetry; surface plasmon resonance"	"true positive"	""	"Homo sapiens"
"ELMI004167"	"LIG"	"LIG_ActinCP_CPI_1"	"WAC2A_HUMAN"	"Q641Q2"	"Q641Q2 A2A3S2 A2A3U6 Q5SNT6 Q6DHY0"	"1024"	"1041"	"20498093 20357771"	"coimmunoprecipitation; experimental interaction detection; glutathione s tranferase tag; mutation disrupting interaction; pull down"	"true positive"	""	"Homo sapiens"
"ELMI004164"	"LIG"	"LIG_ActinCP_CPI_1"	"WAC2C_HUMAN"	"Q9Y4E1"	"Q9Y4E1 B4DZQ6 B9EK53 F5H0J6 F5H871 Q5SQU4 Q5SQU5 Q7L521 Q9UG79"	"1003"	"1020"	"32133840 26412145"	"coimmunoprecipitation; experimental interaction detection; fluorescence polarization spectroscopy; isothermal titration calorimetry; mutation disrupting interaction"	"true positive"	""	"Homo sapiens"
"ELMI004169"	"LIG"	"LIG_ActinCP_CPI_1"	"WASC2_DICDI"	"Q552E2"	"Q552E2 Q75JI1"	"1201"	"1218"	"23369714"	"coimmunoprecipitation; colocalization; deletion analysis"	"true positive"	""	"Dictyostelium discoideum"
"ELMI004172"	"LIG"	"LIG_ActinCP_TwfCPI_2"	"TWF1_HUMAN"	"Q12792"	"Q12792 A8K5A8 B3KXS6 B4DLX9 Q59G07 Q5U0B1 Q6FHJ1 Q6FHL6 Q6NUK9 Q86XL6 Q8TCD3"	"323"	"333"	"33571120"	"x-ray crystallography"	"true positive"	"7CCC"	"Homo sapiens"
"ELMI004173"	"LIG"	"LIG_ActinCP_TwfCPI_2"	"TWF1_MOUSE"	"Q91YR1"	"Q91YR1 O09132 Q52L77 Q80X09"	"323"	"333"	"12807912 33639213 11604420 29425097 30351272 15282541 33558729"	"colocalization; comigration in non denaturing gel electrophoresis; competition binding; deletion analysis; fluorescence polarization spectroscopy; knock out; mass spectrometry study of hydrogen/deuterium exchange; microscale thermophoresis; mutation analysis; mutation disrupting interaction; phenotype-based detection assay; western blot; x ray scattering; x-ray crystallography"	"true positive"	"7DS2"	"Mus musculus"
"ELMI004174"	"LIG"	"LIG_ActinCP_TwfCPI_2"	"TWF1_YEAST"	"P53250"	"P53250 D6VUL2"	"320"	"330"	"15282541 11604420"	"coimmunoprecipitation; comigration in non denaturing gel electrophoresis; deletion analysis; glutathione s tranferase tag; mutation analysis; pull down"	"true positive"	""	"Saccharomyces cerevisiae S288c"
"ELMI004175"	"LIG"	"LIG_ActinCP_TwfCPI_2"	"TWF2_MOUSE"	"Q9Z0P5"	"Q9Z0P5 Q3TD06 Q3TZG2 Q8BN77 Q9DCK8"	"323"	"333"	"12807912 33639213"	"comigration in non denaturing gel electrophoresis; western blot; x-ray crystallography"	"true positive"	"7DS3"	"Mus musculus"
"ELMI001664"	"LIG"	"LIG_Actin_RPEL_3"	"MKL1_MOUSE"	"Q8K4J6"	"Q8K4J6 Q642U1"	"17"	"36"	"19008859 12732141 18025109 21673315 17588931"	"alanine scanning; circular dichroism; coimmunoprecipitation; colocalization; fluorescence polarization spectroscopy; glutathione s tranferase tag; green fluorescent protein tag; molecular sieving; mutation analysis; pull down; sequence based prediction; structure based prediction"	"true positive"	"2V51 2YJE 2YJF"	"Mus musculus"
"ELMI001665"	"LIG"	"LIG_Actin_RPEL_3"	"MKL1_MOUSE"	"Q8K4J6"	"Q8K4J6 Q642U1"	"61"	"80"	"19008859 21673315 12732141 18025109 17588931 20818336"	"alanine scanning; circular dichroism; coimmunoprecipitation; colocalization; fluorescence polarization spectroscopy; glutathione s tranferase tag; green fluorescent protein tag; molecular sieving; mutation analysis; pull down; sequence based prediction; structure based prediction"	"true positive"	"2V52 2YJE 2YJF"	"Mus musculus"
"ELMI001666"	"LIG"	"LIG_Actin_RPEL_3"	"MKL1_MOUSE"	"Q8K4J6"	"Q8K4J6 Q642U1"	"105"	"124"	"19008859 12732141 18025109 21673315 17588931"	"alanine scanning; circular dichroism; coimmunoprecipitation; colocalization; fluorescence polarization spectroscopy; glutathione s tranferase tag; green fluorescent protein tag; molecular sieving; mutation analysis; pull down; sequence based prediction; structure based prediction"	"true positive"	"2YJE 2YJF"	"Mus musculus"
"ELMI001667"	"LIG"	"LIG_Actin_RPEL_3"	"MKL2_HUMAN"	"Q9ULH7"	"Q9ULH7 A6ND53 Q68CT1 Q6UB16 Q86WW2 Q8N226"	"42"	"61"	"14565952"	"sequence based prediction"	"true positive"	""	"Homo sapiens"
"ELMI001668"	"LIG"	"LIG_Actin_RPEL_3"	"MKL2_HUMAN"	"Q9ULH7"	"Q9ULH7 A6ND53 Q68CT1 Q6UB16 Q86WW2 Q8N226"	"86"	"105"	"14565952"	"sequence based prediction"	"true positive"	""	"Homo sapiens"
"ELMI001669"	"LIG"	"LIG_Actin_RPEL_3"	"MKL2_HUMAN"	"Q9ULH7"	"Q9ULH7 A6ND53 Q68CT1 Q6UB16 Q86WW2 Q8N226"	"130"	"149"	"14565952"	"sequence based prediction"	"true positive"	""	"Homo sapiens"
"ELMI001670"	"LIG"	"LIG_Actin_RPEL_3"	"MYCD_MOUSE"	"Q8VIM5"	"Q8VIM5 Q5SS65 Q8C3W6 Q8VIL4"	"20"	"39"	"18025109"	"alanine scanning; fluorescence polarization spectroscopy; glutathione s tranferase tag; green fluorescent protein tag; mutation analysis; pull down"	"true positive"	""	"Mus musculus"
"ELMI001671"	"LIG"	"LIG_Actin_RPEL_3"	"MYCD_MOUSE"	"Q8VIM5"	"Q8VIM5 Q5SS65 Q8C3W6 Q8VIL4"	"64"	"83"	"18025109"	"alanine scanning; fluorescence polarization spectroscopy; glutathione s tranferase tag; green fluorescent protein tag; mutation analysis; pull down"	"true positive"	""	"Mus musculus"
"ELMI001672"	"LIG"	"LIG_Actin_RPEL_3"	"MYCD_MOUSE"	"Q8VIM5"	"Q8VIM5 Q5SS65 Q8C3W6 Q8VIL4"	"108"	"127"	"18025109"	"alanine scanning; fluorescence polarization spectroscopy; glutathione s tranferase tag; green fluorescent protein tag; mutation analysis; pull down"	"true positive"	""	"Mus musculus"
"ELMI001673"	"LIG"	"LIG_Actin_RPEL_3"	"PHAR1_RAT"	"P62024"	"P62024 Q4KMC2"	"140"	"159"	"15107502"	"sequence based prediction"	"true positive"	""	"Rattus norvegicus"
"ELMI001674"	"LIG"	"LIG_Actin_RPEL_3"	"PHAR1_RAT"	"P62024"	"P62024 Q4KMC2"	"424"	"443"	"15107502"	"sequence based prediction"	"true positive"	""	"Rattus norvegicus"
"ELMI001675"	"LIG"	"LIG_Actin_RPEL_3"	"PHAR1_RAT"	"P62024"	"P62024 Q4KMC2"	"462"	"481"	"15107502"	"sequence based prediction"	"true positive"	""	"Rattus norvegicus"
"ELMI001676"	"LIG"	"LIG_Actin_RPEL_3"	"PHAR1_RAT"	"P62024"	"P62024 Q4KMC2"	"500"	"519"	"15107502"	"sequence based prediction"	"true positive"	""	"Rattus norvegicus"
"ELMI003392"	"LIG"	"LIG_Actin_WH2_1"	"C5IZN1_VIBCL"	"C5IZN1"	"C5IZN1"	"179"	"195"	"18005688"	"by homology; phenotype-based detection assay"	"true positive"	""	"Vibrio cholerae"
"ELMI003393"	"LIG"	"LIG_Actin_WH2_1"	"C5IZN1_VIBCL"	"C5IZN1"	"C5IZN1"	"249"	"267"	"18005688"	"by homology; phenotype-based detection assay"	"true positive"	""	"Vibrio cholerae"
"ELMI003391"	"LIG"	"LIG_Actin_WH2_1"	"Q87GE5_VIBPA"	"Q87GE5"	"Q87GE5"	"205"	"223"	"17942696"	"colocalization; mutation disrupting interaction; phenotype-based detection assay; pyrene label "	"true positive"	""	"Vibrio parahaemolyticus RIMD 2210633"
"ELMI001662"	"LIG"	"LIG_Actin_WH2_1"	"SPIR_DROME"	"Q9U1K1"	"Q9U1K1 Q5U0Z8 Q8INV3 Q8INV4 Q8INV5 Q8SXP3 Q8T8P8 Q9U4F0 Q9U4F1 Q9VIN3 Q9VIN4"	"464"	"480"	"20538977 10556052 15674283"	"affinity chromatography technology; alanine scanning; classical fluorescence spectroscopy; electron microscopy; his tag; molecular sieving; mutation analysis; nuclear magnetic resonance; pull down; sequence based prediction; structure based prediction"	"true positive"	"3MN5 3MN7"	"Drosophila melanogaster"
"ELMI001658"	"LIG"	"LIG_Actin_WH2_1"	"VRP1_YEAST"	"P37370"	"P37370 D6VYX7 Q06133"	"31"	"47"	"9412475"	"classical fluorescence spectroscopy; green fluorescent protein tag; mutation analysis; two hybrid"	"true positive"	""	"Saccharomyces cerevisiae S288c"
"ELMI001663"	"LIG"	"LIG_Actin_WH2_1"	"WASF1_HUMAN"	"Q92558"	"Q92558 E1P5F2 Q5SZK7"	"498"	"514"	"11146629 16403731"	"circular dichroism; fluorescence polarization spectroscopy; isothermal titration calorimetry; mutation analysis; nuclear magnetic resonance"	"true positive"	""	"Homo sapiens"
"ELMI001661"	"LIG"	"LIG_Actin_WH2_1"	"WASF2_HUMAN"	"Q9Y6W5"	"Q9Y6W5 O60794 Q9UDY7"	"437"	"453"	"16275905"	"isothermal titration calorimetry; sequence based prediction; structure based prediction; x-ray crystallography"	"true positive"	"2A40"	"Homo sapiens"
"ELMI001660"	"LIG"	"LIG_Actin_WH2_1"	"WASP_HUMAN"	"P42768"	"P42768 Q9BU11 Q9UNJ9"	"431"	"447"	"11146629 16275905"	"circular dichroism; fluorescence polarization spectroscopy; isothermal titration calorimetry; mutation analysis; sequence based prediction; structure based prediction; x-ray crystallography"	"true positive"	"2A3Z"	"Homo sapiens"
"ELMI001659"	"LIG"	"LIG_Actin_WH2_1"	"WIPF1_HUMAN"	"O43516"	"O43516 B8ZZM1 D3DPE4 Q15220 Q53TA9 Q6MZU9 Q9BU37 Q9UNP1"	"33"	"49"	"16275905"	"isothermal titration calorimetry; sequence based prediction; structure based prediction; x-ray crystallography"	"true positive"	"2A41"	"Homo sapiens"
"ELMI001654"	"LIG"	"LIG_Actin_WH2_2"	"A2VCK8_HUMAN"	"A2VCK8"	"A2VCK8"	"3"	"21"	"8617195 16275905"	"circular dichroism; cross linking study; isothermal titration calorimetry; mutation analysis; sequence based prediction; structure based prediction; x-ray crystallography"	"true positive"	""	"Homo sapiens"
"ELMI001649"	"LIG"	"LIG_Actin_WH2_2"	"ACTO_ACACA"	"P18281"	"P18281"	"2"	"18"	"1464307"	"cross linking study; mutation analysis"	"true positive"	""	"Acanthamoeba castellanii"
"ELMI003397"	"LIG"	"LIG_Actin_WH2_2"	"B4Y9V9_BURPE"	"B4Y9V9"	"B4Y9V9"	"57"	"74"	"25860613"	"fluorescence polarization spectroscopy; mutation disrupting interaction; pyrene label "	"true positive"	""	"Burkholderia pseudomallei"
"ELMI003396"	"LIG"	"LIG_Actin_WH2_2"	"C5IZN1_VIBCL"	"C5IZN1"	"C5IZN1"	"210"	"226"	"18005688"	"by homology; phenotype-based detection assay"	"true positive"	""	"Vibrio cholerae"
"ELMI001652"	"LIG"	"LIG_Actin_WH2_2"	"MTSS1_HUMAN"	"O43312"	"O43312 Q8TCA2 Q96RX2"	"728"	"744"	"17292833 16275905"	"isothermal titration calorimetry; sequence based prediction; structure based prediction; x-ray crystallography"	"true positive"	"2D1K"	"Homo sapiens"
"ELMI001650"	"LIG"	"LIG_Actin_WH2_2"	"O97428_DROME"	"O97428"	"O97428"	"53"	"71"	"16275905 11030623"	"cross linking study; isothermal titration calorimetry; sequence based prediction; structure based prediction; subcellular preparation; x-ray crystallography"	"true positive"	""	"Drosophila melanogaster"
"ELMI001651"	"LIG"	"LIG_Actin_WH2_2"	"O97428_DROME"	"O97428"	"O97428"	"91"	"109"	"16275905 11030623"	"cross linking study; isothermal titration calorimetry; sequence based prediction; structure based prediction; subcellular preparation; x-ray crystallography"	"true positive"	""	"Drosophila melanogaster"
"ELMI003394"	"LIG"	"LIG_Actin_WH2_2"	"Q87GE5_VIBPA"	"Q87GE5"	"Q87GE5"	"135"	"151"	"17942696"	"colocalization; mutation disrupting interaction; phenotype-based detection assay; pyrene label ; x-ray crystallography"	"true positive"	"3M1F"	"Vibrio parahaemolyticus RIMD 2210633"
"ELMI003395"	"LIG"	"LIG_Actin_WH2_2"	"Q87GE5_VIBPA"	"Q87GE5"	"Q87GE5"	"166"	"182"	"17942696"	"colocalization; mutation disrupting interaction; phenotype-based detection assay; pyrene label "	"true positive"	""	"Vibrio parahaemolyticus RIMD 2210633"
"ELMI001645"	"LIG"	"LIG_Actin_WH2_2"	"SCAR1_ARATH"	"Q6AWX6"	"Q6AWX6 O22968 Q56WS5 Q5XPJ7 Q84WP7"	"757"	"774"	"1529676 15534215"	"glutathione s tranferase tag; pull down; sequence based prediction; western blot"	"true positive"	""	"Arabidopsis thaliana"
"ELMI001646"	"LIG"	"LIG_Actin_WH2_2"	"SCAR2_ARATH"	"Q5XPJ9"	"Q5XPJ9 O80907"	"1336"	"1353"	"15534215"	"sequence based prediction"	"true positive"	""	"Arabidopsis thaliana"
"ELMI001647"	"LIG"	"LIG_Actin_WH2_2"	"SCAR3_ARATH"	"Q9LP46"	"Q9LP46"	"955"	"972"	"15534215"	"glutathione s tranferase tag; pull down; sequence based prediction"	"true positive"	""	"Arabidopsis thaliana"
"ELMI001648"	"LIG"	"LIG_Actin_WH2_2"	"SCAR4_ARATH"	"Q5XPJ6"	"Q5XPJ6 Q9LCZ7"	"1106"	"1123"	"15534215"	"glutathione s tranferase tag; pull down; sequence based prediction"	"true positive"	""	"Arabidopsis thaliana"
"ELMI001656"	"LIG"	"LIG_Actin_WH2_2"	"SPIR_DROME"	"Q9U1K1"	"Q9U1K1 Q5U0Z8 Q8INV3 Q8INV4 Q8INV5 Q8SXP3 Q8T8P8 Q9U4F0 Q9U4F1 Q9VIN3 Q9VIN4"	"370"	"386"	"15674283"	"affinity chromatography technology; alanine scanning; electron microscopy; his tag; mutation analysis; pull down"	"true positive"	""	"Drosophila melanogaster"
"ELMI001655"	"LIG"	"LIG_Actin_WH2_2"	"SPIR_DROME"	"Q9U1K1"	"Q9U1K1 Q5U0Z8 Q8INV3 Q8INV4 Q8INV5 Q8SXP3 Q8T8P8 Q9U4F0 Q9U4F1 Q9VIN3 Q9VIN4"	"400"	"417"	"20538977 10556052 15674283"	"affinity chromatography technology; alanine scanning; classical fluorescence spectroscopy; electron microscopy; his tag; molecular sieving; mutation analysis; nuclear magnetic resonance; pull down; sequence based prediction; structure based prediction"	"true positive"	""	"Drosophila melanogaster"
"ELMI001657"	"LIG"	"LIG_Actin_WH2_2"	"SPIR_DROME"	"Q9U1K1"	"Q9U1K1 Q5U0Z8 Q8INV3 Q8INV4 Q8INV5 Q8SXP3 Q8T8P8 Q9U4F0 Q9U4F1 Q9VIN3 Q9VIN4"	"432"	"448"	"15674283"	"affinity chromatography technology; alanine scanning; electron microscopy; his tag; mutation analysis; pull down"	"true positive"	""	"Drosophila melanogaster"
"ELMI001653"	"LIG"	"LIG_Actin_WH2_2"	"TYB4_MOUSE"	"P20065"	"P20065"	"9"	"27"	"1464307"	"cross linking study; mutation analysis"	"true positive"	""	"Mus musculus"
"ELMI002955"	"LIG"	"LIG_ANK_PxLPxL_1"	"ABL1_HUMAN"	"P00519-2"	"P00519 A3KFJ3 Q13869 Q13870 Q16133 Q17R61 Q45F09"	"15"	"22"	"22649097"	"peptide array"	"true positive"	""	"Homo sapiens"
"ELMI002954"	"LIG"	"LIG_ANK_PxLPxL_1"	"CCDC8_HUMAN"	"Q9H0W5"	"Q9H0W5 Q8TB26"	"500"	"509"	"25752541"	"anti tag coimmunoprecipitation; detection by mass spectrometry; isothermal titration calorimetry; mutation analysis; x-ray crystallography"	"true positive"	"4LG6"	"Homo sapiens"
"ELMI002947"	"LIG"	"LIG_ANK_PxLPxL_1"	"HDAC4_HUMAN"	"P56524"	"P56524 Q9UND6"	"349"	"358"	"15964851 22649097 16236793"	"alanine scanning; anti tag coimmunoprecipitation; colocalization; confocal microscopy; fluorescence microscopy; isothermal titration calorimetry; mutation analysis; peptide array; pull down; two hybrid; x-ray crystallography"	"true positive"	"3UXG 3V31"	"Homo sapiens"
"ELMI002948"	"LIG"	"LIG_ANK_PxLPxL_1"	"HDAC5_HUMAN"	"Q9UQL6"	"Q9UQL6 C9JFV9 O60340 O60528 Q96DY4"	"367"	"376"	"22649097 16236793"	"anti tag coimmunoprecipitation; confocal microscopy; inferred by curator; mutation analysis; peptide array; two hybrid"	"true positive"	""	"Homo sapiens"
"ELMI002949"	"LIG"	"LIG_ANK_PxLPxL_1"	"HDAC5_MOUSE"	"Q9Z2V6"	"Q9Z2V6 Q9JL73"	"358"	"367"	"15964851"	"fluorescence microscopy; pull down"	"true positive"	""	"Mus musculus"
"ELMI002950"	"LIG"	"LIG_ANK_PxLPxL_1"	"HDAC9_HUMAN"	"Q9UKV0"	"Q9UKV0 A7E2F3 B7Z4I4 B7Z917 B7Z928 B7Z940 C9JS87 E7EX34 F8W9E0 O94845 O95028 Q2M2R6 Q86SL1 Q86US3"	"325"	"334"	"22649097"	"inferred by curator"	"true positive"	""	"Homo sapiens"
"ELMI002951"	"LIG"	"LIG_ANK_PxLPxL_1"	"LRP2_RAT"	"P98158"	"P98158"	"4460"	"4468"	"22649097 11095640"	"anti tag coimmunoprecipitation; fluorescence microscopy; glutathione s tranferase tag; immunodepleted coimmunoprecipitation; isothermal titration calorimetry; mutation analysis; pull down; two hybrid; western blot; x-ray crystallography"	"true positive"	"3V2O 3V2X"	"Rattus norvegicus"
"ELMI002952"	"LIG"	"LIG_ANK_PxLPxL_1"	"RFX5_HUMAN"	"P48382"	"P48382 B7Z848 D3DV19 E9PFU4 Q5VWC3"	"173"	"180"	"22649097 25752541"	"anti tag coimmunoprecipitation; detection by mass spectrometry; isothermal titration calorimetry; mutation analysis; x-ray crystallography"	"true positive"	"3V30"	"Homo sapiens"
"ELMI002953"	"LIG"	"LIG_ANK_PxLPxL_1"	"RFX7_HUMAN"	"Q2KHR2"	"Q2KHR2 Q6ZRR1 Q6ZTY6 Q8N3J0 Q9H7A9 Q9H956"	"91"	"98"	"25752541"	"anti tag coimmunoprecipitation; detection by mass spectrometry; x-ray crystallography"	"true positive"	"4QQI"	"Homo sapiens"
"ELMI002956"	"LIG"	"LIG_ANK_PxLPxL_1"	"TPOR_HUMAN"	"P40238"	"P40238 Q5JUZ0"	"530"	"539"	"22649097"	"peptide array"	"true positive"	""	"Homo sapiens"
"ELMI000295"	"LIG"	"LIG_AP2alpha_1"	"AMPH_CHICK"	"P50478"	"P50478"	"324"	"328"	""	""	"true positive"	""	"Gallus gallus"
"ELMI000296"	"LIG"	"LIG_AP2alpha_1"	"AMPH_HUMAN"	"P49418"	"P49418 A4D1X8 A4D1X9 O43538 Q75MJ8 Q75MK5 Q75MM3 Q8N4G0"	"324"	"328"	"12057195"	"x-ray crystallography"	"true positive"	"1KY7"	"Homo sapiens"
"ELMI000297"	"LIG"	"LIG_AP2alpha_1"	"AMPH_RAT"	"O08838"	"O08838"	"324"	"328"	"17986441"	"glutathione s tranferase tag; isothermal titration calorimetry; mutation analysis; pull down; x-ray crystallography"	"true positive"	"2VJ0"	"Rattus norvegicus"
"ELMI000299"	"LIG"	"LIG_AP2alpha_1"	"AP180_HUMAN"	"O60641"	"O60641 A8K0L7 Q5JX13 Q68DL9 Q6P9D3 Q9NTY7"	"440"	"444"	"12057195"	"sequence based prediction"	"true positive"	""	"Homo sapiens"
"ELMI000300"	"LIG"	"LIG_AP2alpha_1"	"AP180_HUMAN"	"O60641"	"O60641 A8K0L7 Q5JX13 Q68DL9 Q6P9D3 Q9NTY7"	"564"	"568"	"12057195"	"sequence based prediction"	"true positive"	""	"Homo sapiens"
"ELMI000301"	"LIG"	"LIG_AP2alpha_1"	"AP180_HUMAN"	"O60641"	"O60641 A8K0L7 Q5JX13 Q68DL9 Q6P9D3 Q9NTY7"	"642"	"646"	"12057195"	"sequence based prediction"	"true positive"	""	"Homo sapiens"
"ELMI000302"	"LIG"	"LIG_AP2alpha_1"	"AP180_MOUSE"	"Q61548"	"Q61548 Q61547 Q8K0D4"	"436"	"440"	"12057195"	"sequence based prediction"	"true positive"	""	"Mus musculus"
"ELMI000303"	"LIG"	"LIG_AP2alpha_1"	"AP180_MOUSE"	"Q61548"	"Q61548 Q61547 Q8K0D4"	"562"	"566"	"12057195"	"sequence based prediction"	"true positive"	""	"Mus musculus"
"ELMI000304"	"LIG"	"LIG_AP2alpha_1"	"AP180_MOUSE"	"Q61548"	"Q61548 Q61547 Q8K0D4"	"640"	"644"	"10428863 12057195"	"coimmunoprecipitation; glutathione s tranferase tag; pull down; sequence based prediction; western blot"	"true positive"	""	"Mus musculus"
"ELMI000298"	"LIG"	"LIG_AP2alpha_1"	"BIN1_HUMAN"	"O00499"	"O00499 O00297 O00545 O43867 O60552 O60553 O60554 O60555 O75514 O75515 O75516 O75517 O75518 Q659B7 Q92944 Q99688"	"362"	"366"	"12057195"	"sequence based prediction"	"true positive"	""	"Homo sapiens"
"ELMI000305"	"LIG"	"LIG_AP2alpha_1"	"Q9PTK7_XENLA"	"Q9PTK7"	"Q9PTK7"	"434"	"438"	""	""	"true positive"	""	"Xenopus laevis"
"ELMI000828"	"LIG"	"LIG_AP2alpha_2"	"AMPH_RAT"	"O08838"	"O08838"	"357"	"359"	"10380931"	"classical fluorescence spectroscopy; competition binding; far western blotting; glutathione s tranferase tag; mutation analysis; pull down"	"true positive"	""	"Rattus norvegicus"
"ELMI000826"	"LIG"	"LIG_AP2alpha_2"	"AP180_RAT"	"Q05140"	"Q05140"	"400"	"402"	"10380931"	"far western blotting; glutathione s tranferase tag; mutation analysis; pull down"	"true positive"	""	"Rattus norvegicus"
"ELMI000827"	"LIG"	"LIG_AP2alpha_2"	"AP180_RAT"	"Q05140"	"Q05140"	"474"	"476"	"10380931"	"far western blotting; glutathione s tranferase tag; mutation analysis; pull down"	"true positive"	""	"Rattus norvegicus"
"ELMI000829"	"LIG"	"LIG_AP2alpha_2"	"AUXI_BOVIN"	"Q27974"	"Q27974"	"579"	"581"	"10380931"	"far western blotting; glutathione s tranferase tag; mutation analysis; pull down"	"true positive"	""	"Bos taurus"
"ELMI000830"	"LIG"	"LIG_AP2alpha_2"	"AUXI_BOVIN"	"Q27974"	"Q27974"	"605"	"607"	"10380931"	"far western blotting; glutathione s tranferase tag; mutation analysis; pull down"	"true positive"	""	"Bos taurus"
"ELMI000831"	"LIG"	"LIG_AP2alpha_2"	"AUXI_BOVIN"	"Q27974"	"Q27974"	"674"	"676"	"10380931"	"far western blotting; glutathione s tranferase tag; mutation analysis; pull down"	"true positive"	""	"Bos taurus"
"ELMI002609"	"LIG"	"LIG_AP2alpha_2"	"DAB2_HUMAN"	"P98082"	"P98082 A6NES5 Q13598 Q9BTY0 Q9UK04"	"293"	"295"	"11247302"	"anti tag coimmunoprecipitation; mutation analysis; pull down"	"true positive"	""	"Homo sapiens"
"ELMI002610"	"LIG"	"LIG_AP2alpha_2"	"DAB2_HUMAN"	"P98082"	"P98082 A6NES5 Q13598 Q9BTY0 Q9UK04"	"298"	"300"	"11247302"	"anti tag coimmunoprecipitation; mutation analysis; pull down"	"true positive"	""	"Homo sapiens"
"ELMI000887"	"LIG"	"LIG_AP2alpha_2"	"EP15R_HUMAN"	"Q9UBC2"	"Q9UBC2"	"599"	"601"	"10380931"	"sequence based prediction"	"true positive"	""	"Homo sapiens"
"ELMI000888"	"LIG"	"LIG_AP2alpha_2"	"EP15R_HUMAN"	"Q9UBC2"	"Q9UBC2"	"618"	"620"	"10380931"	"sequence based prediction"	"true positive"	""	"Homo sapiens"
"ELMI000889"	"LIG"	"LIG_AP2alpha_2"	"EP15R_HUMAN"	"Q9UBC2"	"Q9UBC2"	"624"	"626"	"10380931"	"sequence based prediction"	"true positive"	""	"Homo sapiens"
"ELMI000890"	"LIG"	"LIG_AP2alpha_2"	"EP15R_HUMAN"	"Q9UBC2"	"Q9UBC2"	"629"	"631"	"10380931"	"sequence based prediction"	"true positive"	""	"Homo sapiens"
"ELMI000891"	"LIG"	"LIG_AP2alpha_2"	"EP15R_HUMAN"	"Q9UBC2"	"Q9UBC2"	"640"	"642"	"10380931"	"sequence based prediction"	"true positive"	""	"Homo sapiens"
"ELMI000892"	"LIG"	"LIG_AP2alpha_2"	"EP15R_HUMAN"	"Q9UBC2"	"Q9UBC2"	"645"	"647"	"10380931"	"sequence based prediction"	"true positive"	""	"Homo sapiens"
"ELMI000893"	"LIG"	"LIG_AP2alpha_2"	"EP15R_HUMAN"	"Q9UBC2"	"Q9UBC2"	"656"	"658"	"10380931"	"sequence based prediction"	"true positive"	""	"Homo sapiens"
"ELMI000894"	"LIG"	"LIG_AP2alpha_2"	"EP15R_HUMAN"	"Q9UBC2"	"Q9UBC2"	"661"	"663"	"10380931"	"sequence based prediction"	"true positive"	""	"Homo sapiens"
"ELMI000895"	"LIG"	"LIG_AP2alpha_2"	"EP15R_HUMAN"	"Q9UBC2"	"Q9UBC2"	"667"	"669"	"10380931"	"sequence based prediction"	"true positive"	""	"Homo sapiens"
"ELMI000896"	"LIG"	"LIG_AP2alpha_2"	"EP15R_HUMAN"	"Q9UBC2"	"Q9UBC2"	"685"	"687"	"10380931"	"sequence based prediction"	"true positive"	""	"Homo sapiens"
"ELMI000897"	"LIG"	"LIG_AP2alpha_2"	"EP15R_HUMAN"	"Q9UBC2"	"Q9UBC2"	"690"	"692"	"10380931"	"sequence based prediction"	"true positive"	""	"Homo sapiens"
"ELMI000898"	"LIG"	"LIG_AP2alpha_2"	"EP15R_HUMAN"	"Q9UBC2"	"Q9UBC2"	"703"	"705"	"10380931"	"sequence based prediction"	"true positive"	""	"Homo sapiens"
"ELMI000899"	"LIG"	"LIG_AP2alpha_2"	"EP15R_HUMAN"	"Q9UBC2"	"Q9UBC2"	"709"	"711"	"10380931"	"sequence based prediction"	"true positive"	""	"Homo sapiens"
"ELMI000900"	"LIG"	"LIG_AP2alpha_2"	"EP15R_HUMAN"	"Q9UBC2"	"Q9UBC2"	"722"	"724"	"10380931"	"sequence based prediction"	"true positive"	""	"Homo sapiens"
"ELMI000901"	"LIG"	"LIG_AP2alpha_2"	"EP15R_HUMAN"	"Q9UBC2"	"Q9UBC2"	"728"	"730"	"10380931"	"sequence based prediction"	"true positive"	""	"Homo sapiens"
"ELMI000902"	"LIG"	"LIG_AP2alpha_2"	"EP15R_HUMAN"	"Q9UBC2"	"Q9UBC2"	"768"	"770"	"10380931"	"sequence based prediction"	"true positive"	""	"Homo sapiens"
"ELMI000903"	"LIG"	"LIG_AP2alpha_2"	"EP15R_HUMAN"	"Q9UBC2"	"Q9UBC2"	"812"	"814"	"10380931"	"sequence based prediction"	"true positive"	""	"Homo sapiens"
"ELMI000904"	"LIG"	"LIG_AP2alpha_2"	"EP15R_HUMAN"	"Q9UBC2"	"Q9UBC2"	"823"	"825"	"10380931"	"sequence based prediction"	"true positive"	""	"Homo sapiens"
"ELMI000905"	"LIG"	"LIG_AP2alpha_2"	"EP15R_HUMAN"	"Q9UBC2"	"Q9UBC2"	"833"	"835"	"10380931"	"sequence based prediction"	"true positive"	""	"Homo sapiens"
"ELMI000906"	"LIG"	"LIG_AP2alpha_2"	"EP15R_HUMAN"	"Q9UBC2"	"Q9UBC2"	"839"	"841"	"10380931"	"sequence based prediction"	"true positive"	""	"Homo sapiens"
"ELMI000816"	"LIG"	"LIG_AP2alpha_2"	"EPN1_RAT"	"O88339"	"O88339"	"274"	"276"	"10380931"	"classical fluorescence spectroscopy; competition binding; far western blotting; glutathione s tranferase tag; mutation analysis; pull down"	"true positive"	""	"Rattus norvegicus"
"ELMI000817"	"LIG"	"LIG_AP2alpha_2"	"EPN1_RAT"	"O88339"	"O88339"	"294"	"296"	"10380931"	"classical fluorescence spectroscopy; competition binding; far western blotting; glutathione s tranferase tag; mutation analysis; pull down"	"true positive"	""	"Rattus norvegicus"
"ELMI000818"	"LIG"	"LIG_AP2alpha_2"	"EPN1_RAT"	"O88339"	"O88339"	"306"	"308"	"10380931"	"classical fluorescence spectroscopy; competition binding; far western blotting; glutathione s tranferase tag; mutation analysis; pull down"	"true positive"	""	"Rattus norvegicus"
"ELMI000819"	"LIG"	"LIG_AP2alpha_2"	"EPN1_RAT"	"O88339"	"O88339"	"319"	"321"	"10380931"	"classical fluorescence spectroscopy; competition binding; far western blotting; glutathione s tranferase tag; mutation analysis; pull down"	"true positive"	""	"Rattus norvegicus"
"ELMI000820"	"LIG"	"LIG_AP2alpha_2"	"EPN1_RAT"	"O88339"	"O88339"	"332"	"334"	"10380931"	"classical fluorescence spectroscopy; competition binding; far western blotting; glutathione s tranferase tag; mutation analysis; pull down"	"true positive"	""	"Rattus norvegicus"
"ELMI000821"	"LIG"	"LIG_AP2alpha_2"	"EPN1_RAT"	"O88339"	"O88339"	"349"	"351"	"10380931"	"classical fluorescence spectroscopy; competition binding; far western blotting; glutathione s tranferase tag; mutation analysis; pull down"	"true positive"	""	"Rattus norvegicus"
"ELMI000822"	"LIG"	"LIG_AP2alpha_2"	"EPN1_RAT"	"O88339"	"O88339"	"367"	"369"	"10380931"	"classical fluorescence spectroscopy; competition binding; far western blotting; glutathione s tranferase tag; mutation analysis; pull down"	"true positive"	""	"Rattus norvegicus"
"ELMI000823"	"LIG"	"LIG_AP2alpha_2"	"EPN1_RAT"	"O88339"	"O88339"	"377"	"379"	"10380931 12057195"	"classical fluorescence spectroscopy; competition binding; far western blotting; glutathione s tranferase tag; mutation analysis; pull down; x-ray crystallography"	"true positive"	"1KY6"	"Rattus norvegicus"
"ELMI000839"	"LIG"	"LIG_AP2alpha_2"	"EPS15_HUMAN"	"P42566"	"P42566 B2R8J7 D3DPJ2 Q5SRH4"	"599"	"601"	"10380931"	"sequence based prediction"	"true positive"	""	"Homo sapiens"
"ELMI000840"	"LIG"	"LIG_AP2alpha_2"	"EPS15_HUMAN"	"P42566"	"P42566 B2R8J7 D3DPJ2 Q5SRH4"	"623"	"625"	"10380931"	"sequence based prediction"	"true positive"	""	"Homo sapiens"
"ELMI000841"	"LIG"	"LIG_AP2alpha_2"	"EPS15_HUMAN"	"P42566"	"P42566 B2R8J7 D3DPJ2 Q5SRH4"	"629"	"631"	"10380931"	"sequence based prediction"	"true positive"	""	"Homo sapiens"
"ELMI000842"	"LIG"	"LIG_AP2alpha_2"	"EPS15_HUMAN"	"P42566"	"P42566 B2R8J7 D3DPJ2 Q5SRH4"	"634"	"636"	"10380931"	"sequence based prediction"	"true positive"	""	"Homo sapiens"
"ELMI000843"	"LIG"	"LIG_AP2alpha_2"	"EPS15_HUMAN"	"P42566"	"P42566 B2R8J7 D3DPJ2 Q5SRH4"	"640"	"642"	"10380931"	"sequence based prediction"	"true positive"	""	"Homo sapiens"
"ELMI000844"	"LIG"	"LIG_AP2alpha_2"	"EPS15_HUMAN"	"P42566"	"P42566 B2R8J7 D3DPJ2 Q5SRH4"	"645"	"647"	"10380931"	"sequence based prediction"	"true positive"	""	"Homo sapiens"
"ELMI000845"	"LIG"	"LIG_AP2alpha_2"	"EPS15_HUMAN"	"P42566"	"P42566 B2R8J7 D3DPJ2 Q5SRH4"	"651"	"653"	"10380931"	"sequence based prediction"	"true positive"	""	"Homo sapiens"
"ELMI000846"	"LIG"	"LIG_AP2alpha_2"	"EPS15_HUMAN"	"P42566"	"P42566 B2R8J7 D3DPJ2 Q5SRH4"	"664"	"666"	"10380931"	"sequence based prediction"	"true positive"	""	"Homo sapiens"
"ELMI000835"	"LIG"	"LIG_AP2alpha_2"	"EPS15_HUMAN"	"P42566"	"P42566 B2R8J7 D3DPJ2 Q5SRH4"	"672"	"674"	"8662627 10380931"	"glutathione s tranferase tag; mutation analysis; pull down; sequence based prediction"	"true positive"	""	"Homo sapiens"
"ELMI000836"	"LIG"	"LIG_AP2alpha_2"	"EPS15_HUMAN"	"P42566"	"P42566 B2R8J7 D3DPJ2 Q5SRH4"	"692"	"694"	"8662627 10944104"	"glutathione s tranferase tag; mutation analysis; pull down; sequence based prediction"	"true positive"	""	"Homo sapiens"
"ELMI000837"	"LIG"	"LIG_AP2alpha_2"	"EPS15_HUMAN"	"P42566"	"P42566 B2R8J7 D3DPJ2 Q5SRH4"	"709"	"711"	"8662627 10380931"	"glutathione s tranferase tag; mutation analysis; pull down; sequence based prediction"	"true positive"	""	"Homo sapiens"
"ELMI000838"	"LIG"	"LIG_AP2alpha_2"	"EPS15_HUMAN"	"P42566"	"P42566 B2R8J7 D3DPJ2 Q5SRH4"	"737"	"739"	"8662627 10380931"	"glutathione s tranferase tag; mutation analysis; pull down; sequence based prediction"	"true positive"	""	"Homo sapiens"
"ELMI000847"	"LIG"	"LIG_AP2alpha_2"	"EPS15_HUMAN"	"P42566"	"P42566 B2R8J7 D3DPJ2 Q5SRH4"	"798"	"800"	"10380931"	"sequence based prediction"	"true positive"	""	"Homo sapiens"
"ELMI000848"	"LIG"	"LIG_AP2alpha_2"	"EPS15_HUMAN"	"P42566"	"P42566 B2R8J7 D3DPJ2 Q5SRH4"	"804"	"806"	"10380931"	"sequence based prediction"	"true positive"	""	"Homo sapiens"
"ELMI000849"	"LIG"	"LIG_AP2alpha_2"	"EPS15_HUMAN"	"P42566"	"P42566 B2R8J7 D3DPJ2 Q5SRH4"	"825"	"827"	"10380931"	"sequence based prediction"	"true positive"	""	"Homo sapiens"
"ELMI000996"	"LIG"	"LIG_AP2alpha_2"	"EPS15_MOUSE"	"P42567"	"P42567 Q8C431"	"629"	"631"	"12057195"	"x-ray crystallography"	"true positive"	"1KYU"	"Mus musculus"
"ELMI002576"	"LIG"	"LIG_AP2alpha_2"	"SYNJ1_HUMAN"	"O43426"	"O43426 O43425 O94984 Q4KMR1"	"1323"	"1325"	"10801423"	"coimmunoprecipitation; glutathione s tranferase tag; pull down"	"true positive"	""	"Homo sapiens"
"ELMI002577"	"LIG"	"LIG_AP2alpha_2"	"SYNJ1_HUMAN"	"O43426"	"O43426 O43425 O94984 Q4KMR1"	"1555"	"1557"	"10801423"	"coimmunoprecipitation; glutathione s tranferase tag; pull down"	"true positive"	""	"Homo sapiens"
"ELMI003263"	"LIG"	"LIG_APCC_ABBA_1"	"ACM1_YEAST"	"Q08981"	"Q08981 D6W3A3"	"61"	"66"	"23707760 25669885 18498748 21460798"	"alanine scanning; coimmunoprecipitation; competition binding; mutation analysis; pull down; two hybrid; ubiquitinase assay; x ray scattering; x-ray crystallography"	"true positive"	"4BH6"	"Saccharomyces cerevisiae S288c"
"ELMI003271"	"LIG"	"LIG_APCC_ABBA_1"	"BUB1B_HUMAN"	"O60566"	"O60566 B2R6U0 B4DL09 B4DLG3 O60501 O60627 O60758 O75389 Q59HH6 Q8WV50 Q96KM4"	"272"	"277"	""	"coimmunoprecipitation; mutation analysis; pull down"	"true positive"	""	"Homo sapiens"
"ELMI003272"	"LIG"	"LIG_APCC_ABBA_1"	"BUB1B_HUMAN"	"O60566"	"O60566 B2R6U0 B4DL09 B4DLG3 O60501 O60627 O60758 O75389 Q59HH6 Q8WV50 Q96KM4"	"340"	"345"	""	"coimmunoprecipitation; mutation analysis; pull down"	"true positive"	""	"Homo sapiens"
"ELMI003266"	"LIG"	"LIG_APCC_ABBA_1"	"BUB1B_HUMAN"	"O60566"	"O60566 B2R6U0 B4DL09 B4DLG3 O60501 O60627 O60758 O75389 Q59HH6 Q8WV50 Q96KM4"	"528"	"533"	"25669885 25505175"	"coimmunoprecipitation; competition binding; glutathione s tranferase tag; microscale thermophoresis; mutation analysis; pull down; ubiquitinase assay"	"true positive"	""	"Homo sapiens"
"ELMI003267"	"LIG"	"LIG_APCC_ABBA_1"	"BUB1_HUMAN"	"O43683"	"O43683 O43430 O43643 O60626"	"527"	"532"	"25669885"	"competition binding; mutation analysis; pull down"	"true positive"	""	"Homo sapiens"
"ELMI003264"	"LIG"	"LIG_APCC_ABBA_1"	"CCNA1_HUMAN"	"P78396"	"P78396 B7Z7E3 Q5T3V0 Q5U0G2 Q8IY91"	"135"	"140"	"25669885"	"competition binding; mutation analysis; pull down"	"true positive"	""	"Homo sapiens"
"ELMI003265"	"LIG"	"LIG_APCC_ABBA_1"	"CCNA2_HUMAN"	"P20248"	"P20248 A8K7B6 Q2M3U6 Q4W5P4 Q6LER8"	"99"	"104"	"25669885"	"competition binding; mutation analysis; pull down"	"true positive"	""	"Homo sapiens"
"ELMI003270"	"LIG"	"LIG_APCC_ABBA_1"	"CLSPN_HUMAN"	"Q9HAW4"	"Q9HAW4 A6NFL4 Q1RMC6 Q2KHM3 Q5VYG0 Q6P6H5 Q8IWI1"	"1114"	"1119"	"21460798"	"inferred by author"	"false positive"	""	"Homo sapiens"
"ELMI003269"	"LIG"	"LIG_APCC_ABBA_1"	"ERC6L_HUMAN"	"Q2NKX8"	"Q2NKX8 Q8NCI1 Q96H93 Q9NXQ8"	"953"	"958"	"25669885"	"sequence based prediction"	"false positive"	""	"Homo sapiens"
"ELMI003268"	"LIG"	"LIG_APCC_ABBA_1"	"ESPL1_HUMAN"	"Q14674"	"Q14674"	"1362"	"1367"	"25669885"	"sequence based prediction"	"false positive"	""	"Homo sapiens"
"ELMI003274"	"LIG"	"LIG_APCC_ABBA_1"	"MAD3_YEAST"	"P47074"	"P47074 D6VWG4"	"331"	"336"	""	"sequence based prediction"	"unknown"	""	"Saccharomyces cerevisiae"
"ELMI003275"	"LIG"	"LIG_APCC_ABBAyCdc20_2"	"CGS5_YEAST"	"P30283"	"P30283 D6W4B9"	"99"	"105"	"25287299"	"mutation analysis; ubiquitinase assay"	"true positive"	""	"Saccharomyces cerevisiae S288c"
"ELMI003273"	"LIG"	"LIG_APCC_ABBAyCdc20_2"	"MAD3_YEAST"	"P47074"	"P47074 D6VWG4"	"258"	"264"	""	"sequence based prediction"	"unknown"	""	"Saccharomyces cerevisiae"
"ELMI002507"	"LIG"	"LIG_APCC_Cbox_1"	"CDC20_HUMAN"	"Q12834"	"Q12834 B2R6Z6 D3DPJ1 Q5JUY4 Q9BW56 Q9UQI9"	"77"	"83"	"19026787"	"coimmunoprecipitation; mutation analysis"	"true positive"	""	"Homo sapiens"
"ELMI002508"	"LIG"	"LIG_APCC_Cbox_1"	"Q8AVG7_XENLA"	"Q8AVG7"	"Q8AVG7"	"85"	"91"	"22713866 19026787"	"coimmunoprecipitation; glutathione s tranferase tag; mutation analysis; pull down"	"true positive"	""	"Xenopus laevis"
"ELMI002509"	"LIG"	"LIG_APCC_Cbox_2"	"AMA1_YEAST"	"P50082"	"P50082 D6VV07 Q96VQ3"	"29"	"35"	"21118994"	"glutathione s tranferase tag; mutation analysis"	"true positive"	""	"Saccharomyces cerevisiae S288c"
"ELMI002511"	"LIG"	"LIG_APCC_Cbox_2"	"CDC20_YEAST"	"P26309"	"P26309 D6VU31"	"144"	"150"	"16481473 21118994"	"coimmunoprecipitation; mutation analysis"	"true positive"	""	"Saccharomyces cerevisiae"
"ELMI002510"	"LIG"	"LIG_APCC_Cbox_2"	"CDH1_YEAST"	"P53197"	"P53197 D6VUD5"	"55"	"61"	"16481473 11566880"	"coimmunoprecipitation; his tag; mutation analysis; pull down; ubiquitinase assay; western blot"	"true positive"	""	"Saccharomyces cerevisiae S288c"
"ELMI000485"	"LIG"	"LIG_AP_GAE_1"	"AFTIN_HUMAN"	"Q6ULP2"	"Q6ULP2 D6W5E9 Q6ZM66 Q86VW3 Q8TCF3 Q9H7E3 Q9HAB9 Q9NXS4"	"25"	"31"	"14665628"	"two hybrid"	"true positive"	""	"Homo sapiens"
"ELMI000486"	"LIG"	"LIG_AP_GAE_1"	"AFTIN_HUMAN"	"Q6ULP2"	"Q6ULP2 D6W5E9 Q6ZM66 Q86VW3 Q8TCF3 Q9H7E3 Q9HAB9 Q9NXS4"	"429"	"435"	"14665628"	"two hybrid"	"true positive"	""	"Homo sapiens"
"ELMI000475"	"LIG"	"LIG_AP_GAE_1"	"ENT3_YEAST"	"P47160"	"P47160 D6VWU4"	"269"	"275"	"12483220"	"anti tag coimmunoprecipitation; classical fluorescence spectroscopy; colocalization; glutathione s tranferase tag; knock out; mutation analysis; pull down; radiolabel; two hybrid"	"true positive"	""	"Saccharomyces cerevisiae"
"ELMI000476"	"LIG"	"LIG_AP_GAE_1"	"ENT3_YEAST"	"P47160"	"P47160 D6VWU4"	"376"	"382"	"12483220"	"anti tag coimmunoprecipitation; classical fluorescence spectroscopy; colocalization; glutathione s tranferase tag; knock out; mutation analysis; pull down; radiolabel; two hybrid"	"true positive"	""	"Saccharomyces cerevisiae"
"ELMI000478"	"LIG"	"LIG_AP_GAE_1"	"ENT5_YEAST"	"Q03769"	"Q03769 D6VSD5 Q6Q5U2"	"219"	"225"	"12483220"	"anti tag coimmunoprecipitation; classical fluorescence spectroscopy; colocalization; glutathione s tranferase tag; knock out; mutation analysis; pull down; radiolabel; two hybrid"	"true positive"	""	"Saccharomyces cerevisiae"
"ELMI000479"	"LIG"	"LIG_AP_GAE_1"	"ENT5_YEAST"	"Q03769"	"Q03769 D6VSD5 Q6Q5U2"	"328"	"334"	"12483220"	"anti tag coimmunoprecipitation; classical fluorescence spectroscopy; colocalization; glutathione s tranferase tag; knock out; mutation analysis; pull down; radiolabel; two hybrid"	"true positive"	""	"Saccharomyces cerevisiae"
"ELMI000482"	"LIG"	"LIG_AP_GAE_1"	"Q18453_CAEEL"	"Q18453"	"Q18453"	"258"	"264"	"12483220"	"sequence based prediction"	"true positive"	""	"Caenorhabditis elegans"
"ELMI000484"	"LIG"	"LIG_AP_GAE_1"	"RABE1_RAT"	"O35550"	"O35550 P70609"	"436"	"442"	"12483220"	"sequence based prediction"	"true positive"	""	"Rattus norvegicus"
"ELMI000483"	"LIG"	"LIG_AP_GAE_1"	"SYNRG_HUMAN"	"Q9UMZ2"	"Q9UMZ2 B7ZKZ3 Q17RI2 Q5BKU5 Q6ZT17"	"773"	"779"	"12483220 10477754"	"classical fluorescence spectroscopy; coimmunoprecipitation; colocalization; glutathione s tranferase tag; pull down; sequence based prediction; two hybrid"	"true positive"	""	"Homo sapiens"
"ELMI000480"	"LIG"	"LIG_AP_GAE_1"	"YCTB_SCHPO"	"P78813"	"P78813"	"303"	"309"	"12483220"	"sequence based prediction"	"true positive"	""	"Schizosaccharomyces pombe"
"ELMI000481"	"LIG"	"LIG_AP_GAE_1"	"YCTB_SCHPO"	"P78813"	"P78813"	"341"	"347"	"12483220"	"sequence based prediction"	"true positive"	""	"Schizosaccharomyces pombe"
"ELMI004544"	"LIG"	"LIG_Arc_Nlobe_1"	"CCG2_HUMAN"	"Q9Y698"	"Q9Y698 Q2M1M1 Q5TGT3 Q9UGZ7"	"226"	"230"	"33732907"	"isothermal titration calorimetry; x-ray crystallography"	"true positive"	"6TNO"	"Homo sapiens"
"ELMI004536"	"LIG"	"LIG_Arc_Nlobe_1"	"CCG2_MOUSE"	"O88602"	"O88602"	"226"	"230"	"31080121 25864631"	"fluorescence technology; nuclear magnetic resonance; pull down; x-ray crystallography"	"true positive"	"4X3H"	"Mus musculus"
"ELMI004542"	"LIG"	"LIG_Arc_Nlobe_1"	"DLGP1_HUMAN"	"O14490"	"O14490 A8MWN8 B2RMU8 B7WPA1 B7Z2H2 B7Z2I2 B7Z9Y4 O14489 P78335"	"431"	"435"	"33732907"	"isothermal titration calorimetry; x-ray crystallography"	"true positive"	"6TNQ"	"Homo sapiens"
"ELMI004543"	"LIG"	"LIG_Arc_Nlobe_1"	"DLGP1_HUMAN"	"O14490"	"O14490 A8MWN8 B2RMU8 B7WPA1 B7Z2H2 B7Z2I2 B7Z9Y4 O14489 P78335"	"483"	"488"	"33732907"	"isothermal titration calorimetry; x-ray crystallography"	"true positive"	"6TQ0"	"Homo sapiens"
"ELMI004538"	"LIG"	"LIG_Arc_Nlobe_1"	"DLGP1_MOUSE"	"Q9D415"	"Q9D415 Q52KF6 Q5DTK5 Q6P6N4 Q6XBF4 Q8BZL7 Q8BZQ1 Q8C0G0"	"437"	"441"	"25864631"	"fluorescence technology; pull down"	"true positive"	""	"Mus musculus"
"ELMI004541"	"LIG"	"LIG_Arc_Nlobe_1"	"IQEC2_MOUSE"	"Q5DU25"	"Q5DU25 E9QK46"	"1374"	"1378"	"25864631"	"fluorescence technology; pull down"	"true positive"	""	"Mus musculus"
"ELMI004537"	"LIG"	"LIG_Arc_Nlobe_1"	"NMDE1_HUMAN"	"Q12879"	"Q12879 O00669 Q17RZ6"	"1170"	"1174"	"31080121"	"nuclear magnetic resonance"	"true negative"	""	"Homo sapiens"
"ELMI004540"	"LIG"	"LIG_Arc_Nlobe_1"	"NMDE1_MOUSE"	"P35436"	"P35436"	"1170"	"1174"	"25864631"	"fluorescence technology; pull down"	"true positive"	""	"Mus musculus"
"ELMI004534"	"LIG"	"LIG_Arc_Nlobe_1"	"NMDE1_RAT"	"Q00959"	"Q00959 O08948 Q63728"	"1221"	"1225"	"31080121"	"nuclear magnetic resonance"	"true positive"	""	"Rattus norvegicus"
"ELMI004535"	"LIG"	"LIG_Arc_Nlobe_1"	"NMDE2_RAT"	"Q00960"	"Q00960 Q62684"	"1386"	"1390"	"31080121"	"nuclear magnetic resonance"	"true positive"	""	"Rattus norvegicus"
"ELMI004539"	"LIG"	"LIG_Arc_Nlobe_1"	"WASF1_MOUSE"	"Q8R5H6"	"Q8R5H6 Q91W51 Q9ERQ9"	"316"	"320"	"25864631"	"fluorescence technology; pull down"	"true positive"	""	"Mus musculus"
"ELMI003892"	"LIG"	"LIG_ARL_BART_1"	"ARL2_HUMAN"	"P36404"	"P36404 G3V184 Q9BUK8"	"1"	"10"	"19368893"	"fluorescence technology; mutation analysis; pull down; x-ray crystallography"	"true positive"	"3DOE"	"Homo sapiens"
"ELMI003893"	"LIG"	"LIG_ARL_BART_1"	"ARL3_MOUSE"	"Q9WUL7"	"Q9WUL7"	"1"	"10"	"26455799"	"fluorescence technology; mutation analysis; pull down; x-ray crystallography"	"true positive"	"4ZI2"	"Mus musculus"
"ELMI004612"	"LIG"	"LIG_ARS2_EDGEI_1"	"C8AP2_HUMAN"	"Q9UKL3"	"Q9UKL3 A2RUB7 E1P553 Q6PH76 Q7LCQ7 Q86YD9 Q9NUQ4 Q9NZV9 Q9P2N1 Q9Y563"	"934"	"941"	"29703953 26303529"	"coimmunoprecipitation; glutathione s tranferase tag; isothermal titration calorimetry; mutation analysis; pull down"	"true positive"	""	"Homo sapiens"
"ELMI004622"	"LIG"	"LIG_ARS2_EDGEI_1"	"CPSF2_HUMAN"	"Q9P2I0"	"Q9P2I0 B3KME1 Q6NSJ1 Q9H3W7"	"649"	"656"	"29703953"	"detection by mass spectrometry; mutation analysis; sequence based prediction; tandem affinity purification"	"true positive"	""	"Homo sapiens"
"ELMI004624"	"LIG"	"LIG_ARS2_EDGEI_1"	"HNRLL_HUMAN"	"Q8WVV9"	"Q8WVV9 Q53T80 Q5JB51 Q5JB52 Q659B9 Q8IVH5 Q8IVH6 Q96HR5"	"28"	"33"	"29703953"	"detection by mass spectrometry; mutation analysis; sequence based prediction; tandem affinity purification"	"true positive"	""	"Homo sapiens"
"ELMI004613"	"LIG"	"LIG_ARS2_EDGEI_1"	"NCBP3_HUMAN"	"Q53F19"	"Q53F19 B3KWG7 Q7L406 Q96FK1 Q9NXZ4"	"43"	"48"	"29703953"	"comigration in sds page; glutathione s tranferase tag; isothermal titration calorimetry; mutation analysis; pull down; tandem affinity purification"	"true positive"	""	"Homo sapiens"
"ELMI004614"	"LIG"	"LIG_ARS2_EDGEI_1"	"NCBP3_HUMAN"	"Q53F19"	"Q53F19 B3KWG7 Q7L406 Q96FK1 Q9NXZ4"	"216"	"223"	"29703953"	"comigration in sds page; detection by mass spectrometry; glutathione s tranferase tag; isothermal titration calorimetry; mutation analysis; pull down; tandem affinity purification"	"true positive"	""	"Homo sapiens"
"ELMI004623"	"LIG"	"LIG_ARS2_EDGEI_1"	"PHAX_HUMAN"	"Q9H814"	"Q9H814 Q9H8W1"	"9"	"15"	"28297668 29703953"	"affinity chromatography technology; detection by mass spectrometry; mutation analysis; sequence based prediction; tandem affinity purification"	"true positive"	""	"Homo sapiens"
"ELMI004621"	"LIG"	"LIG_ARS2_EDGEI_1"	"PRP4B_HUMAN"	"Q13523"	"Q13523 A8K5C9 Q5D0F6 Q5TAY8 Q8IVC3 Q8TDP2 Q96QT7 Q9UEE6"	"146"	"152"	"29703953"	"detection by mass spectrometry; mutation analysis; sequence based prediction; tandem affinity purification"	"true positive"	""	"Homo sapiens"
"ELMI004630"	"LIG"	"LIG_ARS2_EDGEI_1"	"Q0E5P5_DROME"	"Q0E5P5"	"Q0E5P5"	"395"	"401"	"28297668"	"two hybrid"	"true positive"	""	"Drosophila melanogaster"
"ELMI004631"	"LIG"	"LIG_ARS2_EDGEI_1"	"Q0E5P5_DROME"	"Q0E5P5"	"Q0E5P5"	"400"	"407"	"28297668"	"two hybrid"	"true positive"	""	"Drosophila melanogaster"
"ELMI004629"	"LIG"	"LIG_ARS2_EDGEI_1"	"Q9LTP9_ARATH"	"Q9LTP9"	"Q9LTP9"	"29"	"36"	"28297668"	"two hybrid"	"true positive"	""	"Arabidopsis thaliana"
"ELMI004611"	"LIG"	"LIG_ARS2_EDGEI_1"	"RED1_SCHPO"	"Q9UTR8"	"Q9UTR8 Q9UTX3"	"32"	"39"	"34103492 36002457"	"alanine scanning; chromatography technology; coimmunoprecipitation; glutathione s tranferase tag; isothermal titration calorimetry; mutation analysis; pull down; two hybrid; x-ray crystallography"	"true positive"	"7QY5"	"Schizosaccharomyces pombe 972h-"
"ELMI004628"	"LIG"	"LIG_ARS2_EDGEI_1"	"RTF1_HUMAN"	"Q92541"	"Q92541 Q96BX6"	"151"	"157"	"36002457"	"sequence based prediction"	"true positive"	""	"Homo sapiens"
"ELMI004617"	"LIG"	"LIG_ARS2_EDGEI_1"	"THOC1_HUMAN"	"Q96FV9"	"Q96FV9 B2RBP6 Q15219 Q64I72 Q64I73"	"213"	"220"	"29703953"	"detection by mass spectrometry; mutation analysis; sequence based prediction; tandem affinity purification"	"true positive"	""	"Homo sapiens"
"ELMI004620"	"LIG"	"LIG_ARS2_EDGEI_1"	"TR150_HUMAN"	"Q9Y2W1"	"Q9Y2W1 D3DPS5 Q5VTK6"	"930"	"937"	"29703953"	"detection by mass spectrometry; mutation analysis; sequence based prediction; tandem affinity purification"	"true positive"	""	"Homo sapiens"
"ELMI004618"	"LIG"	"LIG_ARS2_EDGEI_1"	"ZC3H1_HUMAN"	"O60293"	"O60293 Q6GMU1 Q6P2S9 Q6ZV36 Q96BE7"	"18"	"24"	"29703953 36002457"	"detection by mass spectrometry; glutathione s tranferase tag; mutation analysis; pull down; sequence based prediction; tandem affinity purification"	"true positive"	""	"Homo sapiens"
"ELMI004619"	"LIG"	"LIG_ARS2_EDGEI_1"	"ZC3H1_HUMAN"	"O60293"	"O60293 Q6GMU1 Q6P2S9 Q6ZV36 Q96BE7"	"23"	"30"	"29703953 36002457"	"detection by mass spectrometry; glutathione s tranferase tag; mutation analysis; pull down; sequence based prediction; tandem affinity purification"	"true positive"	""	"Homo sapiens"
"ELMI004615"	"LIG"	"LIG_ARS2_EDGEI_1"	"ZC3H4_HUMAN"	"Q9UPT8"	"Q9UPT8 Q9Y420"	"55"	"61"	"29703953 37329882"	"alanine scanning; coimmunoprecipitation; detection by mass spectrometry; mutation analysis; sequence based prediction; tandem affinity purification"	"true positive"	""	"Homo sapiens"
"ELMI004616"	"LIG"	"LIG_ARS2_EDGEI_1"	"ZC3H4_HUMAN"	"Q9UPT8"	"Q9UPT8 Q9Y420"	"60"	"67"	"29703953 37329882"	"alanine scanning; coimmunoprecipitation; detection by mass spectrometry; mutation analysis; sequence based prediction; tandem affinity purification"	"true positive"	""	"Homo sapiens"
"ELMI004625"	"LIG"	"LIG_ARS2_EDGEI_1"	"ZC3H6_HUMAN"	"P61129"	"P61129 A9JR71 Q6ZW96"	"12"	"18"	"36002457"	"sequence based prediction"	"true positive"	""	"Homo sapiens"
"ELMI004626"	"LIG"	"LIG_ARS2_EDGEI_1"	"ZC3H6_HUMAN"	"P61129"	"P61129 A9JR71 Q6ZW96"	"17"	"23"	"36002457"	"sequence based prediction"	"true positive"	""	"Homo sapiens"
"ELMI004627"	"LIG"	"LIG_ARS2_EDGEI_1"	"ZCH18_HUMAN"	"Q86VM9"	"Q86VM9 Q96DG4 Q96MP7"	"206"	"212"	"28297668 37329882 36002457"	"alanine scanning; coimmunoprecipitation; sequence based prediction; two hybrid"	"true positive"	""	"Homo sapiens"
"ELMI003187"	"LIG"	"LIG_BH_BH3_1"	"APR_MOUSE"	"Q9JM54"	"Q9JM54"	"19"	"35"	"18589438"	"alanine scanning; isothermal titration calorimetry; nuclear magnetic resonance; phage display; surface plasmon resonance"	"true positive"	"2ROD"	"Mus musculus"
"ELMI003190"	"LIG"	"LIG_BH_BH3_1"	"APR_MOUSE"	"Q9JM54"	"Q9JM54"	"70"	"86"	"17389404 18589438"	"alanine scanning; isothermal titration calorimetry; nuclear magnetic resonance; phage display; x-ray crystallography"	"true positive"	""	"Mus musculus"
"ELMI003189"	"LIG"	"LIG_BH_BH3_1"	"B2L11_HUMAN"	"O43521-3"	"O43521 A8K2W2 O43522 Q0MSE7 Q0MSE8 Q0MSE9 Q53R28 Q6JTU6 Q6T851 Q6TE14 Q6TE15 Q6TE16 Q6V402 Q8WYL6 Q8WYL7 Q8WYL8 Q8WYL9 Q8WYM0 Q8WYM1"	"54"	"70"	"17389404"	"isothermal titration calorimetry; x-ray crystallography"	"true positive"	""	"Homo sapiens"
"ELMI003186"	"LIG"	"LIG_BH_BH3_1"	"B2L11_MOUSE"	"O54918-2"	"O54918 A2ALQ6 O54919 O54920"	"86"	"102"	"15694340 14499110"	"biosensor; competition binding; glutathione s tranferase tag; mutation analysis; pull down; x-ray crystallography"	"true positive"	"1PQ1"	"Mus musculus"
"ELMI003203"	"LIG"	"LIG_BH_BH3_1"	"B2L11_RAT"	"O88498-4"	"O88498 O88497 Q9WUI8"	"39"	"55"	"9731710"	"mutation analysis; two hybrid"	"true positive"	""	"Rattus norvegicus"
"ELMI003202"	"LIG"	"LIG_BH_BH3_1"	"B2L11_RAT"	"O88498-3"	"O88498 O88497 Q9WUI8"	"56"	"72"	"9731710"	"two hybrid"	"true positive"	""	"Rattus norvegicus"
"ELMI003201"	"LIG"	"LIG_BH_BH3_1"	"B2L11_RAT"	"O88498-1"	"O88498 O88497 Q9WUI8"	"142"	"158"	"9731710"	"two hybrid"	"true positive"	""	"Rattus norvegicus"
"ELMI003198"	"LIG"	"LIG_BH_BH3_1"	"BAD_HUMAN"	"Q92934"	"Q92934 O14803 Q6FH21"	"106"	"122"	"9305851"	"alanine scanning; coimmunoprecipitation; mutation analysis"	"true positive"	""	"Homo sapiens"
"ELMI003199"	"LIG"	"LIG_BH_BH3_1"	"BAK_HUMAN"	"Q16611"	"Q16611 C0H5Y7 Q6I9T6 Q92533"	"70"	"86"	"9020082"	"alanine scanning; fluorescence technology; nuclear magnetic resonance"	"true positive"	""	"Homo sapiens"
"ELMI003200"	"LIG"	"LIG_BH_BH3_1"	"BAX_MOUSE"	"Q07813"	"Q07813"	"55"	"71"	"21060336"	"alanine scanning; isothermal titration calorimetry; x-ray crystallography"	"true positive"	"2XA0"	"Mus musculus"
"ELMI003188"	"LIG"	"LIG_BH_BH3_1"	"BBC3_MOUSE"	"Q99ML1"	"Q99ML1"	"133"	"149"	"18462686 18589438"	"isothermal titration calorimetry; nuclear magnetic resonance; x-ray crystallography"	"true positive"	"2ROC 2VOF"	"Mus musculus"
"ELMI003185"	"LIG"	"LIG_BH_BH3_1"	"BECN1_HUMAN"	"Q14457"	"Q14457 B2R6N7 O75595 Q9UNA8"	"108"	"124"	"17337444"	"glutathione s tranferase tag; isothermal titration calorimetry; molecular sieving; mutation analysis; pull down; x-ray crystallography"	"true positive"	"2P1L"	"Homo sapiens"
"ELMI003192"	"LIG"	"LIG_BH_BH3_1"	"BID_MOUSE"	"P70444"	"P70444 Q99M39"	"82"	"98"	"18462686"	"isothermal titration calorimetry; x-ray crystallography"	"true positive"	"2VOI"	"Mus musculus"
"ELMI003195"	"LIG"	"LIG_BH_BH3_1"	"BIK_HUMAN"	"Q13323"	"Q13323 Q16582 Q6FH93"	"53"	"69"	"9305912"	"coimmunoprecipitation; mutation analysis; two hybrid"	"true positive"	""	"Homo sapiens"
"ELMI003196"	"LIG"	"LIG_BH_BH3_1"	"BIK_MOUSE"	"O70337"	"O70337"	"47"	"63"	"9525867"	"mutation analysis"	"true positive"	""	"Mus musculus"
"ELMI003191"	"LIG"	"LIG_BH_BH3_1"	"BMF_MOUSE"	"Q91ZE9"	"Q91ZE9 Q8BUK0"	"130"	"146"	"18462686"	"isothermal titration calorimetry; x-ray crystallography"	"true positive"	"2VOG"	"Mus musculus"
"ELMI003197"	"LIG"	"LIG_BH_BH3_1"	"EGL1_CAEEL"	"O61667"	"O61667 Q7JLC9"	"65"	"81"	"9604928 15383288"	"glutathione s tranferase tag; isothermal titration calorimetry; mutation analysis; pull down; two hybrid; x-ray crystallography"	"true positive"	"1TY4"	"Caenorhabditis elegans"
"ELMI003194"	"LIG"	"LIG_BH_BH3_1"	"HRK_HUMAN"	"O00198"	"O00198"	"29"	"45"	"21731739"	"circular dichroism; elisa; nuclear magnetic resonance"	"true positive"	""	"Homo sapiens"
"ELMI003193"	"LIG"	"LIG_BH_BH3_1"	"HUWE1_HUMAN"	"Q7Z6Z7"	"Q7Z6Z7 O15029 Q4G2Z2 Q5H961 Q6P4D0 Q8NG67 Q9BUI0 Q9HCJ4 Q9NSL6 Q9P0A9"	"1972"	"1988"	"15989957"	"mutation analysis; pull down; western blot"	"true positive"	""	"Homo sapiens"
"ELMI001317"	"LIG"	"LIG_BIR_III_1"	"CHK1_HUMAN"	"O14757"	"O14757 A8K934"	"1"	"5"	"14759516"	"coimmunoprecipitation; glutathione s tranferase tag; pull down"	"unknown"	""	"Homo sapiens"
"ELMI001431"	"LIG"	"LIG_BIR_III_2"	"CASP7_HUMAN"	"P55210"	"P55210 B5BU45 D3DRB8 Q13364 Q53YD5 Q5SVL0 Q5SVL3 Q96BA0"	"23"	"27"	"15580265"	"mutation analysis"	"true positive"	""	"Homo sapiens"
"ELMI001318"	"LIG"	"LIG_BIR_III_2"	"CASP9_HUMAN"	"P55211"	"P55211 O95348 Q53Y70 Q5JRU9 Q92852 Q9BQ62 Q9UEQ3 Q9UIJ8"	"315"	"319"	"12620238 19153467"	"mutation analysis; surface plasmon resonance; x-ray crystallography"	"true positive"	"1NW9 3D9T"	"Homo sapiens"
"ELMI001430"	"LIG"	"LIG_BIR_III_2"	"Q7K4Z4_DROME"	"Q7K4Z4"	"Q7K4Z4"	"30"	"34"	"20122400"	"mutation analysis"	"true positive"	""	"Drosophila melanogaster"
"ELMI001320"	"LIG"	"LIG_BIR_III_3"	"GRIM_DROME"	"Q24570"	"Q24570 Q9VVP6"	"1"	"5"	"11511363 15107838"	"x-ray crystallography"	"true positive"	"1JD5 1SE0"	"Drosophila melanogaster"
"ELMI001319"	"LIG"	"LIG_BIR_III_3"	"HID_DROME"	"Q24106"	"Q24106 Q9VVP1"	"1"	"5"	"11511363"	"x-ray crystallography"	"true positive"	"1JD6"	"Drosophila melanogaster"
"ELMI001322"	"LIG"	"LIG_BIR_III_3"	"Q9VVP8_DROME"	"Q9VVP8"	"Q9VVP8"	"1"	"5"	"11818063"	"glutathione s tranferase tag; mutation analysis; pull down; x-ray crystallography"	"true positive"	""	"Drosophila melanogaster"
"ELMI001321"	"LIG"	"LIG_BIR_III_3"	"RPR_DROME"	"Q24475"	"Q24475 A0JQ43 Q4V3S2 Q9VVP7"	"1"	"5"	"15107838"	"x-ray crystallography"	"true positive"	"1SDZ"	"Drosophila melanogaster"
"ELMI001429"	"LIG"	"LIG_BIR_III_4"	"CASP1_DROME"	"O02002"	"O02002 Q9W1N0"	"33"	"37"	"15580265"	"mutation analysis"	"true positive"	""	"Drosophila melanogaster"
"ELMI001428"	"LIG"	"LIG_BIR_III_4"	"ICE_DROME"	"O01382"	"O01382 Q9VAH1"	"28"	"32"	"15580265"	"mutation analysis"	"true positive"	""	"Drosophila melanogaster"
"ELMI001256"	"LIG"	"LIG_BRCT_BRCA1_1"	"ACACA_HUMAN"	"Q13085"	"Q13085 B2RP68 Q6KEV6 Q6XDA8 Q7Z2G8 Q7Z561 Q7Z563 Q7Z564 Q86WB2 Q86WB3"	"1262"	"1266"	"16698035 18452305"	"coimmunoprecipitation; glutathione s tranferase tag; pull down; x-ray crystallography"	"true positive"	"3COJ"	"Homo sapiens"
"ELMI001257"	"LIG"	"LIG_BRCT_BRCA1_1"	"ATRIP_HUMAN"	"Q8WXE1"	"Q8WXE1 A8K6A3 A8K714 B2RCE7 Q69YK9 Q8NHQ2 Q8WUG7 Q96CL3 Q9HA30"	"238"	"242"	"17616665"	"coimmunoprecipitation; glutathione s tranferase tag; pull down"	"true positive"	""	"Homo sapiens"
"ELMI000942"	"LIG"	"LIG_BRCT_BRCA1_1"	"COM1_HUMAN"	"Q99708"	"Q99708 O75371"	"326"	"330"	"16101277"	"isothermal titration calorimetry; x-ray crystallography"	"true positive"	"1Y98"	"Homo sapiens"
"ELMI001258"	"LIG"	"LIG_BRCT_BRCA1_1"	"F175A_HUMAN"	"Q6UWZ7"	"Q6UWZ7 A5JJ07 Q9H8I1 Q9H9N4"	"405"	"409"	"17525340"	"coimmunoprecipitation; glutathione s tranferase tag; pull down"	"true positive"	""	"Homo sapiens"
"ELMI000941"	"LIG"	"LIG_BRCT_BRCA1_1"	"FANCJ_HUMAN"	"Q9BX63"	"Q9BX63 Q3MJE2 Q8NCI5"	"989"	"993"	"15133502 14576433"	"glutathione s tranferase tag; mutation analysis; pull down; x-ray crystallography"	"true positive"	"1T15"	"Homo sapiens"
"ELMI000944"	"LIG"	"LIG_BRCT_BRCA1_2"	"FANCJ_HUMAN"	"Q9BX63"	"Q9BX63 Q3MJE2 Q8NCI5"	"989"	"995"	"15125843 14576433"	"glutathione s tranferase tag; mutation analysis; pull down; x-ray crystallography"	"true positive"	"1T29"	"Homo sapiens"
"ELMI000943"	"LIG"	"LIG_BRCT_MDC1_1"	"H2AX_HUMAN"	"P16104"	"P16104 Q4ZGJ7 Q6IAS5"	"139"	"143"	"16377563"	"glutathione s tranferase tag; isothermal titration calorimetry; mutation analysis; pull down; x-ray crystallography"	"true positive"	"2AZM"	"Homo sapiens"
"ELMI001889"	"LIG"	"LIG_CaM_IQ_9"	"ADCY8_RAT"	"P40146"	"P40146"	"1191"	"1209"	"19305019"	"glutathione s tranferase tag; mutation analysis; pull down"	"true positive"	""	"Rattus norvegicus"
"ELMI003858"	"LIG"	"LIG_CaM_IQ_9"	"B6VAM9_DANRE"	"B6VAM9"	"B6VAM9"	"37"	"52"	"21108043"	"sequence based prediction"	"unknown"	""	"Danio rerio"
"ELMI003859"	"LIG"	"LIG_CaM_IQ_9"	"B6VAM9_DANRE"	"B6VAM9"	"B6VAM9"	"60"	"75"	"21108043"	"sequence based prediction"	"unknown"	""	"Danio rerio"
"ELMI003860"	"LIG"	"LIG_CaM_IQ_9"	"B6VAM9_DANRE"	"B6VAM9"	"B6VAM9"	"96"	"112"	"21108043"	"sequence based prediction"	"unknown"	""	"Danio rerio"
"ELMI003609"	"LIG"	"LIG_CaM_IQ_9"	"BAG5_ARATH"	"O65373"	"O65373"	"54"	"69"	"26144232"	"comigration in sds page; x-ray crystallography"	"true positive"	""	"Arabidopsis thaliana"
"ELMI001868"	"LIG"	"LIG_CaM_IQ_9"	"CAC1C_HUMAN"	"Q13936"	"Q13936 B2RUT3 Q13917 Q13918 Q13919 Q13920 Q13921 Q13922 Q13923 Q13924 Q13925 Q13926 Q13927 Q13928 Q13929 Q13930 Q13932 Q13933 Q14743 Q14744 Q15877 Q4VMI7 Q4VMI8 Q4VMI9 Q6PKM7 Q8N6C0 Q99025 Q99241 Q99875"	"1666"	"1685"	"16338416"	"alanine scanning; x-ray crystallography"	"true positive"	"2F3Y"	"Homo sapiens"
"ELMI001867"	"LIG"	"LIG_CaM_IQ_9"	"CAC1C_RABIT"	"P15381"	"P15381 Q03716 Q28676 Q99243"	"1648"	"1667"	"21757287"	"fluorescence polarization spectroscopy"	"true positive"	""	"Oryctolagus cuniculus"
"ELMI002598"	"LIG"	"LIG_CaM_IQ_9"	"CAC1D_RAT"	"P27732"	"P27732 O09022 O09023 O09024 Q01542 Q62691 Q62815 Q63491 Q63492"	"1650"	"1669"	"21998309"	"inferred by curator"	"true positive"	""	"Rattus norvegicus"
"ELMI001901"	"LIG"	"LIG_CaM_IQ_9"	"CAC1S_HUMAN"	"Q13698"	"Q13698 A4IF51 B1ALM2 Q12896 Q13934"	"1523"	"1542"	"19473981"	"mutation analysis; surface plasmon resonance; x-ray crystallography"	"true positive"	"2VAY"	"Homo sapiens"
"ELMI001890"	"LIG"	"LIG_CaM_IQ_9"	"CAVPT_BRALA"	"P05548"	"P05548"	"34"	"52"	"8900139"	"electrophoretic mobility supershift assay"	"true positive"	""	"Branchiostoma lanceolatum"
"ELMI003606"	"LIG"	"LIG_CaM_IQ_9"	"DRC9_HUMAN"	"Q9H095"	"Q9H095 Q9BST2 Q9HAG8"	"397"	"413"	"24787902"	"coimmunoprecipitation; mutation analysis; surface plasmon resonance; x-ray crystallography"	"true positive"	"4M1L"	"Homo sapiens"
"ELMI001900"	"LIG"	"LIG_CaM_IQ_9"	"DWWA_DICDI"	"Q54T86"	"Q54T86 Q86SB0"	"462"	"480"	"14595117"	"inhibitor"	"true positive"	""	"Dictyostelium discoideum"
"ELMI001892"	"LIG"	"LIG_CaM_IQ_9"	"DYHG_CHLRE"	"Q39575"	"Q39575"	"869"	"887"	"17634291"	"not specified"	"true positive"	""	"Chlamydomonas reinhardtii"
"ELMI001893"	"LIG"	"LIG_CaM_IQ_9"	"DYHG_CHLRE"	"Q39575"	"Q39575"	"1157"	"1175"	"17634291"	"not specified"	"true positive"	""	"Chlamydomonas reinhardtii"
"ELMI001894"	"LIG"	"LIG_CaM_IQ_9"	"INVS_MOUSE"	"O89019"	"O89019 O88849"	"556"	"575"	"11737147"	"far western blotting; two hybrid"	"true positive"	""	"Mus musculus"
"ELMI003593"	"LIG"	"LIG_CaM_IQ_9"	"INVS_MOUSE"	"O89019"	"O89019 O88849"	"559"	"575"	"11941489"	"coimmunoprecipitation; two hybrid; western blot"	"true positive"	""	"Mus musculus"
"ELMI001895"	"LIG"	"LIG_CaM_IQ_9"	"INVS_MOUSE"	"O89019"	"O89019 O88849"	"915"	"934"	"11737147"	"far western blotting; mutation analysis; two hybrid"	"true positive"	""	"Mus musculus"
"ELMI003594"	"LIG"	"LIG_CaM_IQ_9"	"INVS_MOUSE"	"O89019"	"O89019 O88849"	"918"	"934"	"11941489"	"coimmunoprecipitation; two hybrid; western blot"	"true positive"	""	"Mus musculus"
"ELMI003595"	"LIG"	"LIG_CaM_IQ_9"	"IQCB1_HUMAN"	"Q15051"	"Q15051 Q3KS08 Q3KS09 Q5DKQ7 Q8NI79 Q9BS08"	"321"	"336"	"16322217"	"pull down; western blot"	"true positive"	""	"Homo sapiens"
"ELMI003596"	"LIG"	"LIG_CaM_IQ_9"	"IQCB1_HUMAN"	"Q15051"	"Q15051 Q3KS08 Q3KS09 Q5DKQ7 Q8NI79 Q9BS08"	"391"	"407"	"16322217"	"pull down; western blot"	"true positive"	""	"Homo sapiens"
"ELMI003604"	"LIG"	"LIG_CaM_IQ_9"	"IQCF1_MOUSE"	"Q9D9K8"	"Q9D9K8 Q810M2"	"49"	"65"	"25380116"	"coimmunoprecipitation; fluorescence technology; two hybrid; western blot"	"true positive"	""	"Mus musculus"
"ELMI003605"	"LIG"	"LIG_CaM_IQ_9"	"IQCF1_MOUSE"	"Q9D9K8"	"Q9D9K8 Q810M2"	"105"	"121"	"25380116"	"coimmunoprecipitation; fluorescence technology; two hybrid; western blot"	"true positive"	""	"Mus musculus"
"ELMI003857"	"LIG"	"LIG_CaM_IQ_9"	"IQCJ_HUMAN"	"Q1A5X6"	"Q1A5X6 B7ZMM2 B9EH97 Q1A5X5"	"50"	"65"	"17045569"	"sequence based prediction"	"unknown"	""	"Homo sapiens"
"ELMI003592"	"LIG"	"LIG_CaM_IQ_9"	"IQEC2_HUMAN"	"Q5JU85"	"Q5JU85 A0A1W2PQN3 B3KT97 C7SDG1 O60275 Q5JUX1"	"351"	"367"	"22915114"	"mutation analysis; western blot"	"true positive"	""	"Homo sapiens"
"ELMI001869"	"LIG"	"LIG_CaM_IQ_9"	"IQGA1_HUMAN"	"P46940"	"P46940 A7MBM3"	"806"	"825"	"12446675"	"mutation analysis"	"true positive"	""	"Homo sapiens"
"ELMI001870"	"LIG"	"LIG_CaM_IQ_9"	"IQGA1_HUMAN"	"P46940"	"P46940 A7MBM3"	"836"	"854"	"12446675"	"mutation analysis"	"true positive"	""	"Homo sapiens"
"ELMI001051"	"LIG"	"LIG_CaM_IQ_9"	"MLC1_YEAST"	"P53141"	"P53141 D6VU40"	"84"	"102"	""	""	"true positive"	""	"Saccharomyces cerevisiae"
"ELMI003865"	"LIG"	"LIG_CaM_IQ_9"	"MY18A_HUMAN"	"Q92614"	"Q92614 Q5H9U3 Q5QD01 Q5W9F9 Q5W9G1 Q8IXP8"	"1192"	"1208"	"26001786"	"sequence based prediction"	"unknown"	""	"Homo sapiens"
"ELMI001883"	"LIG"	"LIG_CaM_IQ_9"	"MYO10_HUMAN"	"Q9HD67"	"Q9HD67 A7E2D1 O94893 Q9NYM7 Q9P110 Q9P111 Q9UHF6"	"766"	"785"	"20731332"	"comigration in gel electrophoresis; competition binding"	"true positive"	""	"Homo sapiens"
"ELMI001884"	"LIG"	"LIG_CaM_IQ_9"	"MYO10_HUMAN"	"Q9HD67"	"Q9HD67 A7E2D1 O94893 Q9NYM7 Q9P110 Q9P111 Q9UHF6"	"789"	"808"	"20731332"	"comigration in gel electrophoresis; competition binding"	"true positive"	""	"Homo sapiens"
"ELMI003864"	"LIG"	"LIG_CaM_IQ_9"	"MYO15_HUMAN"	"Q9UKN7"	"Q9UKN7 B4DFC7"	"1929"	"1945"	"26001786"	"sequence based prediction"	"unknown"	""	"Homo sapiens"
"ELMI001876"	"LIG"	"LIG_CaM_IQ_9"	"MYO1C_MOUSE"	"Q9WTI7"	"Q9WTI7 O08571 O08834 Q3TBQ4 Q3U231 Q5ND46 Q5ND48 Q5ND49 Q9ERB6 Q9QW54"	"735"	"754"	"17910470"	"fluorescence polarization spectroscopy; fluorescent resonance energy transfer"	"true positive"	""	"Mus musculus"
"ELMI001877"	"LIG"	"LIG_CaM_IQ_9"	"MYO1C_MOUSE"	"Q9WTI7"	"Q9WTI7 O08571 O08834 Q3TBQ4 Q3U231 Q5ND46 Q5ND48 Q5ND49 Q9ERB6 Q9QW54"	"758"	"777"	"17910470"	"fluorescence polarization spectroscopy; fluorescent resonance energy transfer"	"true positive"	""	"Mus musculus"
"ELMI001866"	"LIG"	"LIG_CaM_IQ_9"	"MYO1D_RAT"	"Q63357"	"Q63357 Q5PQU2"	"699"	"717"	"8034741"	"coimmunoprecipitation"	"true positive"	""	"Rattus norvegicus"
"ELMI001885"	"LIG"	"LIG_CaM_IQ_9"	"MYO2_YEAST"	"P19524"	"P19524 D6W323"	"808"	"827"	"16120677"	"fluorescent resonance energy transfer; x-ray crystallography"	"true positive"	"1N2D"	"Saccharomyces cerevisiae S288c"
"ELMI001886"	"LIG"	"LIG_CaM_IQ_9"	"MYO2_YEAST"	"P19524"	"P19524 D6W323"	"833"	"851"	"16120677"	"fluorescent resonance energy transfer; x-ray crystallography"	"true positive"	"1N2D"	"Saccharomyces cerevisiae S288c"
"ELMI003866"	"LIG"	"LIG_CaM_IQ_9"	"MYO5A_HUMAN"	"Q9Y4I1"	"Q9Y4I1 A8MZC5 O60653 Q07902 Q16249 Q9UE30 Q9UE31"	"770"	"786"	"26001786"	"sequence based prediction"	"unknown"	""	"Homo sapiens"
"ELMI003867"	"LIG"	"LIG_CaM_IQ_9"	"MYO5A_HUMAN"	"Q9Y4I1"	"Q9Y4I1 A8MZC5 O60653 Q07902 Q16249 Q9UE30 Q9UE31"	"793"	"808"	"26001786"	"sequence based prediction"	"unknown"	""	"Homo sapiens"
"ELMI003868"	"LIG"	"LIG_CaM_IQ_9"	"MYO5A_HUMAN"	"Q9Y4I1"	"Q9Y4I1 A8MZC5 O60653 Q07902 Q16249 Q9UE30 Q9UE31"	"818"	"834"	"26001786"	"sequence based prediction"	"unknown"	""	"Homo sapiens"
"ELMI003869"	"LIG"	"LIG_CaM_IQ_9"	"MYO5A_HUMAN"	"Q9Y4I1"	"Q9Y4I1 A8MZC5 O60653 Q07902 Q16249 Q9UE30 Q9UE31"	"841"	"856"	"26001786"	"sequence based prediction"	"unknown"	""	"Homo sapiens"
"ELMI003870"	"LIG"	"LIG_CaM_IQ_9"	"MYO5A_HUMAN"	"Q9Y4I1"	"Q9Y4I1 A8MZC5 O60653 Q07902 Q16249 Q9UE30 Q9UE31"	"866"	"881"	"26001786"	"sequence based prediction"	"unknown"	""	"Homo sapiens"
"ELMI003871"	"LIG"	"LIG_CaM_IQ_9"	"MYO5A_HUMAN"	"Q9Y4I1"	"Q9Y4I1 A8MZC5 O60653 Q07902 Q16249 Q9UE30 Q9UE31"	"889"	"905"	"26001786"	"sequence based prediction"	"unknown"	""	"Homo sapiens"
"ELMI003607"	"LIG"	"LIG_CaM_IQ_9"	"MYO5A_MOUSE"	"Q99104"	"Q99104 E9PUE5"	"770"	"786"	"17151196"	"x-ray crystallography"	"true positive"	"2IX7"	"Mus musculus"
"ELMI003608"	"LIG"	"LIG_CaM_IQ_9"	"MYO5A_MOUSE"	"Q99104"	"Q99104 E9PUE5"	"793"	"808"	"17151196"	"x-ray crystallography"	"true positive"	"2IX7"	"Mus musculus"
"ELMI003599"	"LIG"	"LIG_CaM_IQ_9"	"MYO7A_HUMAN"	"Q13402"	"Q13402 B9A011 F8VUN5 P78427 Q13321 Q14785 Q92821 Q92822"	"748"	"763"	"26001786"	"competition binding; glutathione s tranferase tag; pull down"	"true positive"	""	"Homo sapiens"
"ELMI003600"	"LIG"	"LIG_CaM_IQ_9"	"MYO7A_HUMAN"	"Q13402"	"Q13402 B9A011 F8VUN5 P78427 Q13321 Q14785 Q92821 Q92822"	"771"	"787"	"26001786"	"competition binding; glutathione s tranferase tag; pull down"	"true positive"	""	"Homo sapiens"
"ELMI003601"	"LIG"	"LIG_CaM_IQ_9"	"MYO7A_HUMAN"	"Q13402"	"Q13402 B9A011 F8VUN5 P78427 Q13321 Q14785 Q92821 Q92822"	"817"	"833"	"26001786"	"competition binding; glutathione s tranferase tag; pull down"	"true positive"	""	"Homo sapiens"
"ELMI003602"	"LIG"	"LIG_CaM_IQ_9"	"MYO7A_HUMAN"	"Q13402"	"Q13402 B9A011 F8VUN5 P78427 Q13321 Q14785 Q92821 Q92822"	"840"	"856"	"26001786"	"competition binding; glutathione s tranferase tag; pull down"	"true positive"	""	"Homo sapiens"
"ELMI001880"	"LIG"	"LIG_CaM_IQ_9"	"MYOA_DICDI"	"P22467"	"P22467 Q54VJ2"	"746"	"765"	"21671662"	"cosedimentation; isothermal titration calorimetry; mutation analysis; western blot"	"true positive"	""	"Dictyostelium discoideum"
"ELMI001881"	"LIG"	"LIG_CaM_IQ_9"	"MYOE_DICDI"	"Q03479"	"Q03479 Q54IK6"	"697"	"715"	"21671662"	"cosedimentation; isothermal titration calorimetry; mutation analysis; western blot"	"true positive"	""	"Dictyostelium discoideum"
"ELMI001882"	"LIG"	"LIG_CaM_IQ_9"	"MYOE_DICDI"	"Q03479"	"Q03479 Q54IK6"	"719"	"738"	"21671662"	"cosedimentation; isothermal titration calorimetry; mutation analysis; western blot"	"true positive"	""	"Dictyostelium discoideum"
"ELMI001873"	"LIG"	"LIG_CaM_IQ_9"	"NEUG_BOVIN"	"P35722"	"P35722 Q2KI68"	"27"	"46"	"12689827"	"coimmunoprecipitation"	"true positive"	""	"Bos taurus"
"ELMI001898"	"LIG"	"LIG_CaM_IQ_9"	"NEUM_BOVIN"	"P06836"	"P06836 Q17QB5 Q6XZP9"	"32"	"51"	"1824693"	"affinity chromatography technology; fluorescence polarization spectroscopy; mutation analysis"	"true positive"	""	"Bos taurus"
"ELMI001896"	"LIG"	"LIG_CaM_IQ_9"	"NINAC_DROME"	"P10676"	"P10676 P10677 Q8MRP1 Q9VM23 Q9VM24"	"1037"	"1056"	"7556088"	"classical fluorescence spectroscopy; coimmunoprecipitation; mutation analysis"	"true positive"	""	"Drosophila melanogaster"
"ELMI001897"	"LIG"	"LIG_CaM_IQ_9"	"NINAC_DROME"	"P10676"	"P10676 P10677 Q8MRP1 Q9VM23 Q9VM24"	"1073"	"1091"	"7556088"	"classical fluorescence spectroscopy; coimmunoprecipitation; far western blotting; mutation analysis"	"true positive"	""	"Drosophila melanogaster"
"ELMI003590"	"LIG"	"LIG_CaM_IQ_9"	"OBSCN_HUMAN"	"Q5VST9"	"Q5VST9 Q2A664 Q5T7G8 Q5T7G9 Q5VSU2 Q86YC7 Q8NHN0 Q8NHN1 Q8NHN2 Q8NHN3 Q8NHN4 Q8NHN5 Q8NHN6 Q8NHN7 Q8NHN8 Q8NHN9 Q96AA2 Q9HCD3 Q9HCL6"	"4876"	"4892"	"11448995"	"pull down; two hybrid"	"true positive"	""	"Homo sapiens"
"ELMI001888"	"LIG"	"LIG_CaM_IQ_9"	"PC4L1_MOUSE"	"Q6W8Q3"	"Q6W8Q3 Q9CW92"	"46"	"65"	"17991744"	"sequence based prediction"	"true positive"	""	"Mus musculus"
"ELMI001887"	"LIG"	"LIG_CaM_IQ_9"	"PCP4_HUMAN"	"P48539"	"P48539 A6NDJ9 Q93059"	"40"	"59"	"17991744"	"fluorescent resonance energy transfer; nuclear magnetic resonance"	"true positive"	""	"Homo sapiens"
"ELMI001872"	"LIG"	"LIG_CaM_IQ_9"	"PPE2_HUMAN"	"O14830"	"O14830 O14831"	"20"	"38"	"11754840 12051765"	"competition binding; surface plasmon resonance; two hybrid; western blot"	"true positive"	""	"Homo sapiens"
"ELMI003598"	"LIG"	"LIG_CaM_IQ_9"	"PPE2_HUMAN"	"O14830"	"O14830 O14831"	"23"	"38"	"12051765"	"competition binding; surface plasmon resonance; two hybrid"	"true positive"	""	"Homo sapiens"
"ELMI001899"	"LIG"	"LIG_CaM_IQ_9"	"Q2WEL1_ORYSA"	"Q2WEL1"	"Q2WEL1"	"758"	"777"	"16192280"	"far western blotting; mutation analysis"	"true positive"	""	"Oryza sativa"
"ELMI001871"	"LIG"	"LIG_CaM_IQ_9"	"RDGC_DROME"	"P40421"	"P40421 A4V255 Q5U1D3 Q9VWA4"	"6"	"25"	"11754840"	"far western blotting; mutation analysis; western blot"	"true positive"	""	"Drosophila melanogaster"
"ELMI001891"	"LIG"	"LIG_CaM_IQ_9"	"RGRF2_MOUSE"	"P70392"	"P70392 Q3TYN3 Q9QX51"	"206"	"225"	"10733575"	"mutation analysis; western blot"	"true positive"	""	"Mus musculus"
"ELMI001864"	"LIG"	"LIG_CaM_IQ_9"	"S61A1_CANFA"	"P38377"	"P38377"	"13"	"31"	"21102557"	"alanine scanning; fluorescence technology"	"false positive"	""	"Canis lupus familiaris"
"ELMI001874"	"LIG"	"LIG_CaM_IQ_9"	"SCN1A_RAT"	"P04774"	"P04774"	"1916"	"1935"	"21726526"	"coimmunoprecipitation; glutathione s tranferase tag; mutation analysis; pull down"	"true positive"	""	"Rattus norvegicus"
"ELMI003603"	"LIG"	"LIG_CaM_IQ_9"	"SCN2A_HUMAN"	"Q99250"	"Q99250 A6NC14 A6NIQ5 Q14472 Q53T77 Q9BZC9 Q9BZD0"	"1909"	"1925"	"25232683"	"isothermal titration calorimetry; mutation analysis; x-ray crystallography"	"true positive"	"4JPZ"	"Homo sapiens"
"ELMI001865"	"LIG"	"LIG_CaM_IQ_9"	"SCN2A_RAT"	"P04775"	"P04775"	"1906"	"1925"	"21439835"	"coimmunoprecipitation; fluorescence polarization spectroscopy"	"true positive"	""	"Rattus norvegicus"
"ELMI001879"	"LIG"	"LIG_CaM_IQ_9"	"SCN4A_RAT"	"P15390"	"P15390 O70611"	"1721"	"1740"	"12967988"	"coimmunoprecipitation; glutathione s tranferase tag; mutation analysis; pull down"	"true positive"	""	"Rattus norvegicus"
"ELMI001875"	"LIG"	"LIG_CaM_IQ_9"	"SCN5A_HUMAN"	"Q14524"	"Q14524 A5H1P8 A6N922 A6N923 B2RTU0 Q59H93 Q75RX9 Q75RY0 Q86UR3 Q8IZC9 Q96J69"	"1902"	"1921"	"16505387 21167176"	"alanine scanning; coimmunoprecipitation; fluorescence technology; mutation analysis; nuclear magnetic resonance"	"true positive"	"2L53"	"Homo sapiens"
"ELMI001878"	"LIG"	"LIG_CaM_IQ_9"	"SCN8A_MOUSE"	"Q9WTU3"	"Q9WTU3 Q3TYI3 Q60828 Q60858 Q62449"	"1894"	"1913"	"12967988"	"glutathione s tranferase tag; mutation analysis; pull down"	"true positive"	""	"Mus musculus"
"ELMI003591"	"LIG"	"LIG_CaM_IQ_9"	"SCN8A_MOUSE"	"Q9WTU3"	"Q9WTU3 Q3TYI3 Q60828 Q60858 Q62449"	"1897"	"1913"	"23942337"	"isothermal titration calorimetry; mutation analysis; x-ray crystallography"	"true positive"	"3WFN"	"Mus musculus"
"ELMI003597"	"LIG"	"LIG_CaM_IQ_9"	"SP17_RABIT"	"P36425"	"P36425"	"114"	"129"	"9986726"	"cross linking study; far western blotting; mutation analysis"	"true positive"	""	"Oryctolagus cuniculus"
"ELMI003861"	"LIG"	"LIG_CaM_IQ_9"	"SPT17_MOUSE"	"Q9D552"	"Q9D552 Q5FWA7 Q8BQE6"	"52"	"67"	"15756417"	"sequence based prediction"	"unknown"	""	"Mus musculus"
"ELMI003862"	"LIG"	"LIG_CaM_IQ_9"	"SPT17_MOUSE"	"Q9D552"	"Q9D552 Q5FWA7 Q8BQE6"	"75"	"91"	"15756417"	"sequence based prediction"	"unknown"	""	"Mus musculus"
"ELMI003863"	"LIG"	"LIG_CaM_IQ_9"	"SPT17_MOUSE"	"Q9D552"	"Q9D552 Q5FWA7 Q8BQE6"	"111"	"127"	"15756417"	"sequence based prediction"	"unknown"	""	"Mus musculus"
"ELMI004545"	"LIG"	"LIG_CaMK_CASK_1"	"APBA1_HUMAN"	"Q02410"	"Q02410 O14914 O60570 Q5VYR8"	"376"	"382"	"9952408 21763699"	"comigration in gel electrophoresis; far western blotting; glutathione s tranferase tag; mutation analysis; pull down"	"true positive"	""	"Homo sapiens"
"ELMI004546"	"LIG"	"LIG_CaMK_CASK_1"	"APBA1_MOUSE"	"B2RUJ5"	"B2RUJ5 Q3UH49 Q8BMF2"	"381"	"387"	"32348748 9952408"	"comigration in sds page; fluorescence microscopy; glutathione s tranferase tag; isothermal titration calorimetry; mutation analysis; pull down; western blot; x-ray crystallography"	"true positive"	"6LNM"	"Mus musculus"
"ELMI004547"	"LIG"	"LIG_CaMK_CASK_1"	"APBA1_RAT"	"O35430"	"O35430"	"378"	"384"	"9753324 33318489 12040031"	"coimmunoprecipitation; colocalization; comigration in gel electrophoresis; competition binding; edman degradation; glutathione s tranferase tag; mutation analysis; pull down; western blot; x-ray crystallography"	"true positive"	"6KMH"	"Rattus norvegicus"
"ELMI004548"	"LIG"	"LIG_CaMK_CASK_1"	"CSKI1_HUMAN"	"Q8WXD9"	"Q8WXD9 Q9P2P0"	"374"	"379"	"21763699"	"alanine scanning; comigration in gel electrophoresis; competition binding; molecular sieving; mutation analysis; surface plasmon resonance"	"true positive"	""	"Homo sapiens"
"ELMI004549"	"LIG"	"LIG_CaMK_CASK_1"	"CSKI1_RAT"	"Q8VHK2"	"Q8VHK2"	"374"	"379"	"12040031"	"coimmunoprecipitation; competition binding; glutathione s tranferase tag; mutation analysis; pull down"	"true positive"	""	"Rattus norvegicus"
"ELMI004551"	"LIG"	"LIG_CaMK_CASK_1"	"LIPA2_HUMAN"	"O75334"	"O75334 B3KVT5 B3KXA0 B7Z2A6 B7Z3U9 B7Z663 B7ZKZ5 E7ERB8 E7ETG6 F8VP68 Q2M3G8"	"977"	"984"	"21855798"	"affinity chromatography technology; fluorescence microscopy; isothermal titration calorimetry; x-ray crystallography"	"true positive"	"3TAC"	"Homo sapiens"
"ELMI004550"	"LIG"	"LIG_CaMK_CASK_1"	"TIAM1_HUMAN"	"Q13009"	"Q13009 Q17RT7"	"1572"	"1578"	"21763699"	"comigration in gel electrophoresis; mutation analysis"	"true positive"	""	"Homo sapiens"
"ELMI003645"	"LIG"	"LIG_CaM_NSCaTE_8"	"CAC1C_HUMAN"	"Q13936"	"Q13936 B2RUT3 Q13917 Q13918 Q13919 Q13920 Q13921 Q13922 Q13923 Q13924 Q13925 Q13926 Q13927 Q13928 Q13929 Q13930 Q13932 Q13933 Q14743 Q14744 Q15877 Q4VMI7 Q4VMI8 Q4VMI9 Q6PKM7 Q8N6C0 Q99025 Q99241 Q99875"	"52"	"59"	"22518098"	"coimmunoprecipitation; fluorescence technology; isothermal titration calorimetry; mutation analysis"	"true positive"	""	"Homo sapiens"
"ELMI003646"	"LIG"	"LIG_CaM_NSCaTE_8"	"CAC1C_RABIT"	"P15381"	"P15381 Q03716 Q28676 Q99243"	"82"	"89"	"18235447"	"fluorescent resonance energy transfer; mutation analysis"	"true positive"	""	"Oryctolagus cuniculus"
"ELMI003647"	"LIG"	"LIG_CaM_NSCaTE_8"	"CAC1D_HUMAN"	"Q01668"	"Q01668 B0FYA3 Q13916 Q13931 Q71UT1 Q9UDC3"	"53"	"60"	"22518098"	"sequence based prediction"	"true positive"	""	"Homo sapiens"
"ELMI001058"	"LIG"	"LIG_CAP-Gly_1"	"CLIP1_HUMAN"	"P30622"	"P30622 A0AVD3 Q17RS4 Q29RG0"	"1434"	"1438"	"16148041 17828277"	"coimmunoprecipitation; glutathione s tranferase tag; mutation analysis; pull down; x-ray crystallography"	"true positive"	"2PZO"	"Homo sapiens"
"ELMI001059"	"LIG"	"LIG_CAP-Gly_1"	"MARE1_HUMAN"	"Q15691"	"Q15691 B2R6I7 E1P5M8 Q3KQS8"	"263"	"268"	"16148041 16949363 16109370"	"coimmunoprecipitation; glutathione s tranferase tag; isothermal titration calorimetry; mutation analysis; pull down; surface plasmon resonance; x-ray crystallography"	"true positive"	"1TXQ 2HKQ"	"Homo sapiens"
"ELMI001057"	"LIG"	"LIG_CAP-Gly_1"	"TBA1A_HUMAN"	"Q71U36"	"Q71U36 A8K0B8 P04687 P05209"	"443"	"451"	"16954346 17563362"	"coimmunoprecipitation; mutation analysis; nuclear magnetic resonance; surface plasmon resonance"	"true positive"	"2E4H"	"Homo sapiens"
"ELMI001947"	"LIG"	"LIG_CAP-Gly_2"	"SLAI2_HUMAN"	"Q9P270"	"Q9P270 A8K4P1 Q8N5R3"	"575"	"581"	"21646404"	"coimmunoprecipitation; isothermal titration calorimetry; mutation analysis; x-ray crystallography"	"true positive"	"3RDV"	"Homo sapiens"
"ELMI000628"	"LIG"	"LIG_Clathr_ClatBox_1"	"AMPH_HUMAN"	"P49418"	"P49418 A4D1X8 A4D1X9 O43538 Q75MJ8 Q75MK5 Q75MM3 Q8N4G0"	"118"	"122"	"12121414"	"not specified"	"false positive"	""	"Homo sapiens"
"ELMI000450"	"LIG"	"LIG_Clathr_ClatBox_1"	"AMPH_HUMAN"	"P49418"	"P49418 A4D1X8 A4D1X9 O43538 Q75MJ8 Q75MK5 Q75MM3 Q8N4G0"	"351"	"355"	"10748223"	"glutathione s tranferase tag; mutation analysis; pull down"	"true positive"	""	"Homo sapiens"
"ELMI000630"	"LIG"	"LIG_Clathr_ClatBox_1"	"AP180_RAT"	"Q05140"	"Q05140"	"178"	"182"	"10655490 11239400 11161218"	"not specified; sequence based prediction; structure based prediction"	"false positive"	""	"Rattus norvegicus"
"ELMI000438"	"LIG"	"LIG_Clathr_ClatBox_1"	"AP1B1_HUMAN"	"Q10567"	"Q10567 C9JRD1 P78436 Q20WL3"	"632"	"636"	"10655490"	"sequence based prediction"	"true positive"	""	"Homo sapiens"
"ELMI000437"	"LIG"	"LIG_Clathr_ClatBox_1"	"AP2B1_BOVIN"	"P63009"	"P63009 P21851"	"631"	"635"	"10655490"	"sequence based prediction"	"true positive"	""	"Bos taurus"
"ELMI000432"	"LIG"	"LIG_Clathr_ClatBox_1"	"AP3B1_HUMAN"	"O00203"	"O00203 O00580 Q7Z393 Q9HD66"	"818"	"822"	"10655490"	"x-ray crystallography"	"true positive"	"1C9I"	"Homo sapiens"
"ELMI000451"	"LIG"	"LIG_Clathr_ClatBox_1"	"AP3B2_HUMAN"	"Q13367"	"Q13367 O14808 Q52LY8"	"808"	"812"	"9545220"	"classical fluorescence spectroscopy; confocal microscopy; glutathione s tranferase tag; pull down; western blot"	"true positive"	""	"Homo sapiens"
"ELMI000439"	"LIG"	"LIG_Clathr_ClatBox_1"	"ARRB1_BOVIN"	"P17870"	"P17870"	"376"	"380"	"10655490"	"sequence based prediction"	"true positive"	""	"Bos taurus"
"ELMI000433"	"LIG"	"LIG_Clathr_ClatBox_1"	"ARRB2_BOVIN"	"P32120"	"P32120 O77565 O77566"	"384"	"388"	"10655490"	"x-ray crystallography"	"true positive"	"1C9L"	"Bos taurus"
"ELMI000455"	"LIG"	"LIG_Clathr_ClatBox_1"	"ARRB2_MOUSE"	"Q91YI4"	"Q91YI4 Q3TCM2 Q5F2D8 Q5F2E0"	"374"	"378"	"9169476"	"alanine scanning; glutathione s tranferase tag; mutation analysis; pull down"	"true positive"	""	"Mus musculus"
"ELMI000448"	"LIG"	"LIG_Clathr_ClatBox_1"	"AUXI_BOVIN"	"Q27974"	"Q27974"	"496"	"500"	"14757058"	"competition binding; fluorescence polarization spectroscopy"	"true positive"	""	"Bos taurus"
"ELMI000629"	"LIG"	"LIG_Clathr_ClatBox_1"	"BIN1_HUMAN"	"O00499"	"O00499 O00297 O00545 O43867 O60552 O60553 O60554 O60555 O75514 O75515 O75516 O75517 O75518 Q659B7 Q92944 Q99688"	"123"	"127"	"9603201"	"not specified"	"false positive"	""	"Homo sapiens"
"ELMI000449"	"LIG"	"LIG_Clathr_ClatBox_1"	"BIN1_HUMAN"	"O00499"	"O00499 O00297 O00545 O43867 O60552 O60553 O60554 O60555 O75514 O75515 O75516 O75517 O75518 Q659B7 Q92944 Q99688"	"390"	"394"	"9603201"	"glutathione s tranferase tag; mutation analysis; pull down; western blot"	"true positive"	""	"Homo sapiens"
"ELMI000910"	"LIG"	"LIG_Clathr_ClatBox_1"	"EPN1_RAT"	"O88339"	"O88339"	"480"	"484"	"10692452"	"glutathione s tranferase tag; pull down"	"true positive"	""	"Rattus norvegicus"
"ELMI000457"	"LIG"	"LIG_Clathr_ClatBox_1"	"GGA2_HUMAN"	"Q9UJY4"	"Q9UJY4 D3DWF0 O14564 Q9NYN2 Q9UPS2"	"349"	"353"	"11301005"	"electron microscopy; glutathione s tranferase tag; mutation analysis; pull down"	"true positive"	""	"Homo sapiens"
"ELMI000454"	"LIG"	"LIG_Clathr_ClatBox_1"	"HIP1_HUMAN"	"O00291"	"O00291 O00328 Q2TB58 Q8TDL4"	"332"	"336"	"11577110 11517213"	"classical fluorescence spectroscopy; confocal microscopy; glutathione s tranferase tag; pull down"	"true positive"	""	"Homo sapiens"
"ELMI001118"	"LIG"	"LIG_Clathr_ClatBox_1"	"PICA_DROME"	"Q9VI75"	"Q9VI75 O96528 Q8MQM1"	"192"	"196"	"11239400"	"x-ray crystallography"	"false positive"	"1HX8"	"Drosophila melanogaster"
"ELMI000907"	"LIG"	"LIG_Clathr_ClatBox_1"	"SMAP1_MOUSE"	"Q91VZ6"	"Q91VZ6 Q497I6 Q68EF3"	"192"	"196"	"15659652"	"alanine scanning; glutathione s tranferase tag; his tag; mutation analysis; pull down"	"true positive"	""	"Mus musculus"
"ELMI000453"	"LIG"	"LIG_Clathr_ClatBox_2"	"AMPH_HUMAN"	"P49418"	"P49418 A4D1X8 A4D1X9 O43538 Q75MJ8 Q75MK5 Q75MM3 Q8N4G0"	"380"	"385"	"10748223 14981508 11382783"	"classical fluorescence spectroscopy; glutathione s tranferase tag; mutation analysis; pull down; western blot; x-ray crystallography"	"true positive"	"1UTC"	"Homo sapiens"
"ELMI000452"	"LIG"	"LIG_Clathr_ClatBox_2"	"BIN1_HUMAN"	"O00499"	"O00499 O00297 O00545 O43867 O60552 O60553 O60554 O60555 O75514 O75515 O75516 O75517 O75518 Q659B7 Q92944 Q99688"	"415"	"420"	"9603201"	"glutathione s tranferase tag; mutation analysis; pull down; western blot"	"true positive"	""	"Homo sapiens"
"ELMI002843"	"LIG"	"LIG_CNOT1_NIM_1"	"F6X9D2_XENTR"	"F6X9D2"	"F6X9D2"	"5"	"14"	"24736845"	"inferred by author"	"true positive"	""	"Xenopus (Silurana) tropicalis"
"ELMI002759"	"LIG"	"LIG_CNOT1_NIM_1"	"F6ZT24_XENTR"	"F6ZT24"	"F6ZT24"	"4"	"13"	"24736845"	"inferred by author"	"true positive"	""	"Xenopus (Silurana) tropicalis"
"ELMI002761"	"LIG"	"LIG_CNOT1_NIM_1"	"M1ZML1_DANRE"	"M1ZML1"	"M1ZML1"	"17"	"26"	"24736845"	"inferred by author"	"true positive"	""	"Danio rerio"
"ELMI002760"	"LIG"	"LIG_CNOT1_NIM_1"	"NANO1_DANRE"	"E7FDB3"	"E7FDB3"	"19"	"28"	"24736845"	"inferred by author"	"true positive"	""	"Danio rerio"
"ELMI002755"	"LIG"	"LIG_CNOT1_NIM_1"	"NANO1_HUMAN"	"Q8WY41"	"Q8WY41"	"40"	"49"	"24736845"	"anti tag coimmunoprecipitation; glutathione s tranferase tag; pull down; x-ray crystallography"	"true positive"	"4CQO"	"Homo sapiens"
"ELMI002758"	"LIG"	"LIG_CNOT1_NIM_1"	"NANO1_XENTR"	"Q90ZZ6"	"Q90ZZ6 B7ZTT7"	"7"	"16"	"21195170"	"mutation analysis; split luciferase complementation"	"true positive"	""	"Xenopus (Silurana) tropicalis"
"ELMI002756"	"LIG"	"LIG_CNOT1_NIM_1"	"NANO2_HUMAN"	"P60321"	"P60321 Q17R30 Q4G0P8"	"6"	"15"	"24736845"	"anti tag coimmunoprecipitation; glutathione s tranferase tag; pull down"	"true positive"	""	"Homo sapiens"
"ELMI002763"	"LIG"	"LIG_CNOT1_NIM_1"	"NANO2_MOUSE"	"P60322"	"P60322 F8VQ09"	"6"	"15"	"22448252"	"anti tag coimmunoprecipitation; glutathione s tranferase tag; mutation analysis; pull down"	"true positive"	""	"Mus musculus"
"ELMI002757"	"LIG"	"LIG_CNOT1_NIM_1"	"NANO3_HUMAN"	"P60323"	"P60323 Q495E5"	"4"	"13"	"24736845"	"anti tag coimmunoprecipitation; glutathione s tranferase tag; pull down"	"true positive"	""	"Homo sapiens"
"ELMI002762"	"LIG"	"LIG_CNOT1_NIM_1"	"Q4QRE8_DANRE"	"Q4QRE8"	"Q4QRE8"	"23"	"32"	"24736845"	"inferred by author"	"true positive"	""	"Danio rerio"
"ELMI000751"	"LIG"	"LIG_CORNRBOX"	"NCOR1_HUMAN"	"O75376"	"O75376 B3DLF8 Q9UPV5 Q9UQ18"	"2051"	"2059"	"20581824 11845213"	"not specified; x-ray crystallography"	"true positive"	"3N00"	"Homo sapiens"
"ELMI000752"	"LIG"	"LIG_CORNRBOX"	"NCOR1_HUMAN"	"O75376"	"O75376 B3DLF8 Q9UPV5 Q9UQ18"	"2263"	"2271"	"19913032 11845213"	"not specified; x-ray crystallography"	"true positive"	"3H52"	"Homo sapiens"
"ELMI000749"	"LIG"	"LIG_CORNRBOX"	"NCOR2_HUMAN"	"Q9Y618"	"Q9Y618 O00613 O15416 O15421 Q13354 Q56D06 Q59GM0 Q9Y5U0"	"2143"	"2151"	"10617569"	"alanine scanning; two hybrid"	"true positive"	""	"Homo sapiens"
"ELMI000750"	"LIG"	"LIG_CORNRBOX"	"NCOR2_HUMAN"	"Q9Y618"	"Q9Y618 O00613 O15416 O15421 Q13354 Q56D06 Q59GM0 Q9Y5U0"	"2350"	"2358"	"11845213"	"mutation analysis; x-ray crystallography"	"true positive"	"1KKQ"	"Homo sapiens"
"ELMI003779"	"LIG"	"LIG_CSK_EPIYA_1"	"A0S0L6_ANAPH"	"A0S0L6"	"A0S0L6"	"1095"	"1099"	"17250594"	"far western blotting; inhibitor; phenotype-based detection assay; protein kinase assay; sequence based prediction"	"true positive"	""	"Anaplasma phagocytophilum"
"ELMI003163"	"LIG"	"LIG_CSK_EPIYA_1"	"CAGA_HELPY"	"P55980"	"P55980"	"896"	"900"	"19380118"	"silac"	"true positive"	""	"Helicobacter pylori 26695"
"ELMI003164"	"LIG"	"LIG_CSK_EPIYA_1"	"CAGA_HELPY"	"P55980"	"P55980"	"915"	"919"	"19380118"	"isothermal titration calorimetry; silac"	"true positive"	""	"Helicobacter pylori 26695"
"ELMI003157"	"LIG"	"LIG_CSK_EPIYA_1"	"D3ZMK9_RAT"	"D3ZMK9"	"D3ZMK9"	"388"	"392"	"21873224"	"anti tag coimmunoprecipitation; antisense RNA; fluorescence microscopy; mutation analysis; phenotype-based detection assay"	"true positive"	""	"Rattus norvegicus"
"ELMI003784"	"LIG"	"LIG_CSK_EPIYA_1"	"G1UB82_HAEDU"	"G1UB82"	"G1UB82"	"2595"	"2599"	"24902122"	"by homology; inferred by curator; phenotype-based detection assay; sequence based prediction"	"true positive"	""	"Haemophilus ducreyi 35000HP"
"ELMI003756"	"LIG"	"LIG_CSK_EPIYA_1"	"G1UB82_HAEDU"	"G1UB82"	"G1UB82"	"2671"	"2675"	"24902122"	"by homology; inferred by curator; phenotype-based detection assay; sequence based prediction"	"true positive"	""	"Haemophilus ducreyi 35000HP"
"ELMI003780"	"LIG"	"LIG_CSK_EPIYA_1"	"Q5QT00_BARHN"	"Q5QT00"	"Q5QT00 A0A0H3LZH0"	"210"	"214"	"23051602"	"sequence based prediction"	"true positive"	""	"Bartonella henselae"
"ELMI003781"	"LIG"	"LIG_CSK_EPIYA_1"	"Q5QT00_BARHN"	"Q5QT00"	"Q5QT00 A0A0H3LZH0"	"238"	"242"	"23051602"	"sequence based prediction"	"true positive"	""	"Bartonella henselae"
"ELMI003782"	"LIG"	"LIG_CSK_EPIYA_1"	"Q5QT00_BARHN"	"Q5QT00"	"Q5QT00 A0A0H3LZH0"	"266"	"270"	"23051602"	"sequence based prediction"	"true positive"	""	"Bartonella henselae"
"ELMI003783"	"LIG"	"LIG_CSK_EPIYA_1"	"Q5QT00_BARHN"	"Q5QT00"	"Q5QT00 A0A0H3LZH0"	"294"	"298"	"23051602"	"sequence based prediction"	"true positive"	""	"Bartonella henselae"
"ELMI003162"	"LIG"	"LIG_CSK_EPIYA_1"	"Q5QT01_BARHN"	"Q5QT01"	"Q5QT01 A0A0H3M426"	"34"	"38"	"19380118"	"anti tag coimmunoprecipitation; mutation analysis; silac"	"true positive"	""	"Bartonella henselae"
"ELMI003161"	"LIG"	"LIG_CSK_EPIYA_1"	"Q5QT02_BARHN"	"Q5QT02"	"Q5QT02 A0A0H3LXR2"	"208"	"212"	"19380118"	"silac"	"true positive"	""	"Bartonella henselae"
"ELMI003159"	"LIG"	"LIG_CSK_EPIYA_1"	"Q7VLE8_HAEDU"	"Q7VLE8"	"Q7VLE8"	"2466"	"2470"	"24902122"	"anti tag coimmunoprecipitation; mutation analysis; phenotype-based detection assay; protein kinase assay; silac"	"true positive"	""	"Haemophilus ducreyi 35000HP"
"ELMI003160"	"LIG"	"LIG_CSK_EPIYA_1"	"Q7VLE8_HAEDU"	"Q7VLE8"	"Q7VLE8"	"2542"	"2546"	"24902122"	"anti tag coimmunoprecipitation; mutation analysis; phenotype-based detection assay; protein kinase assay; silac"	"true positive"	""	"Haemophilus ducreyi 35000HP"
"ELMI003152"	"LIG"	"LIG_CSK_EPIYA_1"	"Q9RF15_HELPX"	"Q9RF15"	"Q9RF15"	"890"	"894"	"12446738"	"alanine scanning; anti tag coimmunoprecipitation"	"true positive"	""	"Helicobacter pylori"
"ELMI003153"	"LIG"	"LIG_CSK_EPIYA_1"	"Q9RF15_HELPX"	"Q9RF15"	"Q9RF15"	"909"	"913"	"12446738"	"alanine scanning; anti tag coimmunoprecipitation"	"true positive"	""	"Helicobacter pylori"
"ELMI003154"	"LIG"	"LIG_CSK_EPIYA_1"	"Q9RF15_HELPX"	"Q9RF15"	"Q9RF15"	"962"	"966"	"12446738"	"alanine scanning; anti tag coimmunoprecipitation"	"true positive"	""	"Helicobacter pylori"
"ELMI003155"	"LIG"	"LIG_CSK_EPIYA_1"	"Q9RF15_HELPX"	"Q9RF15"	"Q9RF15"	"996"	"1000"	"12446738"	"alanine scanning; anti tag coimmunoprecipitation"	"true positive"	""	"Helicobacter pylori"
"ELMI003156"	"LIG"	"LIG_CSK_EPIYA_1"	"Q9RF15_HELPX"	"Q9RF15"	"Q9RF15"	"1030"	"1034"	"12446738"	"alanine scanning; anti tag coimmunoprecipitation"	"true positive"	""	"Helicobacter pylori"
"ELMI003158"	"LIG"	"LIG_CSK_EPIYA_1"	"SRCN1_HUMAN"	"Q9C0H9-5"	"Q9C0H9 Q75T46 Q8N4W8"	"261"	"265"	"23383002"	"anti tag coimmunoprecipitation; mutation analysis; phenotype-based detection assay; protein kinase assay"	"true positive"	""	"Homo sapiens"
"ELMI002966"	"LIG"	"LIG_CSL_BTD_1"	"A2AEX7_MOUSE"	"A2AEX7"	"A2AEX7"	"190"	"193"	"24290140"	"isothermal titration calorimetry; mutation analysis; x-ray crystallography"	"true positive"	"4J2X"	"Mus musculus"
"ELMI002971"	"LIG"	"LIG_CSL_BTD_1"	"ATX1_HUMAN"	"P54253"	"P54253 Q17S02 Q9UJG2 Q9Y4J1"	"44"	"47"	"21475249"	"two hybrid"	"true positive"	""	"Homo sapiens"
"ELMI002967"	"LIG"	"LIG_CSL_BTD_1"	"EBNA2_EBVG"	"Q3KSV2"	"Q3KSV2"	"289"	"292"	"21475249 21440926"	"coimmunoprecipitation; glutathione s tranferase tag; pull down; two hybrid; western blot"	"true positive"	""	"Human herpesvirus 4"
"ELMI002968"	"LIG"	"LIG_CSL_BTD_1"	"EBNA3_EBVG"	"Q3KST2"	"Q3KST2"	"583"	"586"	"21475249 21440926"	"coimmunoprecipitation; glutathione s tranferase tag; pull down; two hybrid; western blot"	"true positive"	""	"Human herpesvirus 4"
"ELMI002969"	"LIG"	"LIG_CSL_BTD_1"	"EBNA3_EBVG"	"Q3KST2"	"Q3KST2"	"772"	"775"	"21475249 21440926"	"coimmunoprecipitation; glutathione s tranferase tag; pull down; two hybrid; western blot"	"true positive"	""	"Human herpesvirus 4"
"ELMI002970"	"LIG"	"LIG_CSL_BTD_1"	"EBNA6_EBVB9"	"P03204"	"P03204 Q777E7"	"96"	"99"	"21475249"	"glutathione s tranferase tag; pull down"	"true positive"	""	"Human herpesvirus 4 (strain B95-8)"
"ELMI002962"	"LIG"	"LIG_CSL_BTD_1"	"F5H9D8_HHV8"	"F5H9D8"	"F5H9D8"	"203"	"206"	"20861242"	"anti tag coimmunoprecipitation; western blot"	"true positive"	""	"Human herpesvirus 8"
"ELMI002963"	"LIG"	"LIG_CSL_BTD_1"	"F5H9D8_HHV8"	"F5H9D8"	"F5H9D8"	"306"	"309"	"20861242"	"anti tag coimmunoprecipitation; western blot"	"true positive"	""	"Human herpesvirus 8"
"ELMI002964"	"LIG"	"LIG_CSL_BTD_1"	"F5H9D8_HHV8"	"F5H9D8"	"F5H9D8"	"487"	"490"	"20861242"	"anti tag coimmunoprecipitation; western blot"	"true positive"	""	"Human herpesvirus 8"
"ELMI002965"	"LIG"	"LIG_CSL_BTD_1"	"GLP1_CAEEL"	"P13508"	"P13508"	"803"	"806"	"16530045"	"inferred by author"	"true positive"	""	"Caenorhabditis elegans"
"ELMI002961"	"LIG"	"LIG_CSL_BTD_1"	"LIN12_CAEEL"	"P14585"	"P14585"	"944"	"947"	"16530045"	"mutation analysis; x-ray crystallography"	"true positive"	"2FO1"	"Caenorhabditis elegans"
"ELMI002957"	"LIG"	"LIG_CSL_BTD_1"	"NOTC1_HUMAN"	"P46531"	"P46531 Q59ED8 Q5SXM3"	"1767"	"1770"	"20028974 16530045"	"coimmunoprecipitation; inferred by author; isothermal titration calorimetry; x-ray crystallography"	"true positive"	""	"Homo sapiens"
"ELMI002958"	"LIG"	"LIG_CSL_BTD_1"	"NOTC2_HUMAN"	"Q04721"	"Q04721 Q5T3X7 Q99734 Q9H240"	"1709"	"1712"	"16530045"	"inferred by author"	"true positive"	""	"Homo sapiens"
"ELMI002959"	"LIG"	"LIG_CSL_BTD_1"	"NOTC3_HUMAN"	"Q9UM47"	"Q9UM47 Q9UEB3 Q9UPL3 Q9Y6L8"	"1674"	"1677"	"16530045"	"inferred by author"	"true positive"	""	"Homo sapiens"
"ELMI002960"	"LIG"	"LIG_CSL_BTD_1"	"NOTC4_HUMAN"	"Q99466"	"Q99466 B0V183 B0V1X5 O00306 Q5SSY7 Q99458 Q99940 Q9H3S8 Q9UII9 Q9UIJ0"	"1481"	"1484"	"16530045"	"inferred by author"	"true positive"	""	"Homo sapiens"
"ELMI002977"	"LIG"	"LIG_CSL_BTD_1"	"RITA1_XENLA"	"P0CJ62"	"P0CJ62"	"70"	"73"	"21102556"	"coimmunoprecipitation; fluorescence microscopy; glutathione s tranferase tag; pull down; two hybrid; western blot"	"true positive"	""	"Xenopus laevis"
"ELMI002978"	"LIG"	"LIG_CSL_BTD_1"	"RITA1_XENLA"	"P0CJ62"	"P0CJ62"	"142"	"145"	"21102556"	"coimmunoprecipitation; fluorescence microscopy; glutathione s tranferase tag; pull down; two hybrid; western blot"	"true positive"	""	"Xenopus laevis"
"ELMI002972"	"LIG"	"LIG_CSL_BTD_1"	"Z324B_HUMAN"	"Q6AW86"	"Q6AW86 B2RTZ6 Q6ZMX8 Q6ZS42"	"59"	"62"	""	"inferred by curator"	"true positive"	""	"Homo sapiens"
"ELMI000255"	"LIG"	"LIG_CtBP_PxDLS_1"	"CBX4_HUMAN"	"O00257"	"O00257 Q6TPI8 Q96C04"	"472"	"476"	"9858600"	"two hybrid"	"true positive"	""	"Homo sapiens"
"ELMI000078"	"LIG"	"LIG_CtBP_PxDLS_1"	"COM1_HUMAN"	"Q99708"	"Q99708 O75371"	"490"	"494"	"9535825"	"competition binding"	"true positive"	""	"Homo sapiens"
"ELMI000263"	"LIG"	"LIG_CtBP_PxDLS_1"	"E1A_ADE02"	"P03254"	"P03254 P24934 Q67788"	"279"	"283"	"7479821"	"coimmunoprecipitation; glutathione s tranferase tag; mutation analysis; pull down; two hybrid"	"true positive"	""	"Human adenovirus 2"
"ELMI000087"	"LIG"	"LIG_CtBP_PxDLS_1"	"ELK3_HUMAN"	"P41970"	"P41970 B2R6S6 Q6FG57 Q6GU29 Q9UD17"	"273"	"277"	"10369679"	"two hybrid"	"true positive"	""	"Homo sapiens"
"ELMI000082"	"LIG"	"LIG_CtBP_PxDLS_1"	"EVI1_HUMAN"	"Q03112"	"Q03112 A1L4F3 A8KA00 B7Z8W7 B7ZLQ3 B7ZLQ4 C9JAK0 D3DNP7 Q16122 Q5HYI1 Q6MZS6 Q8NEI5 Q99917"	"584"	"588"	"11965542"	"alanine scanning"	"true positive"	""	"Homo sapiens"
"ELMI000253"	"LIG"	"LIG_CtBP_PxDLS_1"	"FOG1_HUMAN"	"Q8IX07"	"Q8IX07"	"794"	"798"	"10995736"	"mutation analysis"	"true positive"	""	"Homo sapiens"
"ELMI000081"	"LIG"	"LIG_CtBP_PxDLS_1"	"FOG2_HUMAN"	"Q8WW38"	"Q8WW38 Q32MA6 Q9NPL7 Q9NPS4 Q9UNI5"	"829"	"833"	"11940669"	"sequence based prediction"	"true positive"	""	"Homo sapiens"
"ELMI000086"	"LIG"	"LIG_CtBP_PxDLS_1"	"HAIR_DROME"	"P14003"	"P14003 A4V1N7 Q95NH3 Q95NU9 Q9VSN8"	"318"	"322"	"9524128"	"two hybrid"	"true positive"	""	"Drosophila melanogaster"
"ELMI000213"	"LIG"	"LIG_CtBP_PxDLS_1"	"HDAC4_HUMAN"	"P56524"	"P56524 Q9UND6"	"48"	"52"	"11022042"	"sequence based prediction"	"true positive"	""	"Homo sapiens"
"ELMI000212"	"LIG"	"LIG_CtBP_PxDLS_1"	"HDAC5_HUMAN"	"Q9UQL6"	"Q9UQL6 C9JFV9 O60340 O60528 Q96DY4"	"56"	"60"	"11022042"	"sequence based prediction"	"true positive"	""	"Homo sapiens"
"ELMI000211"	"LIG"	"LIG_CtBP_PxDLS_1"	"HDAC7_MOUSE"	"Q8C2B3"	"Q8C2B3 Q8C2C9 Q8C8X4 Q8CB80 Q8CDA3 Q9JL72"	"22"	"26"	"11022042"	"sequence based prediction"	"true positive"	""	"Mus musculus"
"ELMI000210"	"LIG"	"LIG_CtBP_PxDLS_1"	"HDAC9_MOUSE"	"Q99N13"	"Q99N13 Q4QQN7 Q8R4Y6 Q9EPT2"	"23"	"27"	"11022042"	"coimmunoprecipitation"	"true positive"	""	"Mus musculus"
"ELMI000216"	"LIG"	"LIG_CtBP_PxDLS_1"	"HIC1_HUMAN"	"Q14526"	"Q14526 D3DTI4"	"241"	"246"	"12052894"	"two hybrid"	"true positive"	""	"Homo sapiens"
"ELMI000083"	"LIG"	"LIG_CtBP_PxDLS_1"	"IKZF1_HUMAN"	"Q13422"	"Q13422 A4D260 B4E0Z1 D3DVM5 O00598 Q53XL2 Q8WVA3"	"34"	"38"	"10766745"	"colocalization"	"true positive"	""	"Homo sapiens"
"ELMI000256"	"LIG"	"LIG_CtBP_PxDLS_1"	"IKZF4_HUMAN"	"Q9H2S9"	"Q9H2S9 Q96JP3"	"425"	"429"	"12444977"	"two hybrid"	"true positive"	""	"Homo sapiens"
"ELMI000079"	"LIG"	"LIG_CtBP_PxDLS_1"	"KLF3_HUMAN"	"P57682"	"P57682 Q6PIR1 Q86TN0 Q9P2X6"	"61"	"65"	"10756197"	"sequence based prediction"	"true positive"	""	"Homo sapiens"
"ELMI000080"	"LIG"	"LIG_CtBP_PxDLS_1"	"KLF8_HUMAN"	"O95600"	"O95600 Q2M246 Q59GV5 Q5HYQ5 Q5JXP7 Q6MZJ7 Q9UGC4"	"86"	"90"	"10756197"	"pull down"	"true positive"	""	"Homo sapiens"
"ELMI000088"	"LIG"	"LIG_CtBP_PxDLS_1"	"KNIR_DROME"	"P10734"	"P10734 Q540X6 Q9VPC6"	"331"	"335"	"9843507"	"mutation analysis"	"true positive"	""	"Drosophila melanogaster"
"ELMI000219"	"LIG"	"LIG_CtBP_PxDLS_1"	"LCOR_HUMAN"	"Q96JN0"	"Q96JN0 D3DR47 Q5VW16 Q7Z723 Q86T32 Q86T33 Q8N3L6"	"64"	"68"	"12535528"	"mutation analysis"	"true positive"	""	"Homo sapiens"
"ELMI000089"	"LIG"	"LIG_CtBP_PxDLS_1"	"NRIP1_HUMAN"	"P48552"	"P48552 Q8IWE8"	"440"	"444"	"11509661"	"two hybrid"	"true positive"	""	"Homo sapiens"
"ELMI000254"	"LIG"	"LIG_CtBP_PxDLS_1"	"Q91647_XENLA"	"Q91647"	"Q91647"	"455"	"459"	"9858600"	"two hybrid"	"true positive"	""	"Xenopus laevis"
"ELMI000215"	"LIG"	"LIG_CtBP_PxDLS_1"	"SOX6_HUMAN"	"P35712"	"P35712 Q86VX7 Q9BXQ3 Q9BXQ4 Q9BXQ5 Q9H0I8"	"424"	"428"	"11504872"	"two hybrid"	"true positive"	""	"Homo sapiens"
"ELMI000258"	"LIG"	"LIG_CtBP_PxDLS_1"	"T7L1A_XENLA"	"P70062"	"P70062"	"469"	"473"	"10375506"	"two hybrid"	"true positive"	""	"Xenopus laevis"
"ELMI000259"	"LIG"	"LIG_CtBP_PxDLS_1"	"T7L1A_XENLA"	"P70062"	"P70062"	"545"	"549"	"10375506"	"two hybrid"	"true positive"	""	"Xenopus laevis"
"ELMI000218"	"LIG"	"LIG_CtBP_PxDLS_1"	"TGIF1_HUMAN"	"Q15583"	"Q15583 Q6ICR0 Q8N5X9 Q9NRS0"	"153"	"157"	"10995736"	"alanine scanning"	"true positive"	""	"Homo sapiens"
"ELMI000257"	"LIG"	"LIG_CtBP_PxDLS_1"	"TRPS1_HUMAN"	"Q9UHF7"	"Q9UHF7 B4E1Z5 Q08AU2 Q9NWE1 Q9UHH6"	"1163"	"1167"	"12444977"	"two hybrid"	"true positive"	""	"Homo sapiens"
"ELMI000214"	"LIG"	"LIG_CtBP_PxDLS_1"	"TTKB_DROME"	"P17789"	"P17789 A4V3Q4 Q32KE0 Q9V9V1 Q9V9V3"	"593"	"597"	"10978285"	"alanine scanning"	"true positive"	""	"Drosophila melanogaster"
"ELMI000085"	"LIG"	"LIG_CtBP_PxDLS_1"	"ZEB1_HUMAN"	"P37275"	"P37275 Q12924 Q13800 Q5T968"	"734"	"738"	"10567582"	"two hybrid"	"true positive"	""	"Homo sapiens"
"ELMI000260"	"LIG"	"LIG_CtBP_PxDLS_1"	"ZEB2_HUMAN"	"O60315"	"O60315 A0JP09 Q9UED1"	"785"	"789"	"12714599"	"alanine scanning"	"true positive"	""	"Homo sapiens"
"ELMI000261"	"LIG"	"LIG_CtBP_PxDLS_1"	"ZEB2_HUMAN"	"O60315"	"O60315 A0JP09 Q9UED1"	"815"	"819"	"12714599"	"alanine scanning"	"true positive"	""	"Homo sapiens"
"ELMI000262"	"LIG"	"LIG_CtBP_PxDLS_1"	"ZEB2_HUMAN"	"O60315"	"O60315 A0JP09 Q9UED1"	"859"	"863"	"12714599"	"alanine scanning"	"true positive"	""	"Homo sapiens"
"ELMI000084"	"LIG"	"LIG_CtBP_PxDLS_1"	"ZFH1_DROME"	"P28166"	"P28166 Q59DT3 Q6NP51 Q8MSQ8 Q9VA39 Q9VA40"	"786"	"790"	"10359772"	"colocalization"	"true positive"	""	"Drosophila melanogaster"
"ELMI004823"	"LIG"	"LIG_CtBP_RRT_2"	"A2A7B5_MOUSE"	"A2A7B5"	"A2A7B5"	"731"	"739"	"16940172"	"mutation analysis; two hybrid"	"true positive"	""	"Mus musculus"
"ELMI004820"	"LIG"	"LIG_CtBP_RRT_2"	"PRDM2_HUMAN"	"Q13029"	"Q13029 Q13149 Q14550 Q5VUL9"	"735"	"743"	"16940172"	"mutation analysis; two hybrid"	"true positive"	""	"Homo sapiens"
"ELMI004822"	"LIG"	"LIG_CtBP_RRT_2"	"Q3U0X6_MOUSE"	"Q3U0X6"	"Q3U0X6"	"746"	"754"	"16940172"	"mutation analysis; two hybrid"	"true positive"	""	"Mus musculus"
"ELMI004819"	"LIG"	"LIG_CtBP_RRT_2"	"ZN217_HUMAN"	"O75362"	"O75362 E1P5Y6 Q14DB8"	"752"	"760"	"16940172"	"anti tag coimmunoprecipitation; mutation analysis; two hybrid"	"true positive"	""	"Homo sapiens"
"ELMI004821"	"LIG"	"LIG_CtBP_RRT_2"	"ZN516_HUMAN"	"Q92618"	"Q92618"	"814"	"822"	"16940172"	"mutation analysis; two hybrid"	"true positive"	""	"Homo sapiens"
"ELMI002901"	"LIG"	"LIG_DCNL_PONY_1"	"UBC12_HUMAN"	"P61081"	"P61081 O76069 Q8VC50"	"1"	"4"	"21940857 23201271"	"inhibitor; isothermal titration calorimetry; mass detection of residue modification; x-ray crystallography"	"true positive"	""	"Homo sapiens"
"ELMI002900"	"LIG"	"LIG_DCNL_PONY_1"	"UBE2F_HUMAN"	"Q969M7"	"Q969M7 A8K1Z8 B4DDT9 B4DFI1 B4DMK3 B4DZU2 B8ZZG2 C9J212 H9KVB9"	"1"	"4"	"23201271"	"inhibitor; isothermal titration calorimetry; mass detection of residue modification; x-ray crystallography"	"true positive"	""	"Homo sapiens"
"ELMI003619"	"LIG"	"LIG_deltaCOP1_diTrp_1"	"ARFG1_RAT"	"Q62848"	"Q62848"	"407"	"415"	"26578768 20211604"	"alanine scanning; coimmunoprecipitation; competition binding; isothermal titration calorimetry; mutation disrupting interaction; pull down"	"true positive"	""	"Rattus norvegicus"
"ELMI003620"	"LIG"	"LIG_deltaCOP1_diTrp_1"	"CEX1_YEAST"	"Q12453"	"Q12453 D6W2H1"	"755"	"761"	"9843492"	"alanine scanning; mutation disrupting interaction; phenotype-based detection assay; pull down; two hybrid; western blot"	"true positive"	""	"Saccharomyces cerevisiae S288c"
"ELMI003616"	"LIG"	"LIG_deltaCOP1_diTrp_1"	"DSL1_YEAST"	"P53847"	"P53847 D6W0T5"	"412"	"415"	"26578768 14504276"	"alanine scanning; isothermal titration calorimetry; mutation disrupting interaction; phenotype-based detection assay; pull down; two hybrid; x-ray crystallography"	"true positive"	"5FJZ"	"Saccharomyces cerevisiae S288c"
"ELMI003617"	"LIG"	"LIG_deltaCOP1_diTrp_1"	"DSL1_YEAST"	"P53847"	"P53847 D6W0T5"	"452"	"459"	"26578768 14504276"	"alanine scanning; isothermal titration calorimetry; phenotype-based detection assay; pull down; two hybrid; x-ray crystallography"	"true positive"	""	"Saccharomyces cerevisiae S288c"
"ELMI003618"	"LIG"	"LIG_deltaCOP1_diTrp_1"	"GCS1_YEAST"	"P35197"	"P35197 D6VRC9"	"347"	"352"	"26578768"	"isothermal titration calorimetry; mutation disrupting interaction; x-ray crystallography"	"true positive"	"5FJX"	"Saccharomyces cerevisiae S288c"
"ELMI004043"	"LIG"	"LIG_DLG_GKlike_1"	"BEGIN_RAT"	"O88881"	"O88881 O88882"	"596"	"604"	"9756850"	"beta galactosidase complementation; coimmunoprecipitation; two hybrid"	"true positive"	""	"Rattus norvegicus"
"ELMI004040"	"LIG"	"LIG_DLG_GKlike_1"	"DLGP1_HUMAN"	"O14490"	"O14490 A8MWN8 B2RMU8 B7WPA1 B7Z2H2 B7Z2I2 B7Z9Y4 O14489 P78335"	"372"	"380"	"29281827 22117215"	"fluorescence polarization spectroscopy; isothermal titration calorimetry; mutation disrupting interaction; x-ray crystallography"	"true positive"	"5YPO"	"Homo sapiens"
"ELMI004041"	"LIG"	"LIG_DLG_GKlike_1"	"DLGP1_HUMAN"	"O14490"	"O14490 A8MWN8 B2RMU8 B7WPA1 B7Z2H2 B7Z2I2 B7Z9Y4 O14489 P78335"	"403"	"411"	"22117215"	"fluorescence polarization spectroscopy"	"true positive"	""	"Homo sapiens"
"ELMI004036"	"LIG"	"LIG_DLG_GKlike_1"	"DLGP1_RAT"	"P97836"	"P97836 O54773 P97841"	"349"	"357"	"9115257 9024696"	"coimmunoprecipitation; colocalization; surface plasmon resonance; two hybrid; western blot"	"true positive"	""	"Rattus norvegicus"
"ELMI004034"	"LIG"	"LIG_DLG_GKlike_1"	"DLGP1_RAT"	"P97836"	"P97836 O54773 P97841"	"378"	"386"	"9024696"	"coimmunoprecipitation; colocalization; two hybrid; western blot"	"true positive"	""	"Rattus norvegicus"
"ELMI004035"	"LIG"	"LIG_DLG_GKlike_1"	"DLGP1_RAT"	"P97836"	"P97836 O54773 P97841"	"409"	"417"	"9694864"	"competition binding; two hybrid"	"true positive"	""	"Rattus norvegicus"
"ELMI004037"	"LIG"	"LIG_DLG_GKlike_1"	"DLGP2_RAT"	"P97837"	"P97837"	"437"	"445"	"9115257"	"surface plasmon resonance; two hybrid"	"true positive"	""	"Rattus norvegicus"
"ELMI004042"	"LIG"	"LIG_DLG_GKlike_1"	"DLGP3_HUMAN"	"O95886"	"O95886 Q5TDD5 Q9H3X7"	"393"	"401"	"29281827"	"coimmunoprecipitation; isothermal titration calorimetry; mutation disrupting interaction"	"true positive"	""	"Homo sapiens"
"ELMI004038"	"LIG"	"LIG_DLG_GKlike_1"	"DLGP3_RAT"	"P97838"	"P97838 Q6QQA8 Q6QQA9"	"497"	"505"	"9115257"	"two hybrid"	"true positive"	""	"Rattus norvegicus"
"ELMI004039"	"LIG"	"LIG_DLG_GKlike_1"	"DLGP4_RAT"	"P97839"	"P97839"	"394"	"402"	"9115257"	"two hybrid"	"true positive"	""	"Rattus norvegicus"
"ELMI004045"	"LIG"	"LIG_DLG_GKlike_1"	"GPSM2_MOUSE"	"Q8VDU0"	"Q8VDU0 Q8BLX3"	"405"	"412"	"22117215"	"fluorescence polarization spectroscopy; mutation disrupting interaction; x-ray crystallography"	"true positive"	"3UAT"	"Mus musculus"
"ELMI004047"	"LIG"	"LIG_DLG_GKlike_1"	"L2GL2_HUMAN"	"Q6P1M3"	"Q6P1M3 Q14521 Q9BR62"	"642"	"650"	"24513855"	"coimmunoprecipitation; fluorescence polarization spectroscopy; mutation disrupting interaction; pull down; x-ray crystallography"	"true positive"	"3WP0"	"Homo sapiens"
"ELMI004044"	"LIG"	"LIG_DLG_GKlike_1"	"Q9VB22_DROME"	"Q9VB22"	"Q9VB22"	"433"	"440"	"22545154"	"pull down; x-ray crystallography"	"true positive"	"3TVT"	"Drosophila melanogaster"
"ELMI004046"	"LIG"	"LIG_DLG_GKlike_1"	"SI1L1_HUMAN"	"O43166"	"O43166 J3KP19 O95321 Q9UDU4 Q9UNU4"	"1629"	"1637"	"22117215"	"fluorescence polarization spectroscopy"	"true positive"	""	"Homo sapiens"
"ELMI002440"	"LIG"	"LIG_Dynein_DLC8_1"	"B2L11_HUMAN"	"O43521-2"	"O43521 A8K2W2 O43522 Q0MSE7 Q0MSE8 Q0MSE9 Q53R28 Q6JTU6 Q6T851 Q6TE14 Q6TE15 Q6TE16 Q6V402 Q8WYL6 Q8WYL7 Q8WYL8 Q8WYL9 Q8WYM0 Q8WYM1"	"50"	"56"	"12591950 10198631"	"coimmunoprecipitation; mutation analysis; two hybrid"	"true positive"	""	"Homo sapiens"
"ELMI000264"	"LIG"	"LIG_Dynein_DLC8_1"	"B2L11_HUMAN"	"O43521"	"O43521 A8K2W2 O43522 Q0MSE7 Q0MSE8 Q0MSE9 Q53R28 Q6JTU6 Q6T851 Q6TE14 Q6TE15 Q6TE16 Q6V402 Q8WYL6 Q8WYL7 Q8WYL8 Q8WYL9 Q8WYM0 Q8WYM1"	"110"	"116"	"11148209 11178896"	"glutathione s tranferase tag; nuclear magnetic resonance; pull down; two hybrid"	"true positive"	"1F95"	"Homo sapiens"
"ELMI000092"	"LIG"	"LIG_Dynein_DLC8_1"	"DC1I1_MOUSE"	"O88485"	"O88485 O88486 Q80W09"	"149"	"155"	"11148209"	"circular dichroism; competition binding; mutation analysis; nuclear magnetic resonance; pull down"	"true positive"	""	"Mus musculus"
"ELMI001218"	"LIG"	"LIG_Dynein_DLC8_1"	"DC1I2_HUMAN"	"Q13409"	"Q13409 D3DPD4 D3DPD5 D3DPD6 Q32LY9 Q53S84 Q5BJF8 Q7Z4X1 Q96NG7 Q96S87 Q9BXZ5 Q9NT58"	"156"	"162"	"17551010"	"x-ray crystallography"	"true positive"	"2PG1"	"Homo sapiens"
"ELMI001217"	"LIG"	"LIG_Dynein_DLC8_1"	"DYIN_DROME"	"Q24246"	"Q24246 O96508 O96510 O96511 O96512 O96513 O96514 O96515 O96516 Q5U0Z1 Q86BQ5 Q9NG49 Q9TZR7 Q9TZR8 Q9TZR9 Q9TZS0 Q9VR78"	"128"	"134"	"17570393"	"nuclear magnetic resonance; x-ray crystallography"	"true positive"	"2P2T"	"Drosophila melanogaster"
"ELMI001722"	"LIG"	"LIG_Dynein_DLC8_1"	"PHOSP_RABVC"	"P22363"	"P22363 Q85414"	"142"	"148"	"17438267"	"mutation analysis"	"true positive"	""	"Rabies virus CVS-11"
"ELMI001216"	"LIG"	"LIG_Dynein_DLC8_1"	"SWA_DROME"	"P40688"	"P40688 Q9W400"	"289"	"295"	"10783235 11148209 17570393"	"coimmunoprecipitation; glutathione s tranferase tag; nuclear magnetic resonance; pull down; sequence based prediction; two hybrid; western blot; x-ray crystallography"	"true positive"	"2P1K"	"Drosophila melanogaster"
"ELMI000265"	"LIG"	"LIG_Dynein_DLC8_1"	"SWA_DROPS"	"Q9U9I5"	"Q9U9I5 Q29JJ4"	"281"	"287"	""	""	"true positive"	""	"Drosophila pseudoobscura pseudoobscura"
"ELMI000093"	"LIG"	"LIG_Dynein_DLC8_1"	"ZMY11_HUMAN"	"Q15326"	"Q15326 B2R6G8 Q5VUI1"	"451"	"457"	"11148209"	"glutathione s tranferase tag; pull down; sequence based prediction; two hybrid"	"true positive"	""	"Homo sapiens"
"ELMI002467"	"LIG"	"LIG_EABR_CEP55_1"	"PDC6I_HUMAN"	"Q8WUM4"	"Q8WUM4 Q9BX86 Q9NUN0 Q9P2H2 Q9UKL5"	"797"	"807"	"18948538 17853893 20176808"	"alanine scanning; anti tag coimmunoprecipitation; colocalization; competition binding; cosedimentation; gal4 vp16 complementation; glutathione s tranferase tag; isothermal titration calorimetry; mutation analysis; pull down; surface plasmon resonance; two hybrid; x-ray crystallography"	"true positive"	"3E1R"	"Homo sapiens"
"ELMI002466"	"LIG"	"LIG_EABR_CEP55_1"	"PDC6I_MOUSE"	"Q9WU78"	"Q9WU78 O88695 O89014 Q3TED2 Q8BSL8 Q8R0H5 Q99LR3 Q9QZN8"	"798"	"808"	"20176808"	"competition binding; gal4 vp16 complementation"	"true positive"	""	"Mus musculus"
"ELMI002465"	"LIG"	"LIG_EABR_CEP55_1"	"TEX14_HUMAN"	"Q8IWB6"	"Q8IWB6 A6NH19 Q7RTP3 Q8ND97 Q9BXT9"	"792"	"802"	"20176808"	"competition binding; gal4 vp16 complementation; mutation analysis; two hybrid"	"true positive"	""	"Homo sapiens"
"ELMI002464"	"LIG"	"LIG_EABR_CEP55_1"	"TEX14_MOUSE"	"Q7M6U3"	"Q7M6U3 B2KGL0 Q3UT36 Q5NC10 Q5NC11 Q8CGK1 Q8CGK2 Q99MV8"	"788"	"798"	"20176808"	"anti tag coimmunoprecipitation; competition binding; gal4 vp16 complementation; mutation analysis; two hybrid"	"true positive"	""	"Mus musculus"
"ELMI002469"	"LIG"	"LIG_EABR_CEP55_1"	"TS101_HUMAN"	"Q99816"	"Q99816 Q9BUM5"	"154"	"164"	"18948538 17853893 20176808"	"alanine scanning; anti tag coimmunoprecipitation; colocalization; competition binding; cosedimentation; gal4 vp16 complementation; isothermal titration calorimetry; mutation analysis; two hybrid"	"true positive"	""	"Homo sapiens"
"ELMI002468"	"LIG"	"LIG_EABR_CEP55_1"	"TS101_MOUSE"	"Q61187"	"Q61187"	"155"	"165"	"20176808"	"competition binding; gal4 vp16 complementation"	"true positive"	""	"Mus musculus"
"ELMI002656"	"LIG"	"LIG_EF_ALG2_ABM_1"	"ANX11_HUMAN"	"P50995"	"P50995 B4DVE7"	"4"	"14"	"11883939 12445460"	"far western blotting; mutation analysis; surface plasmon resonance; two hybrid"	"true positive"	""	"Homo sapiens"
"ELMI002655"	"LIG"	"LIG_EF_ALG2_ABM_1"	"ANXA7_HUMAN"	"P20073"	"P20073 Q5F2H3 Q5T0M6 Q5T0M7"	"4"	"12"	"12445460"	"far western blotting; surface plasmon resonance"	"true positive"	""	"Homo sapiens"
"ELMI002654"	"LIG"	"LIG_EF_ALG2_ABM_1"	"CHERP_HUMAN"	"Q8IWX8"	"Q8IWX8 O00302 Q4G0Y5 Q8WU30 Q99492"	"566"	"574"	"24078636 22437941"	"coimmunoprecipitation; far western blotting; mutation analysis"	"true positive"	""	"Homo sapiens"
"ELMI002651"	"LIG"	"LIG_EF_ALG2_ABM_1"	"PDC6I_HUMAN"	"Q8WUM4"	"Q8WUM4 Q9BX86 Q9NUN0 Q9P2H2 Q9UKL5"	"802"	"810"	"14999017 10200558 18940611 19143629 9880530 23924735"	"alanine scanning; coimmunoprecipitation; confocal microscopy; far western blotting; glutathione s tranferase tag; mutation analysis; pull down; two hybrid; x-ray crystallography"	"true positive"	"2ZNE"	"Homo sapiens"
"ELMI002653"	"LIG"	"LIG_EF_ALG2_ABM_1"	"PLS3_HUMAN"	"Q9NRY6"	"Q9NRY6 A8K252 Q567U0 Q8NBW6 Q96F13"	"17"	"25"	"18256029"	"coimmunoprecipitation; far western blotting; glutathione s tranferase tag; mutation analysis; pull down; surface plasmon resonance"	"true positive"	""	"Homo sapiens"
"ELMI002659"	"LIG"	"LIG_EF_ALG2_ABM_1"	"SC31A_HUMAN"	"O94979"	"O94979 B4DIW6 B7ZKZ7 B7ZL00 H7C2W3 Q17RR5 Q5H9P6 Q5XG74 Q659G7 Q6ZU90 Q7LCX9 Q86TJ0 Q8IZH4 Q9P048 Q9P0A6 Q9UM05 Q9UM06"	"870"	"879"	"20834162 18256029 17196169 16957052"	"classical fluorescence spectroscopy; coimmunoprecipitation; far western blotting; mutation analysis; pull down"	"true positive"	""	"Homo sapiens"
"ELMI002657"	"LIG"	"LIG_EF_ALG2_ABM_1"	"SHSA5_HUMAN"	"Q8N114"	"Q8N114 B3KW99 Q69YY9 Q7Z433 Q8NHL9 Q96MW8 Q9BV58"	"190"	"200"	"17889823"	"coimmunoprecipitation; mutation analysis; pull down"	"true positive"	""	"Homo sapiens"
"ELMI002652"	"LIG"	"LIG_EF_ALG2_ABM_1"	"TS101_HUMAN"	"Q99816"	"Q99816 Q9BUM5"	"189"	"197"	"23924735 16004603"	"anti tag coimmunoprecipitation; coimmunoprecipitation; far western blotting; glutathione s tranferase tag; mutation analysis; pull down; two hybrid"	"true positive"	""	"Homo sapiens"
"ELMI002658"	"LIG"	"LIG_EF_ALG2_ABM_1"	"VP37C_HUMAN"	"A5D8V6"	"A5D8V6 Q8N3K4"	"202"	"209"	"23924735 22437941"	"coimmunoprecipitation; far western blotting; pull down"	"true positive"	""	"Homo sapiens"
"ELMI002662"	"LIG"	"LIG_EF_ALG2_ABM_2"	"CHERP_HUMAN"	"Q8IWX8"	"Q8IWX8 O00302 Q4G0Y5 Q8WU30 Q99492"	"614"	"619"	"24078636"	"coimmunoprecipitation; far western blotting; mutation analysis"	"true positive"	""	"Homo sapiens"
"ELMI002661"	"LIG"	"LIG_EF_ALG2_ABM_2"	"PLS3_HUMAN"	"Q9NRY6"	"Q9NRY6 A8K252 Q567U0 Q8NBW6 Q96F13"	"45"	"49"	"18256029"	"anti tag coimmunoprecipitation; coimmunoprecipitation; far western blotting; mutation analysis; pull down; surface plasmon resonance"	"true positive"	""	"Homo sapiens"
"ELMI002660"	"LIG"	"LIG_EF_ALG2_ABM_2"	"SC31A_HUMAN"	"O94979"	"O94979 B4DIW6 B7ZKZ7 B7ZL00 H7C2W3 Q17RR5 Q5H9P6 Q5XG74 Q659G7 Q6ZU90 Q7LCX9 Q86TJ0 Q8IZH4 Q9P048 Q9P0A6 Q9UM05 Q9UM06"	"839"	"843"	"20834162"	"far western blotting; mutation analysis"	"true positive"	""	"Homo sapiens"
"ELMI001122"	"LIG"	"LIG_EH_1"	"AGFG1_HUMAN"	"P52594"	"P52594 Q15277 Q4VAS0 Q4VAS1 Q4VAS3 Q53QT8 Q53R11"	"433"	"437"	"9303539"	"coimmunoprecipitation; glutathione s tranferase tag; pull down"	"true positive"	""	"Homo sapiens"
"ELMI001123"	"LIG"	"LIG_EH_1"	"AGFG1_HUMAN"	"P52594"	"P52594 Q15277 Q4VAS0 Q4VAS1 Q4VAS3 Q53QT8 Q53R11"	"448"	"452"	"9446614"	"glutathione s tranferase tag; pull down"	"true positive"	""	"Homo sapiens"
"ELMI001121"	"LIG"	"LIG_EH_1"	"AGFG1_HUMAN"	"P52594"	"P52594 Q15277 Q4VAS0 Q4VAS1 Q4VAS3 Q53QT8 Q53R11"	"539"	"543"	"9303539"	"coimmunoprecipitation; glutathione s tranferase tag; pull down"	"true positive"	""	"Homo sapiens"
"ELMI001120"	"LIG"	"LIG_EH_1"	"AGFG1_HUMAN"	"P52594"	"P52594 Q15277 Q4VAS0 Q4VAS1 Q4VAS3 Q53QT8 Q53R11"	"558"	"562"	"9303539 11062555 9721102"	"classical fluorescence spectroscopy; coimmunoprecipitation; display technology; glutathione s tranferase tag; nuclear magnetic resonance; pull down; surface plasmon resonance"	"true positive"	"1FF1"	"Homo sapiens"
"ELMI001124"	"LIG"	"LIG_EH_1"	"AGFG1_MOUSE"	"Q8K2K6"	"Q8K2K6 O70448 Q8BQL5 Q8CDK9"	"557"	"561"	"10471276"	"nuclear magnetic resonance"	"true positive"	""	"Mus musculus"
"ELMI001125"	"LIG"	"LIG_EH_1"	"AGFG2_HUMAN"	"O95081"	"O95081 O75429 Q96AB9 Q96GL4"	"365"	"369"	"9303539"	"glutathione s tranferase tag; pull down"	"true positive"	""	"Homo sapiens"
"ELMI001126"	"LIG"	"LIG_EH_1"	"AGFG2_HUMAN"	"O95081"	"O95081 O75429 Q96AB9 Q96GL4"	"380"	"384"	"9303539"	"glutathione s tranferase tag; pull down"	"true positive"	""	"Homo sapiens"
"ELMI001127"	"LIG"	"LIG_EH_1"	"AGFG2_HUMAN"	"O95081"	"O95081 O75429 Q96AB9 Q96GL4"	"458"	"462"	"9303539"	"glutathione s tranferase tag; pull down"	"true positive"	""	"Homo sapiens"
"ELMI001128"	"LIG"	"LIG_EH_1"	"AGFG2_HUMAN"	"O95081"	"O95081 O75429 Q96AB9 Q96GL4"	"477"	"481"	"9303539"	"glutathione s tranferase tag; pull down"	"true positive"	""	"Homo sapiens"
"ELMI001186"	"LIG"	"LIG_EH_1"	"ALX1_CAEEL"	"P34552"	"P34552 Q7YXC7 Q8I114 Q8I115 Q94159"	"878"	"882"	"17997305"	"glutathione s tranferase tag; mutation analysis; pull down; two hybrid"	"true positive"	""	"Caenorhabditis elegans"
"ELMI001190"	"LIG"	"LIG_EH_1"	"AP18A_YEAST"	"P38856"	"P38856 D3DLB0"	"336"	"340"	"9531549"	"coimmunoprecipitation"	"true positive"	""	"Saccharomyces cerevisiae"
"ELMI001191"	"LIG"	"LIG_EH_1"	"AP18A_YEAST"	"P38856"	"P38856 D3DLB0"	"362"	"366"	"9531549"	"coimmunoprecipitation; glutathione s tranferase tag; pull down"	"true positive"	""	"Saccharomyces cerevisiae"
"ELMI001192"	"LIG"	"LIG_EH_1"	"AP18A_YEAST"	"P38856"	"P38856 D3DLB0"	"456"	"460"	"9531549"	"coimmunoprecipitation; glutathione s tranferase tag; pull down; two hybrid"	"true positive"	""	"Saccharomyces cerevisiae"
"ELMI001193"	"LIG"	"LIG_EH_1"	"AP18A_YEAST"	"P38856"	"P38856 D3DLB0"	"479"	"483"	"9531549"	"coimmunoprecipitation; glutathione s tranferase tag; pull down; two hybrid"	"true positive"	""	"Saccharomyces cerevisiae"
"ELMI001194"	"LIG"	"LIG_EH_1"	"AP18A_YEAST"	"P38856"	"P38856 D3DLB0"	"502"	"506"	"9531549"	"coimmunoprecipitation; glutathione s tranferase tag; pull down; two hybrid"	"true positive"	""	"Saccharomyces cerevisiae"
"ELMI001195"	"LIG"	"LIG_EH_1"	"AP18B_YEAST"	"P53309"	"P53309 D6VV22"	"339"	"343"	"11940605"	"two hybrid"	"true positive"	""	"Saccharomyces cerevisiae"
"ELMI001196"	"LIG"	"LIG_EH_1"	"AP18B_YEAST"	"P53309"	"P53309 D6VV22"	"372"	"376"	"11940605"	"two hybrid"	"true positive"	""	"Saccharomyces cerevisiae"
"ELMI001197"	"LIG"	"LIG_EH_1"	"AP18B_YEAST"	"P53309"	"P53309 D6VV22"	"452"	"456"	"9531549"	"two hybrid"	"true positive"	""	"Saccharomyces cerevisiae"
"ELMI001198"	"LIG"	"LIG_EH_1"	"AP18B_YEAST"	"P53309"	"P53309 D6VV22"	"473"	"477"	"9531549"	"two hybrid"	"true positive"	""	"Saccharomyces cerevisiae"
"ELMI001199"	"LIG"	"LIG_EH_1"	"AP18B_YEAST"	"P53309"	"P53309 D6VV22"	"493"	"497"	"9531549"	"two hybrid"	"true positive"	""	"Saccharomyces cerevisiae"
"ELMI001168"	"LIG"	"LIG_EH_1"	"EHBP1_HUMAN"	"Q8NDI1"	"Q8NDI1 O94977 Q53TG7 Q53TV6 Q580X2 Q6NX72 Q6PIT3 Q6QNV2 Q9NWI9"	"267"	"271"	"14676205"	"glutathione s tranferase tag; pull down"	"true positive"	""	"Homo sapiens"
"ELMI001169"	"LIG"	"LIG_EH_1"	"EHBP1_HUMAN"	"Q8NDI1"	"Q8NDI1 O94977 Q53TG7 Q53TV6 Q580X2 Q6NX72 Q6PIT3 Q6QNV2 Q9NWI9"	"278"	"282"	"14676205"	"glutathione s tranferase tag; pull down"	"true positive"	""	"Homo sapiens"
"ELMI001170"	"LIG"	"LIG_EH_1"	"EHBP1_HUMAN"	"Q8NDI1"	"Q8NDI1 O94977 Q53TG7 Q53TV6 Q580X2 Q6NX72 Q6PIT3 Q6QNV2 Q9NWI9"	"308"	"312"	"14676205"	"glutathione s tranferase tag; pull down"	"true positive"	""	"Homo sapiens"
"ELMI001171"	"LIG"	"LIG_EH_1"	"EHBP1_HUMAN"	"Q8NDI1"	"Q8NDI1 O94977 Q53TG7 Q53TV6 Q580X2 Q6NX72 Q6PIT3 Q6QNV2 Q9NWI9"	"320"	"324"	"14676205"	"glutathione s tranferase tag; pull down"	"true positive"	""	"Homo sapiens"
"ELMI001172"	"LIG"	"LIG_EH_1"	"EHBP1_HUMAN"	"Q8NDI1"	"Q8NDI1 O94977 Q53TG7 Q53TV6 Q580X2 Q6NX72 Q6PIT3 Q6QNV2 Q9NWI9"	"369"	"373"	"14676205"	"glutathione s tranferase tag; pull down"	"true positive"	""	"Homo sapiens"
"ELMI001189"	"LIG"	"LIG_EH_1"	"EHD2_MOUSE"	"Q8BH64"	"Q8BH64 Q8BL28"	"125"	"129"	"17914359"	"isothermal titration calorimetry"	"true positive"	""	"Mus musculus"
"ELMI001200"	"LIG"	"LIG_EH_1"	"ENT1_YEAST"	"Q12518"	"Q12518 D6VRI8"	"305"	"309"	"12529323"	"glutathione s tranferase tag; pull down; two hybrid"	"true positive"	""	"Saccharomyces cerevisiae"
"ELMI001201"	"LIG"	"LIG_EH_1"	"ENT1_YEAST"	"Q12518"	"Q12518 D6VRI8"	"406"	"410"	"12529323"	"glutathione s tranferase tag; mutation analysis; pull down; two hybrid"	"true positive"	""	"Saccharomyces cerevisiae"
"ELMI001202"	"LIG"	"LIG_EH_1"	"ENT2_YEAST"	"Q05785"	"Q05785 D6VYK7"	"346"	"350"	"9531549"	"two hybrid"	"true positive"	""	"Saccharomyces cerevisiae"
"ELMI001203"	"LIG"	"LIG_EH_1"	"ENT2_YEAST"	"Q05785"	"Q05785 D6VYK7"	"490"	"494"	"9531549"	"two hybrid"	"true positive"	""	"Saccharomyces cerevisiae"
"ELMI001142"	"LIG"	"LIG_EH_1"	"EPN1_HUMAN"	"Q9Y6I3"	"Q9Y6I3 Q86ST3 Q9HA18"	"501"	"505"	"10557078"	"competition binding; far western blotting; glutathione s tranferase tag; pull down"	"true positive"	""	"Homo sapiens"
"ELMI001143"	"LIG"	"LIG_EH_1"	"EPN1_HUMAN"	"Q9Y6I3"	"Q9Y6I3 Q86ST3 Q9HA18"	"517"	"521"	"10557078"	"competition binding; far western blotting; glutathione s tranferase tag; pull down"	"true positive"	""	"Homo sapiens"
"ELMI001144"	"LIG"	"LIG_EH_1"	"EPN1_HUMAN"	"Q9Y6I3"	"Q9Y6I3 Q86ST3 Q9HA18"	"571"	"575"	"10557078"	"competition binding; far western blotting; glutathione s tranferase tag; pull down"	"true positive"	""	"Homo sapiens"
"ELMI001139"	"LIG"	"LIG_EH_1"	"EPN1_MOUSE"	"Q80VP1"	"Q80VP1 O70446 Q6NX78"	"500"	"504"	"10064583"	"two hybrid"	"true positive"	""	"Mus musculus"
"ELMI001140"	"LIG"	"LIG_EH_1"	"EPN1_MOUSE"	"Q80VP1"	"Q80VP1 O70446 Q6NX78"	"516"	"520"	"10064583"	"two hybrid"	"true positive"	""	"Mus musculus"
"ELMI001141"	"LIG"	"LIG_EH_1"	"EPN1_MOUSE"	"Q80VP1"	"Q80VP1 O70446 Q6NX78"	"570"	"574"	"10064583"	"two hybrid"	"true positive"	""	"Mus musculus"
"ELMI001136"	"LIG"	"LIG_EH_1"	"EPN1_RAT"	"O88339"	"O88339"	"500"	"504"	"9723620"	"classical fluorescence spectroscopy; coimmunoprecipitation; far western blotting; glutathione s tranferase tag; pull down"	"true positive"	""	"Rattus norvegicus"
"ELMI001137"	"LIG"	"LIG_EH_1"	"EPN1_RAT"	"O88339"	"O88339"	"516"	"520"	"9723620"	"coimmunoprecipitation; far western blotting; glutathione s tranferase tag; pull down"	"true positive"	""	"Rattus norvegicus"
"ELMI001138"	"LIG"	"LIG_EH_1"	"EPN1_RAT"	"O88339"	"O88339"	"570"	"574"	"9723620"	"coimmunoprecipitation; far western blotting; glutathione s tranferase tag; pull down"	"true positive"	""	"Rattus norvegicus"
"ELMI001148"	"LIG"	"LIG_EH_1"	"EPN2_HUMAN"	"O95208"	"O95208 O95207 Q9H7Z2 Q9UPT7"	"536"	"540"	"10567358"	"glutathione s tranferase tag; pull down"	"true positive"	""	"Homo sapiens"
"ELMI001149"	"LIG"	"LIG_EH_1"	"EPN2_HUMAN"	"O95208"	"O95208 O95207 Q9H7Z2 Q9UPT7"	"551"	"555"	"10567358"	"glutathione s tranferase tag; pull down"	"true positive"	""	"Homo sapiens"
"ELMI001150"	"LIG"	"LIG_EH_1"	"EPN2_HUMAN"	"O95208"	"O95208 O95207 Q9H7Z2 Q9UPT7"	"636"	"640"	"10567358"	"glutathione s tranferase tag; pull down"	"true positive"	""	"Homo sapiens"
"ELMI001145"	"LIG"	"LIG_EH_1"	"EPN2_MOUSE"	"Q8CHU3"	"Q8CHU3 O70447 Q5NCM4 Q8BZ85"	"493"	"497"	"10336464 10064583"	"glutathione s tranferase tag; pull down; two hybrid"	"true positive"	""	"Mus musculus"
"ELMI001146"	"LIG"	"LIG_EH_1"	"EPN2_MOUSE"	"Q8CHU3"	"Q8CHU3 O70447 Q5NCM4 Q8BZ85"	"507"	"511"	"10336464 10064583"	"glutathione s tranferase tag; pull down; two hybrid"	"true positive"	""	"Mus musculus"
"ELMI001147"	"LIG"	"LIG_EH_1"	"EPN2_MOUSE"	"Q8CHU3"	"Q8CHU3 O70447 Q5NCM4 Q8BZ85"	"590"	"594"	"10336464 10064583"	"glutathione s tranferase tag; pull down; two hybrid"	"true positive"	""	"Mus musculus"
"ELMI001204"	"LIG"	"LIG_EH_1"	"INP51_YEAST"	"P40559"	"P40559 D6VVS9"	"931"	"935"	"15265867"	"coimmunoprecipitation"	"true positive"	""	"Saccharomyces cerevisiae"
"ELMI001134"	"LIG"	"LIG_EH_1"	"NUMB_DROME"	"P16554"	"P16554 B8A413 B8A419 Q8IPE9 Q961A6 Q9VLB8"	"538"	"542"	"15155807"	"glutathione s tranferase tag; pull down"	"true positive"	""	"Drosophila melanogaster"
"ELMI001132"	"LIG"	"LIG_EH_1"	"NUMB_HUMAN"	"P49757"	"P49757 B4E2B1 Q6NUQ7 Q86SY1 Q8WW73 Q9UBG1 Q9UEQ4 Q9UKE8 Q9UKE9 Q9UKF0 Q9UQJ4"	"636"	"640"	"9303539"	"coimmunoprecipitation; display technology; glutathione s tranferase tag; mutation analysis; pull down"	"true positive"	""	"Homo sapiens"
"ELMI001135"	"LIG"	"LIG_EH_1"	"NUMBL_HUMAN"	"Q9Y6R0"	"Q9Y6R0 Q7Z4J9"	"594"	"598"	"9303539"	"glutathione s tranferase tag; pull down"	"true positive"	""	"Homo sapiens"
"ELMI001163"	"LIG"	"LIG_EH_1"	"PACN1_RAT"	"Q9Z0W5"	"Q9Z0W5"	"363"	"367"	"15930129"	"classical fluorescence spectroscopy; coimmunoprecipitation; glutathione s tranferase tag; mutation analysis; pull down; two hybrid"	"true positive"	""	"Rattus norvegicus"
"ELMI001164"	"LIG"	"LIG_EH_1"	"PACN1_RAT"	"Q9Z0W5"	"Q9Z0W5"	"375"	"379"	"15930129"	"classical fluorescence spectroscopy; coimmunoprecipitation; far western blotting; glutathione s tranferase tag; mutation analysis; pull down; two hybrid"	"true positive"	""	"Rattus norvegicus"
"ELMI001165"	"LIG"	"LIG_EH_1"	"PACN2_RAT"	"Q9QY17"	"Q9QY17 Q9QY18 Q9QY19 Q9QY20"	"363"	"367"	"15930129"	"coimmunoprecipitation; far western blotting; glutathione s tranferase tag; mutation analysis; pull down"	"true positive"	""	"Rattus norvegicus"
"ELMI001166"	"LIG"	"LIG_EH_1"	"PACN2_RAT"	"Q9QY17"	"Q9QY17 Q9QY18 Q9QY19 Q9QY20"	"406"	"410"	"15930129"	"coimmunoprecipitation; far western blotting; glutathione s tranferase tag; mutation analysis; pull down"	"true positive"	""	"Rattus norvegicus"
"ELMI001167"	"LIG"	"LIG_EH_1"	"PACN2_RAT"	"Q9QY17"	"Q9QY17 Q9QY18 Q9QY19 Q9QY20"	"418"	"422"	"15930129"	"coimmunoprecipitation; far western blotting; glutathione s tranferase tag; mutation analysis; pull down"	"true positive"	""	"Rattus norvegicus"
"ELMI001184"	"LIG"	"LIG_EH_1"	"PICAL_HUMAN"	"Q13492"	"Q13492 O60700 Q6GMQ6 Q86XZ9"	"436"	"440"	"12807910"	"surface plasmon resonance"	"true positive"	""	"Homo sapiens"
"ELMI001185"	"LIG"	"LIG_EH_1"	"PICAL_HUMAN"	"Q13492"	"Q13492 O60700 Q6GMQ6 Q86XZ9"	"638"	"642"	"12807910"	"surface plasmon resonance"	"true positive"	""	"Homo sapiens"
"ELMI001182"	"LIG"	"LIG_EH_1"	"PICA_RAT"	"O55012"	"O55012 O55011"	"429"	"433"	"15182197"	"classical fluorescence spectroscopy; glutathione s tranferase tag; pull down"	"true positive"	""	"Rattus norvegicus"
"ELMI001183"	"LIG"	"LIG_EH_1"	"PICA_RAT"	"O55012"	"O55012 O55011"	"626"	"630"	"15182197"	"classical fluorescence spectroscopy; glutathione s tranferase tag; pull down"	"true positive"	""	"Rattus norvegicus"
"ELMI001179"	"LIG"	"LIG_EH_1"	"Q3I768_HUMAN"	"Q3I768"	"Q3I768"	"322"	"326"	"16251358 12364336"	"classical fluorescence spectroscopy; coimmunoprecipitation; nuclear magnetic resonance; two hybrid"	"true positive"	""	"Homo sapiens"
"ELMI001180"	"LIG"	"LIG_EH_1"	"Q3I768_HUMAN"	"Q3I768"	"Q3I768"	"405"	"409"	"16251358 12364336 11389591"	"classical fluorescence spectroscopy; coimmunoprecipitation; glutathione s tranferase tag; nuclear magnetic resonance; pull down; two hybrid"	"true positive"	""	"Homo sapiens"
"ELMI001181"	"LIG"	"LIG_EH_1"	"Q3I768_HUMAN"	"Q3I768"	"Q3I768"	"459"	"463"	"12364336"	"nuclear magnetic resonance"	"true positive"	""	"Homo sapiens"
"ELMI001133"	"LIG"	"LIG_EH_1"	"Q3MUI1_RAT"	"Q3MUI1"	"Q3MUI1"	"577"	"581"	"15155807"	"coimmunoprecipitation; glutathione s tranferase tag; pull down"	"true positive"	""	"Rattus norvegicus"
"ELMI001173"	"LIG"	"LIG_EH_1"	"RBNS5_HUMAN"	"Q9H1K0"	"Q9H1K0 Q3KP30 Q59EY8 Q8NAQ1"	"625"	"629"	"15020713"	"classical fluorescence spectroscopy; glutathione s tranferase tag; pull down; two hybrid"	"true positive"	""	"Homo sapiens"
"ELMI001174"	"LIG"	"LIG_EH_1"	"RBNS5_HUMAN"	"Q9H1K0"	"Q9H1K0 Q3KP30 Q59EY8 Q8NAQ1"	"661"	"665"	"15020713"	"classical fluorescence spectroscopy; glutathione s tranferase tag; pull down; two hybrid"	"true positive"	""	"Homo sapiens"
"ELMI001175"	"LIG"	"LIG_EH_1"	"RBNS5_HUMAN"	"Q9H1K0"	"Q9H1K0 Q3KP30 Q59EY8 Q8NAQ1"	"676"	"680"	"15020713"	"two hybrid"	"true positive"	""	"Homo sapiens"
"ELMI001176"	"LIG"	"LIG_EH_1"	"RBNS5_HUMAN"	"Q9H1K0"	"Q9H1K0 Q3KP30 Q59EY8 Q8NAQ1"	"687"	"691"	"15020713"	"two hybrid"	"true positive"	""	"Homo sapiens"
"ELMI001177"	"LIG"	"LIG_EH_1"	"RBNS5_HUMAN"	"Q9H1K0"	"Q9H1K0 Q3KP30 Q59EY8 Q8NAQ1"	"708"	"712"	"15020713"	"two hybrid"	"true positive"	""	"Homo sapiens"
"ELMI001178"	"LIG"	"LIG_EH_1"	"RBNS5_HUMAN"	"Q9H1K0"	"Q9H1K0 Q3KP30 Q59EY8 Q8NAQ1"	"717"	"721"	"15020713"	"two hybrid"	"true positive"	""	"Homo sapiens"
"ELMI001160"	"LIG"	"LIG_EH_1"	"SCAM1_RAT"	"P56603"	"P56603"	"6"	"10"	"10777571"	"glutathione s tranferase tag; pull down; two hybrid"	"true positive"	""	"Rattus norvegicus"
"ELMI001161"	"LIG"	"LIG_EH_1"	"SCAM1_RAT"	"P56603"	"P56603"	"15"	"19"	"10777571"	"glutathione s tranferase tag; pull down; two hybrid"	"true positive"	""	"Rattus norvegicus"
"ELMI001162"	"LIG"	"LIG_EH_1"	"SCAM1_RAT"	"P56603"	"P56603"	"37"	"41"	"10777571"	"glutathione s tranferase tag; pull down; two hybrid"	"true positive"	""	"Rattus norvegicus"
"ELMI001187"	"LIG"	"LIG_EH_1"	"SNP29_RAT"	"Q9Z2P6"	"Q9Z2P6"	"8"	"12"	"15371016"	"coimmunoprecipitation; glutathione s tranferase tag; his tag; pull down"	"true positive"	""	"Rattus norvegicus"
"ELMI001153"	"LIG"	"LIG_EH_1"	"STNB_DROME"	"Q24212"	"Q24212 Q7PLF4 Q9W5J3"	"2"	"6"	"15631619"	"far western blotting; glutathione s tranferase tag; pull down"	"true positive"	""	"Drosophila melanogaster"
"ELMI001154"	"LIG"	"LIG_EH_1"	"STNB_DROME"	"Q24212"	"Q24212 Q7PLF4 Q9W5J3"	"18"	"22"	"15631619"	"far western blotting; glutathione s tranferase tag; pull down"	"true positive"	""	"Drosophila melanogaster"
"ELMI001155"	"LIG"	"LIG_EH_1"	"STNB_DROME"	"Q24212"	"Q24212 Q7PLF4 Q9W5J3"	"32"	"36"	"15631619"	"far western blotting; glutathione s tranferase tag; pull down"	"true positive"	""	"Drosophila melanogaster"
"ELMI001156"	"LIG"	"LIG_EH_1"	"STNB_DROME"	"Q24212"	"Q24212 Q7PLF4 Q9W5J3"	"42"	"46"	"15631619"	"far western blotting; glutathione s tranferase tag; pull down"	"true positive"	""	"Drosophila melanogaster"
"ELMI001157"	"LIG"	"LIG_EH_1"	"STNB_DROME"	"Q24212"	"Q24212 Q7PLF4 Q9W5J3"	"209"	"213"	"15631619"	"far western blotting; glutathione s tranferase tag; pull down"	"true positive"	""	"Drosophila melanogaster"
"ELMI001158"	"LIG"	"LIG_EH_1"	"STNB_DROME"	"Q24212"	"Q24212 Q7PLF4 Q9W5J3"	"492"	"496"	"15631619"	"far western blotting; glutathione s tranferase tag; pull down"	"true positive"	""	"Drosophila melanogaster"
"ELMI001159"	"LIG"	"LIG_EH_1"	"STNB_DROME"	"Q24212"	"Q24212 Q7PLF4 Q9W5J3"	"672"	"676"	"15631619"	"far western blotting; glutathione s tranferase tag; pull down"	"true positive"	""	"Drosophila melanogaster"
"ELMI001151"	"LIG"	"LIG_EH_1"	"STON2_HUMAN"	"Q8WXE9"	"Q8WXE9 Q17R24 Q6NT47 Q96RI7 Q96RU6"	"312"	"316"	"18200045 11381094 14726597"	"coimmunoprecipitation; glutathione s tranferase tag; isothermal titration calorimetry; mutation analysis; nuclear magnetic resonance; pull down; two hybrid"	"true positive"	"2JXC"	"Homo sapiens"
"ELMI001152"	"LIG"	"LIG_EH_1"	"STON2_HUMAN"	"Q8WXE9"	"Q8WXE9 Q17R24 Q6NT47 Q96RI7 Q96RU6"	"328"	"332"	"18200045 11381094 14726597"	"coimmunoprecipitation; glutathione s tranferase tag; isothermal titration calorimetry; mutation analysis; nuclear magnetic resonance; pull down; two hybrid"	"true positive"	"2JXC"	"Homo sapiens"
"ELMI002578"	"LIG"	"LIG_EH_1"	"SYNJ1_HUMAN"	"O43426"	"O43426 O43425 O94984 Q4KMR1"	"1393"	"1397"	"10801423"	"glutathione s tranferase tag; mutation analysis; pull down"	"true positive"	""	"Homo sapiens"
"ELMI002579"	"LIG"	"LIG_EH_1"	"SYNJ1_HUMAN"	"O43426"	"O43426 O43425 O94984 Q4KMR1"	"1403"	"1407"	"10801423"	"glutathione s tranferase tag; mutation analysis; pull down"	"true positive"	""	"Homo sapiens"
"ELMI002580"	"LIG"	"LIG_EH_1"	"SYNJ1_HUMAN"	"O43426"	"O43426 O43425 O94984 Q4KMR1"	"1414"	"1418"	"10801423"	"glutathione s tranferase tag; mutation analysis; pull down"	"true positive"	""	"Homo sapiens"
"ELMI001129"	"LIG"	"LIG_EH_1"	"SYNJ1_RAT"	"Q62910"	"Q62910 O89092 Q62911 Q810Z8"	"1400"	"1404"	"9535728 9428629"	"competition binding; far western blotting; glutathione s tranferase tag; pull down"	"true positive"	""	"Rattus norvegicus"
"ELMI001130"	"LIG"	"LIG_EH_1"	"SYNJ1_RAT"	"Q62910"	"Q62910 O89092 Q62911 Q810Z8"	"1409"	"1413"	"9535728 9428629"	"competition binding; far western blotting; glutathione s tranferase tag; pull down"	"true positive"	""	"Rattus norvegicus"
"ELMI001131"	"LIG"	"LIG_EH_1"	"SYNJ1_RAT"	"Q62910"	"Q62910 O89092 Q62911 Q810Z8"	"1420"	"1424"	"9535728 9428629 10757979"	"competition binding; far western blotting; glutathione s tranferase tag; nuclear magnetic resonance; pull down"	"true positive"	""	"Rattus norvegicus"
"ELMI001188"	"LIG"	"LIG_EH_1"	"TF65_HUMAN"	"Q04206"	"Q04206 Q6GTV1 Q6SLK1"	"138"	"142"	"15184881"	"two hybrid"	"true positive"	""	"Homo sapiens"
"ELMI000934"	"LIG"	"LIG_EH1_1"	"BOWEL_DROME"	"Q9VQU9"	"Q9VQU9 Q24219"	"735"	"743"	"16314497"	"mutation analysis; two hybrid"	"true positive"	""	"Drosophila melanogaster"
"ELMI000937"	"LIG"	"LIG_EH1_1"	"BRAC_HUMAN"	"O15178"	"O15178"	"14"	"22"	"16309560"	"sequence based prediction"	"true positive"	""	"Homo sapiens"
"ELMI000938"	"LIG"	"LIG_EH1_1"	"DMRT2_HUMAN"	"Q9Y5R5"	"Q9Y5R5 B1ANC0 B9EGJ1 Q9NPG6"	"542"	"550"	"16309560"	"sequence based prediction"	"true positive"	""	"Homo sapiens"
"ELMI000939"	"LIG"	"LIG_EH1_1"	"FOXA1_HUMAN"	"P55317"	"P55317 B2R9H6 Q9H2A0"	"399"	"407"	"16309560 10748198"	"glutathione s tranferase tag; pull down; sequence based prediction"	"true positive"	""	"Homo sapiens"
"ELMI000932"	"LIG"	"LIG_EH1_1"	"GSC_DROME"	"P54366"	"P54366 Q9VPR9"	"109"	"117"	"10022895"	"glutathione s tranferase tag; mutation analysis; pull down"	"true positive"	""	"Drosophila melanogaster"
"ELMI000977"	"LIG"	"LIG_EH1_1"	"GSC_HUMAN"	"P56915"	"P56915 Q86YR1"	"5"	"13"	"16762837"	"x-ray crystallography"	"true positive"	"2CE8"	"Homo sapiens"
"ELMI000935"	"LIG"	"LIG_EH1_1"	"HLES_DROME"	"Q02308"	"Q02308 A4V358 A4V359 Q6AWM8 Q960W5 Q9VDK0 Q9VDK1"	"662"	"670"	"16287856 12154126"	"glutathione s tranferase tag; mutation analysis; pull down; two hybrid"	"true positive"	""	"Drosophila melanogaster"
"ELMI000931"	"LIG"	"LIG_EH1_1"	"HMEN_DROME"	"P02836"	"P02836 P02837 Q0E9C0 Q24356 Q9V601"	"174"	"182"	"9367988 8898227"	"glutathione s tranferase tag; mutation analysis; pull down"	"true positive"	""	"Drosophila melanogaster"
"ELMI000933"	"LIG"	"LIG_EH1_1"	"ODD_DROME"	"P23803"	"P23803 Q9VQS9"	"383"	"391"	"16314497"	"glutathione s tranferase tag; mutation analysis; pull down; two hybrid"	"true positive"	""	"Drosophila melanogaster"
"ELMI000940"	"LIG"	"LIG_EH1_1"	"PAX5_HUMAN"	"Q02548"	"Q02548 A3QVP6 A3QVP7 A3QVP8 O75933"	"178"	"186"	"10811620"	"glutathione s tranferase tag; mutation analysis; pull down"	"true positive"	""	"Homo sapiens"
"ELMI000936"	"LIG"	"LIG_EH1_1"	"TBX22_HUMAN"	"Q9Y458"	"Q9Y458 Q96LC0 Q9HBF1"	"9"	"17"	"16309560"	"sequence based prediction"	"true positive"	""	"Homo sapiens"
"ELMI002096"	"LIG"	"LIG_eIF4E_1"	"4EBP1_HUMAN"	"Q13541"	"Q13541 B2R502 D3DSW8 Q6IBN3"	"54"	"60"	"10394359 10406811"	"colocalization; two hybrid"	"true positive"	""	"Homo sapiens"
"ELMI002097"	"LIG"	"LIG_eIF4E_1"	"4EBP2_HUMAN"	"Q13542"	"Q13542"	"54"	"60"	"10406811"	"two hybrid"	"true positive"	""	"Homo sapiens"
"ELMI002099"	"LIG"	"LIG_eIF4E_1"	"4EBP3_HUMAN"	"O60516"	"O60516"	"40"	"46"	"10394359"	"display technology"	"true positive"	""	"Homo sapiens"
"ELMI002095"	"LIG"	"LIG_eIF4E_1"	"CAF20_YEAST"	"P12962"	"P12962 D6W2X6"	"4"	"10"	"9118949"	"two hybrid"	"true positive"	""	"Saccharomyces cerevisiae S288c"
"ELMI002101"	"LIG"	"LIG_eIF4E_1"	"CUP_DROME"	"Q9VMA3"	"Q9VMA3 O02432"	"327"	"333"	"14685270"	"two hybrid"	"true positive"	""	"Drosophila melanogaster"
"ELMI002100"	"LIG"	"LIG_eIF4E_1"	"GEMI5_HUMAN"	"Q8TEQ6"	"Q8TEQ6 Q14CV0 Q8WWV4 Q969W4 Q9H9K3 Q9UFI5"	"992"	"998"	"16739988"	"two hybrid"	"true positive"	""	"Homo sapiens"
"ELMI002098"	"LIG"	"LIG_eIF4E_1"	"IF41_WHEAT"	"Q03387"	"Q03387"	"66"	"72"	"9118949"	"display technology"	"true positive"	""	"Triticum aestivum"
"ELMI002092"	"LIG"	"LIG_eIF4E_1"	"IF4F1_YEAST"	"P39935"	"P39935 D6VUU6"	"452"	"458"	"9118949"	"display technology"	"true positive"	""	"Saccharomyces cerevisiae S288c"
"ELMI002093"	"LIG"	"LIG_eIF4E_1"	"IF4F2_YEAST"	"P39936"	"P39936 D6VU91"	"423"	"429"	"9118949"	"display technology"	"true positive"	""	"Saccharomyces cerevisiae S288c"
"ELMI002090"	"LIG"	"LIG_eIF4E_1"	"IF4G1_HUMAN"	"Q04637"	"Q04637 D3DNT4 D3DNT5 O43177 O95066 Q5HYG0 Q6ZN21 Q8N102"	"612"	"618"	"7651417 14675538"	"colocalization; two hybrid"	"true positive"	""	"Homo sapiens"
"ELMI002091"	"LIG"	"LIG_eIF4E_1"	"IF4G3_HUMAN"	"O43432"	"O43432 Q15597 Q5SWC3 Q8NEN1"	"624"	"630"	"10394359"	"colocalization"	"true positive"	""	"Homo sapiens"
"ELMI002102"	"LIG"	"LIG_eIF4E_1"	"IF4G_SCHPO"	"Q10475"	"Q10475 P78832"	"830"	"836"	"9326485"	"pull down"	"true positive"	""	"Schizosaccharomyces pombe 972h-"
"ELMI002094"	"LIG"	"LIG_eIF4E_1"	"O61380_DROME"	"O61380"	"O61380 Q7KQ11"	"621"	"627"	"10872469"	"pull down"	"true positive"	""	"Drosophila melanogaster"
"ELMI002103"	"LIG"	"LIG_eIF4E_2"	"DDX3X_HUMAN"	"O00571"	"O00571 A8K538 B4E3E8 O15536"	"38"	"44"	"17667941"	"two hybrid"	"true positive"	""	"Homo sapiens"
"ELMI002284"	"LIG"	"LIG_eIF4E_2"	"DDX3Y_HUMAN"	"O15523"	"O15523 Q8IYV7"	"38"	"44"	""	"inferred by author"	"true positive"	""	"Homo sapiens"
"ELMI002283"	"LIG"	"LIG_eIF4E_2"	"EIF2A_HUMAN"	"Q9BY44"	"Q9BY44 A8MPS6 D3DNI9 Q5QTR2 Q7Z4E9 Q8NFM1 Q96EW9 Q96K81"	"446"	"452"	""	"inferred by author"	"true positive"	""	"Homo sapiens"
"ELMI002286"	"LIG"	"LIG_eIF4E_2"	"EIF3G_HUMAN"	"O75821"	"O75821 O14801 Q969U5"	"213"	"219"	""	"inferred by author"	"true positive"	""	"Homo sapiens"
"ELMI002285"	"LIG"	"LIG_eIF4E_2"	"NOM1_HUMAN"	"Q5C9Z4"	"Q5C9Z4 Q96I08"	"338"	"344"	""	"inferred by author"	"true positive"	""	"Homo sapiens"
"ELMI001677"	"LIG"	"LIG_EVH1_1"	"ACTA_LISMO"	"P33379"	"P33379"	"265"	"269"	"10990454 10338211 9312002"	"classical fluorescence spectroscopy; mutation analysis; nuclear magnetic resonance; x-ray crystallography"	"true positive"	"1EVH"	"Listeria monocytogenes"
"ELMI001678"	"LIG"	"LIG_EVH1_1"	"ACTA_LISMO"	"P33379"	"P33379"	"300"	"304"	"8861907 10990454 9312002"	"mutation analysis; nuclear magnetic resonance; x-ray crystallography"	"true positive"	"1QC6"	"Listeria monocytogenes"
"ELMI001679"	"LIG"	"LIG_EVH1_1"	"ACTA_LISMO"	"P33379"	"P33379"	"335"	"339"	"10990454 9312002"	"mutation analysis; nuclear magnetic resonance; x-ray crystallography"	"true positive"	"1EVH"	"Listeria monocytogenes"
"ELMI001680"	"LIG"	"LIG_EVH1_1"	"ACTA_LISMO"	"P33379"	"P33379"	"380"	"384"	"10990454 9312002"	"mutation analysis; nuclear magnetic resonance"	"true positive"	""	"Listeria monocytogenes"
"ELMI001681"	"LIG"	"LIG_EVH1_1"	"ANK3_HUMAN"	"Q12955"	"Q12955 Q5VXD5"	"3254"	"3258"	"9312002"	"peptide binding to perpetrator"	"true positive"	""	"Homo sapiens"
"ELMI001684"	"LIG"	"LIG_EVH1_1"	"FYB_HUMAN"	"O15117"	"O15117 O00359"	"616"	"620"	"10747096"	"coimmunoprecipitation; far western blotting"	"true positive"	""	"Homo sapiens"
"ELMI001695"	"LIG"	"LIG_EVH1_1"	"IRAK1_HUMAN"	"P51617"	"P51617 D3DWW4 Q7Z5V4 Q96RL2"	"168"	"172"	"20044140"	"coimmunoprecipitation; western blot"	"true positive"	""	"Homo sapiens"
"ELMI001699"	"LIG"	"LIG_EVH1_1"	"ROBO1_HUMAN"	"Q9Y6N7"	"Q9Y6N7 D3DU36 Q7Z300 Q9BUS7"	"1186"	"1190"	"10338211 10892742"	"western blot"	"true positive"	""	"Homo sapiens"
"ELMI001682"	"LIG"	"LIG_EVH1_1"	"VINC_CHICK"	"P12003"	"P12003 Q91024"	"842"	"846"	"8980130"	"far western blotting"	"true positive"	""	"Gallus gallus"
"ELMI001693"	"LIG"	"LIG_EVH1_1"	"VINC_HUMAN"	"P18206"	"P18206 Q16450 Q5SWX2 Q7Z3B8 Q8IXU7"	"842"	"846"	"10338211 9312002 11911879"	"classical fluorescence spectroscopy; far western blotting"	"true positive"	""	"Homo sapiens"
"ELMI002581"	"LIG"	"LIG_EVH1_1"	"XIRP1_HUMAN"	"Q702N8"	"Q702N8 A0JP25 A4QPE2 Q68DF2 Q6ZTR3 Q702N9 Q8IVN7 Q8N1N3 Q8N904 Q8TCG7"	"22"	"26"	"16631741"	"colocalization; far western blotting; mutation analysis; peptide array; two hybrid"	"true positive"	""	"Homo sapiens"
"ELMI001685"	"LIG"	"LIG_EVH1_1"	"ZYX_CHICK"	"Q04584"	"Q04584"	"102"	"106"	"9693373"	"glutathione s tranferase tag; pull down; western blot"	"true positive"	""	"Gallus gallus"
"ELMI001686"	"LIG"	"LIG_EVH1_1"	"ZYX_CHICK"	"Q04584"	"Q04584"	"113"	"117"	"9693373"	"glutathione s tranferase tag; pull down; western blot"	"true positive"	""	"Gallus gallus"
"ELMI001687"	"LIG"	"LIG_EVH1_1"	"ZYX_CHICK"	"Q04584"	"Q04584"	"121"	"125"	"9693373"	"glutathione s tranferase tag; pull down; western blot"	"true positive"	""	"Gallus gallus"
"ELMI001690"	"LIG"	"LIG_EVH1_1"	"ZYX_HUMAN"	"Q15942"	"Q15942 A4D2G6 Q6I9S4"	"71"	"75"	"10801818 10338211"	"classical fluorescence spectroscopy; mutation analysis"	"true positive"	""	"Homo sapiens"
"ELMI002309"	"LIG"	"LIG_EVH1_1"	"ZYX_HUMAN"	"Q15942"	"Q15942 A4D2G6 Q6I9S4"	"73"	"77"	"10801818 10338211"	"classical fluorescence spectroscopy; mutation analysis"	"true positive"	""	"Homo sapiens"
"ELMI001691"	"LIG"	"LIG_EVH1_1"	"ZYX_HUMAN"	"Q15942"	"Q15942 A4D2G6 Q6I9S4"	"93"	"97"	"10801818"	"mutation analysis"	"true positive"	""	"Homo sapiens"
"ELMI001688"	"LIG"	"LIG_EVH1_1"	"ZYX_HUMAN"	"Q15942"	"Q15942 A4D2G6 Q6I9S4"	"104"	"108"	"10801818"	"mutation analysis"	"true positive"	""	"Homo sapiens"
"ELMI001689"	"LIG"	"LIG_EVH1_1"	"ZYX_HUMAN"	"Q15942"	"Q15942 A4D2G6 Q6I9S4"	"114"	"118"	"10801818"	"mutation analysis"	"true positive"	""	"Homo sapiens"
"ELMI001683"	"LIG"	"LIG_EVH1_2"	"DYN3_RAT"	"Q08877"	"Q08877 Q9QXL9"	"809"	"813"	"9808459"	"western blot"	"true positive"	""	"Rattus norvegicus"
"ELMI001697"	"LIG"	"LIG_EVH1_2"	"GRM1_HUMAN"	"Q13255"	"Q13255 B9EG79 Q13256 Q14757 Q14758 Q5VTF7 Q5VTF8 Q9NU10 Q9UGS9 Q9UGT0"	"1147"	"1151"	"10798399"	"x-ray crystallography"	"true positive"	""	"Homo sapiens"
"ELMI001696"	"LIG"	"LIG_EVH1_2"	"GRM1_RAT"	"P23385"	"P23385"	"1152"	"1156"	"9808459 10798399"	"glutathione s tranferase tag; mutation analysis; pull down; western blot; x-ray crystallography"	"true positive"	""	"Rattus norvegicus"
"ELMI001698"	"LIG"	"LIG_EVH1_2"	"GRM5_RAT"	"P31424"	"P31424"	"1156"	"1160"	"9808459 11491285"	"glutathione s tranferase tag; mutation analysis; pull down; western blot; x-ray crystallography"	"true positive"	"1DDV"	"Rattus norvegicus"
"ELMI001694"	"LIG"	"LIG_EVH1_2"	"ITPR1_HUMAN"	"Q14643"	"Q14643 Q14660 Q99897"	"49"	"53"	"9808459"	"western blot"	"true positive"	""	"Homo sapiens"
"ELMI001700"	"LIG"	"LIG_EVH1_2"	"RYR1_HUMAN"	"P21817"	"P21817 Q16314 Q16368 Q9NPK1 Q9P1U4"	"1773"	"1777"	"12223488"	"coimmunoprecipitation; glutathione s tranferase tag; pull down; western blot"	"true positive"	""	"Homo sapiens"
"ELMI001702"	"LIG"	"LIG_EVH1_2"	"SHAN3_RAT"	"Q9JLU4"	"Q9JLU4 Q9WUY7 Q9WV47"	"908"	"912"	"10433269"	"green fluorescent protein tag; two hybrid"	"true positive"	""	"Rattus norvegicus"
"ELMI001701"	"LIG"	"LIG_EVH1_2"	"SHAN3_RAT"	"Q9JLU4"	"Q9JLU4 Q9WUY7 Q9WV47"	"1385"	"1389"	"10433269"	"glutathione s tranferase tag; mutation analysis; pull down; western blot"	"true positive"	""	"Rattus norvegicus"
"ELMI001705"	"LIG"	"LIG_EVH1_3"	"WIPF1_HUMAN"	"O43516"	"O43516 B8ZZM1 D3DPE4 Q15220 Q53TA9 Q6MZU9 Q9BU37 Q9UNP1"	"454"	"466"	"12437929 17229736 12372256"	"alanine scanning; green fluorescent protein tag; mutation analysis; nuclear magnetic resonance; pull down; structure based prediction; western blot"	"true positive"	"1MKE"	"Homo sapiens"
"ELMI001706"	"LIG"	"LIG_EVH1_3"	"WIPF2_HUMAN"	"Q8TF74"	"Q8TF74 A8K0L3 Q658J8 Q71RE1 Q8TE44"	"400"	"412"	"12213210 15265696"	"alanine scanning; coimmunoprecipitation; glutathione s tranferase tag; mutation analysis; pull down; western blot"	"true positive"	""	"Homo sapiens"
"ELMI001707"	"LIG"	"LIG_EVH1_3"	"WIPF3_RAT"	"Q9Z0G8"	"Q9Z0G8 Q62775"	"425"	"437"	"11553796"	"classical fluorescence spectroscopy; detection by mass spectrometry; glutathione s tranferase tag; pull down"	"true positive"	""	"Rattus norvegicus"
"ELMI001519"	"LIG"	"LIG_FAT_LD_1"	"PAXI_CHICK"	"P49024"	"P49024"	"145"	"153"	"11909967"	"nuclear magnetic resonance"	"true positive"	"1KTM"	"Gallus gallus"
"ELMI002433"	"LIG"	"LIG_FAT_LD_1"	"PAXI_HUMAN"	"P49023"	"P49023 B2RAI3 B7ZMB4 O14970 O14971 O60360 Q5HYA4"	"4"	"12"	"11134073 11304546 20489202 10330411"	"anti tag coimmunoprecipitation; coimmunoprecipitation; colocalization; competition binding; glutathione s tranferase tag; his tag; mutation analysis; pull down"	"true positive"	""	"Homo sapiens"
"ELMI001518"	"LIG"	"LIG_FAT_LD_1"	"PAXI_HUMAN"	"P49023"	"P49023 B2RAI3 B7ZMB4 O14970 O14971 O60360 Q5HYA4"	"266"	"274"	"14527389 19358827"	"x-ray crystallography"	"true positive"	"1OW6 3GM1"	"Homo sapiens"
"ELMI001520"	"LIG"	"LIG_FAT_LD_1"	"TGFI1_HUMAN"	"O43294"	"O43294 B2R8D5 Q9BPW3 Q9Y2V5"	"158"	"166"	"11463817"	"coimmunoprecipitation; mutation analysis"	"true positive"	""	"Homo sapiens"
"ELMI004678"	"LIG"	"LIG_FERM_MyoX_1"	"DCC_HUMAN"	"P43146"	"P43146"	"1425"	"1443"	"21642953"	"coimmunoprecipitation; mutation analysis; pull down; x-ray crystallography"	"true positive"	"3AU4"	"Homo sapiens"
"ELMI004676"	"LIG"	"LIG_FERM_MyoX_1"	"DCC_MOUSE"	"P70211"	"P70211 G3X9X6"	"1425"	"1443"	"21321230 21642953"	"coimmunoprecipitation; mutation analysis; pull down; x-ray crystallography"	"true positive"	"3PZD"	"Mus musculus"
"ELMI004677"	"LIG"	"LIG_FERM_MyoX_1"	"NEO1_HUMAN"	"Q92859"	"Q92859 B7ZKM9 B7ZKN0 O00340 Q17RX1"	"1441"	"1459"	"21642953"	"sequence based prediction"	"true positive"	""	"Homo sapiens"
"ELMI004675"	"LIG"	"LIG_FERM_MyoX_1"	"Q94538_DROME"	"Q94538"	"Q94538"	"1502"	"1520"	"21642953"	"sequence based prediction"	"true positive"	""	"Drosophila melanogaster"
"ELMI000980"	"LIG"	"LIG_FHA_1"	"CHK2_HUMAN"	"O96017"	"O96017 A8K3Y9 B7ZBF3 B7ZBF4 B7ZBF5 Q6QA03 Q6QA04 Q6QA05 Q6QA06 Q6QA07 Q6QA08 Q6QA10 Q6QA11 Q6QA12 Q6QA13 Q9HCQ8 Q9UGF0 Q9UGF1"	"66"	"72"	"12049740"	"surface plasmon resonance"	"true positive"	""	"Homo sapiens"
"ELMI000981"	"LIG"	"LIG_FHA_1"	"CLV1_ARATH"	"Q9SYQ8"	"Q9SYQ8 O04380 Q56Y00 Q9LQT2"	"866"	"872"	"16042389"	"isothermal titration calorimetry"	"true positive"	""	"Arabidopsis thaliana"
"ELMI002116"	"LIG"	"LIG_FHA_1"	"GARA_MYCTU"	"P9WJA9"	"P9WJA9 I3V6A5 P64897 Q50606"	"19"	"25"	"19318624"	"isothermal titration calorimetry; nuclear magnetic resonance"	"true positive"	"2KFU"	"Mycobacterium tuberculosis H37Rv"
"ELMI003762"	"LIG"	"LIG_FHA_1"	"ODHI_CORGL"	"Q8NQJ3"	"Q8NQJ3 Q6M5D9"	"12"	"18"	"16522631"	"by homology; detection by mass spectrometry; isotope label; molecular weight estimation by coomasie staining; mutation analysis; phenotype-based detection assay; protein kinase assay"	"true positive"	""	"Corynebacterium glutamicum ATCC 13032"
"ELMI000978"	"LIG"	"LIG_FHA_1"	"PIN4_YEAST"	"P34217"	"P34217 D6VPU8"	"303"	"309"	"15024067 16231900"	"anti tag coimmunoprecipitation; coimmunoprecipitation; mutation analysis; nuclear magnetic resonance; two hybrid"	"true positive"	"2A0T"	"Saccharomyces cerevisiae"
"ELMI000979"	"LIG"	"LIG_FHA_1"	"RAD9_YEAST"	"P14737"	"P14737 D6VSK0 Q04920"	"601"	"607"	"11846568"	"nuclear magnetic resonance; surface plasmon resonance"	"true positive"	"1K2N"	"Saccharomyces cerevisiae"
"ELMI000987"	"LIG"	"LIG_FHA_2"	"MRC1_SCHPO"	"Q9P7T4"	"Q9P7T4"	"643"	"649"	"14585996"	"mutation analysis; two hybrid"	"true positive"	""	"Schizosaccharomyces pombe"
"ELMI000983"	"LIG"	"LIG_FHA_2"	"RAD9_YEAST"	"P14737"	"P14737 D6VSK0 Q04920"	"153"	"159"	"11846567"	"nuclear magnetic resonance; surface plasmon resonance"	"true positive"	"1K3N"	"Saccharomyces cerevisiae"
"ELMI000982"	"LIG"	"LIG_FHA_2"	"RAD9_YEAST"	"P14737"	"P14737 D6VSK0 Q04920"	"190"	"196"	"11846567"	"nuclear magnetic resonance; surface plasmon resonance"	"true positive"	"1K3Q"	"Saccharomyces cerevisiae"
"ELMI000986"	"LIG"	"LIG_FHA_2"	"XRCC1_HUMAN"	"P18887"	"P18887 Q6IBS4 Q9HCB1"	"521"	"527"	"15367657"	"fluorescence polarization spectroscopy; mutation analysis"	"true positive"	""	"Homo sapiens"
"ELMI000985"	"LIG"	"LIG_FHA_2"	"XRCC4_HUMAN"	"Q13426"	"Q13426 A8K3X4 Q9BS72 Q9UP94"	"231"	"237"	"15385968"	"fluorescence polarization spectroscopy; glutathione s tranferase tag; isothermal titration calorimetry; mutation analysis"	"true positive"	""	"Homo sapiens"
"ELMI000984"	"LIG"	"LIG_FHA_2"	"XRCC4_MOUSE"	"Q924T3"	"Q924T3 Q8BKC9 Q8BU02 Q9D6U6"	"229"	"235"	"15749016"	"x-ray crystallography"	"true positive"	""	"Mus musculus"
"ELMI003588"	"LIG"	"LIG_FXI_DFP_1"	"CO5A1_HUMAN"	"P20908"	"P20908 A0A087WXW9 Q15094 Q5SUX4"	"1646"	"1650"	"27006387"	"surface plasmon resonance"	"true positive"	""	"Homo sapiens"
"ELMI003589"	"LIG"	"LIG_FXI_DFP_1"	"COBA1_HUMAN"	"P12107"	"P12107 B1ASK7 D3DT73 E9PCU0 Q14034 Q149N0 Q9UIT4 Q9UIT5 Q9UIT6"	"1614"	"1618"	"27006387"	"sequence based prediction"	"unknown"	""	"Homo sapiens"
"ELMI003585"	"LIG"	"LIG_FXI_DFP_1"	"KNG1_HUMAN"	"P01042"	"P01042 A8K474 B2RCR2 C9JEX1 P01043 Q53EQ0 Q6PAU9 Q7M4P1"	"603"	"607"	"27006387 3650269"	"competition binding; fluorescence polarization spectroscopy; surface plasmon resonance; x-ray crystallography"	"true positive"	"5I25"	"Homo sapiens"
"ELMI003586"	"LIG"	"LIG_FXI_DFP_1"	"LAMA1_HUMAN"	"P25391"	"P25391"	"1081"	"1085"	"27006387"	"sequence based prediction"	"unknown"	""	"Homo sapiens"
"ELMI003587"	"LIG"	"LIG_FXI_DFP_1"	"LAMA1_HUMAN"	"P25391"	"P25391"	"2191"	"2195"	"27006387"	"surface plasmon resonance; x-ray crystallography"	"true positive"	"5EOD"	"Homo sapiens"
"ELMI003675"	"LIG"	"LIG_FZD_DVL_PDZ"	"E3UKC9_MNELE"	"E3UKC9"	"E3UKC9"	"538"	"549"	"20920349"	"sequence based prediction"	"true positive"	""	"Mnemiopsis leidyi"
"ELMI003672"	"LIG"	"LIG_FZD_DVL_PDZ"	"FZD1_HUMAN"	"Q9UP38"	"Q9UP38 A4D1E8 O94815 Q549T8"	"620"	"630"	"23881048"	"circular dichroism; coimmunoprecipitation; fluorescence technology"	"true positive"	""	"Homo sapiens"
"ELMI003676"	"LIG"	"LIG_FZD_DVL_PDZ"	"FZD2_HUMAN"	"Q14332"	"Q14332 Q0VG82"	"538"	"548"	"19388021"	"sequence based prediction"	"true positive"	""	"Homo sapiens"
"ELMI003678"	"LIG"	"LIG_FZD_DVL_PDZ"	"FZD3_HUMAN"	"Q9NPG1"	"Q9NPG1 A8K615"	"497"	"507"	"19388021"	"sequence based prediction"	"true positive"	""	"Homo sapiens"
"ELMI003670"	"LIG"	"LIG_FZD_DVL_PDZ"	"FZD3_XENLA"	"O42579"	"O42579"	"496"	"506"	"10990458"	"confocal microscopy; mutation analysis; western blot"	"true positive"	""	"Xenopus laevis"
"ELMI003677"	"LIG"	"LIG_FZD_DVL_PDZ"	"FZD4_HUMAN"	"Q9ULV1"	"Q9ULV1 A8K9Q3 Q14C97 Q6S9E4"	"494"	"504"	"19388021"	"sequence based prediction"	"true positive"	""	"Homo sapiens"
"ELMI003674"	"LIG"	"LIG_FZD_DVL_PDZ"	"FZD6_HUMAN"	"O60353"	"O60353 B4DRN0 Q6N0A5 Q6P9C3 Q8WXR9"	"493"	"503"	"24500924"	"fluorescence recovery after photobleaching"	"true positive"	""	"Homo sapiens"
"ELMI003671"	"LIG"	"LIG_FZD_DVL_PDZ"	"FZD7_HUMAN"	"O75084"	"O75084 O94816 Q53S59 Q96B74"	"547"	"557"	"19388021 14636582"	"alanine scanning; circular dichroism; coimmunoprecipitation; competition binding; fluorescence technology; mutation analysis; pull down"	"true positive"	""	"Homo sapiens"
"ELMI003673"	"LIG"	"LIG_FZD_DVL_PDZ"	"G5EDV1_CAEEL"	"G5EDV1"	"G5EDV1"	"492"	"502"	"17196955"	"mutation analysis"	"true positive"	""	"Caenorhabditis elegans"
"ELMI002917"	"LIG"	"LIG_G3BP_FGDF_1"	"DNBI_HHV11"	"P04296"	"P04296 B9VQF7 Q09IA4"	"1142"	"1147"	"25658430"	"anti tag coimmunoprecipitation; confocal microscopy; green fluorescent protein tag; mutation analysis"	"true positive"	""	"Herpes simplex virus (type 1 / strain 17)"
"ELMI002918"	"LIG"	"LIG_G3BP_FGDF_1"	"DNBI_HHV2"	"P36384"	"P36384"	"1142"	"1147"	"25658430 22623775"	"by homology; fluorescence microscopy"	"true positive"	""	"Human herpesvirus 2"
"ELMI002913"	"LIG"	"LIG_G3BP_FGDF_1"	"POLN_CHIK3"	"Q5XXP4"	"Q5XXP4"	"1810"	"1815"	"24623412 22837213 25658430 26384002"	"anti tag coimmunoprecipitation; by homology; coimmunoprecipitation; confocal microscopy; fluorescence microscopy; green fluorescent protein tag; mutation analysis"	"true positive"	""	"Chikungunya virus strain Senegal 37997"
"ELMI002914"	"LIG"	"LIG_G3BP_FGDF_1"	"POLN_CHIK3"	"Q5XXP4"	"Q5XXP4"	"1828"	"1833"	"24623412 22837213 25658430 26384002"	"anti tag coimmunoprecipitation; by homology; coimmunoprecipitation; confocal microscopy; fluorescence microscopy; green fluorescent protein tag; mutation analysis"	"true positive"	""	"Chikungunya virus strain Senegal 37997"
"ELMI002911"	"LIG"	"LIG_G3BP_FGDF_1"	"POLN_SFV"	"P08411"	"P08411 Q3LRQ3 Q3LRQ4 Q3LRQ6 Q3LRQ7 Q3LRQ9 Q3LRR0 Q3LRR1 Q3LRR2 Q8JMP6 Q9QBM1"	"1785"	"1790"	"24623412 25658430 23087212"	"alanine scanning; anti tag coimmunoprecipitation; coimmunoprecipitation; green fluorescent protein tag; isothermal titration calorimetry; molecular sieving; mutation analysis; mutation disrupting interaction; sequence based prediction"	"true positive"	""	"Semliki forest virus"
"ELMI002912"	"LIG"	"LIG_G3BP_FGDF_1"	"POLN_SFV"	"P08411"	"P08411 Q3LRQ3 Q3LRQ4 Q3LRQ6 Q3LRQ7 Q3LRQ9 Q3LRR0 Q3LRR1 Q3LRR2 Q8JMP6 Q9QBM1"	"1802"	"1807"	"24623412 25658430 23087212"	"alanine scanning; anti tag coimmunoprecipitation; coimmunoprecipitation; green fluorescent protein tag; isothermal titration calorimetry; molecular sieving; mutation analysis; mutation disrupting interaction; sequence based prediction"	"true positive"	""	"Semliki forest virus"
"ELMI002915"	"LIG"	"LIG_G3BP_FGDF_1"	"POLN_SINDV"	"P03317"	"P03317"	"1835"	"1840"	"18684830 16571828"	"Identification by mass spectrometry; anti tag coimmunoprecipitation; confocal microscopy; green fluorescent protein tag"	"true positive"	""	"Sindbis virus"
"ELMI002916"	"LIG"	"LIG_G3BP_FGDF_1"	"POLN_SINDV"	"P03317"	"P03317"	"1858"	"1863"	"18684830 16571828"	"Identification by mass spectrometry; anti tag coimmunoprecipitation; confocal microscopy; green fluorescent protein tag"	"true positive"	""	"Sindbis virus"
"ELMI002910"	"LIG"	"LIG_G3BP_FGDF_1"	"UBP10_HUMAN"	"Q14694"	"Q14694 B2RDJ8 B4DS84 Q9BWG7 Q9NSL7"	"8"	"13"	"11439350 25658430"	"alanine scanning; anti tag coimmunoprecipitation; coimmunoprecipitation; glutathione s tranferase tag; green fluorescent protein tag; mutation analysis; mutation disrupting interaction; pull down; two hybrid"	"true positive"	""	"Homo sapiens"
"ELMI003347"	"LIG"	"LIG_GBD_Chelix_1"	"B7UM88_ECO27"	"B7UM88"	"B7UM88"	"96"	"104"	"17893247"	"coimmunoprecipitation; phenotype-based detection assay"	"true positive"	""	"Escherichia coli O127:H6 str. E2348/69"
"ELMI003348"	"LIG"	"LIG_GBD_Chelix_1"	"B7UM88_ECO27"	"B7UM88"	"B7UM88"	"143"	"151"	"17893247"	"coimmunoprecipitation; phenotype-based detection assay"	"true positive"	""	"Escherichia coli O127:H6 str. E2348/69"
"ELMI003349"	"LIG"	"LIG_GBD_Chelix_1"	"B7UM88_ECO27"	"B7UM88"	"B7UM88"	"189"	"197"	"17893247"	"coimmunoprecipitation; phenotype-based detection assay"	"true positive"	""	"Escherichia coli O127:H6 str. E2348/69"
"ELMI003353"	"LIG"	"LIG_GBD_Chelix_1"	"ESPFU_ECO5T"	"C6UYI3"	"C6UYI3"	"130"	"138"	"18650809"	"alanine scanning; phenotype-based detection assay; sequence based prediction"	"true positive"	""	"Escherichia coli O157:H7 str. TW14359"
"ELMI003354"	"LIG"	"LIG_GBD_Chelix_1"	"ESPFU_ECO5T"	"C6UYI3"	"C6UYI3"	"177"	"185"	"18650809"	"alanine scanning; phenotype-based detection assay; sequence based prediction"	"true positive"	""	"Escherichia coli O157:H7 str. TW14359"
"ELMI003351"	"LIG"	"LIG_GBD_Chelix_1"	"ESPFU_ECO5T"	"C6UYI3"	"C6UYI3"	"224"	"232"	"18650809"	"alanine scanning; deletion analysis; isothermal titration calorimetry; mutation analysis; nuclear magnetic resonance; phenotype-based detection assay"	"true positive"	"2K42 2LNH"	"Escherichia coli O157:H7 str. TW14359"
"ELMI003350"	"LIG"	"LIG_GBD_Chelix_1"	"ESPFU_ECO5T"	"C6UYI3"	"C6UYI3"	"271"	"279"	"18650809"	"alanine scanning; deletion analysis; isothermal titration calorimetry; mutation analysis; nuclear magnetic resonance; phenotype-based detection assay"	"true positive"	"2K42 2LNH"	"Escherichia coli O157:H7 str. TW14359"
"ELMI003352"	"LIG"	"LIG_GBD_Chelix_1"	"ESPFU_ECO5T"	"C6UYI3"	"C6UYI3"	"318"	"326"	"18650809"	"alanine scanning; phenotype-based detection assay; sequence based prediction"	"true positive"	""	"Escherichia coli O157:H7 str. TW14359"
"ELMI003345"	"LIG"	"LIG_GBD_Chelix_1"	"NCK1_HUMAN"	"P16333"	"P16333 B7Z751 D3DNE3"	"65"	"75"	"26554011"	"deletion analysis"	"true positive"	""	"Homo sapiens"
"ELMI003346"	"LIG"	"LIG_GBD_Chelix_1"	"WASL_HUMAN"	"O00401"	"O00401 A1JUI9 Q7Z746"	"467"	"475"	"17893247"	"by homology; competition binding; phenotype-based detection assay; sequence based prediction"	"true positive"	""	"Homo sapiens"
"ELMI003344"	"LIG"	"LIG_GBD_Chelix_1"	"WASL_RAT"	"O08816"	"O08816"	"463"	"471"	"18650806"	"alanine scanning"	"true positive"	""	"Rattus norvegicus"
"ELMI003343"	"LIG"	"LIG_GBD_Chelix_1"	"WASP_HUMAN"	"P42768"	"P42768 Q9BU11 Q9UNJ9"	"466"	"474"	"18650806"	"alanine scanning; deletion analysis; nuclear magnetic resonance"	"true positive"	"1EJ5 1T84"	"Homo sapiens"
"ELMI001297"	"LIG"	"LIG_GLEBS_BUB3_1"	"BUB1B_HUMAN"	"O60566"	"O60566 B2R6U0 B4DL09 B4DLG3 O60501 O60627 O60758 O75389 Q59HH6 Q8WV50 Q96KM4"	"409"	"417"	"11352911"	"pull down"	"true positive"	""	"Homo sapiens"
"ELMI001296"	"LIG"	"LIG_GLEBS_BUB3_1"	"BUB1_HUMAN"	"O43683"	"O43683 O43430 O43643 O60626"	"248"	"256"	"11352911"	"pull down"	"true positive"	""	"Homo sapiens"
"ELMI001295"	"LIG"	"LIG_GLEBS_BUB3_1"	"BUB1_YEAST"	"P41695"	"P41695 D6VUX1"	"333"	"341"	"17227844"	"isothermal titration calorimetry; x-ray crystallography"	"true positive"	"2I3S"	"Saccharomyces cerevisiae"
"ELMI001294"	"LIG"	"LIG_GLEBS_BUB3_1"	"MAD3_YEAST"	"P47074"	"P47074 D6VWG4"	"378"	"386"	"17227844"	"coimmunoprecipitation; his tag; mutation analysis; pull down; two hybrid; x-ray crystallography"	"true positive"	"2I3T"	"Saccharomyces cerevisiae"
"ELMI001298"	"LIG"	"LIG_GLEBS_BUB3_1"	"NU116_YEAST"	"Q02630"	"Q02630 D6VZM2"	"150"	"158"	"9463388"	"coimmunoprecipitation"	"true positive"	""	"Saccharomyces cerevisiae"
"ELMI002909"	"LIG"	"LIG_GSK3_LRP6_1"	"A0A0B8RSN6_PIG"	"A0A0B8RSN6"	"A0A0B8RSN6"	"1492"	"1497"	"14731402"	"sequence based prediction"	"true positive"	""	"Sus scrofa domesticus"
"ELMI002907"	"LIG"	"LIG_GSK3_LRP6_1"	"F4X5W2_ACREC"	"F4X5W2"	"F4X5W2"	"1512"	"1517"	"14731402"	"sequence based prediction"	"true positive"	""	"Acromyrmex echinatior"
"ELMI002902"	"LIG"	"LIG_GSK3_LRP6_1"	"LRP6_HUMAN"	"O75581"	"O75581 Q17RZ2"	"1487"	"1492"	"14731402"	"alanine scanning; mutation analysis; mutation disrupting interaction"	"true positive"	""	"Homo sapiens"
"ELMI002903"	"LIG"	"LIG_GSK3_LRP6_1"	"LRP6_HUMAN"	"O75581"	"O75581 Q17RZ2"	"1527"	"1532"	"14731402"	"alanine scanning; mutation analysis; mutation disrupting interaction"	"true positive"	""	"Homo sapiens"
"ELMI002904"	"LIG"	"LIG_GSK3_LRP6_1"	"LRP6_HUMAN"	"O75581"	"O75581 Q17RZ2"	"1569"	"1574"	"14731402"	"alanine scanning; mutation analysis; mutation disrupting interaction; x-ray crystallography"	"true positive"	""	"Homo sapiens"
"ELMI002905"	"LIG"	"LIG_GSK3_LRP6_1"	"LRP6_HUMAN"	"O75581"	"O75581 Q17RZ2"	"1587"	"1592"	"14731402"	"alanine scanning; mutation analysis; mutation disrupting interaction"	"true positive"	""	"Homo sapiens"
"ELMI002906"	"LIG"	"LIG_GSK3_LRP6_1"	"LRP6_HUMAN"	"O75581"	"O75581 Q17RZ2"	"1604"	"1609"	"14731402"	"alanine scanning; mutation analysis; mutation disrupting interaction; x-ray crystallography"	"true positive"	""	"Homo sapiens"
"ELMI002908"	"LIG"	"LIG_GSK3_LRP6_1"	"LRP6_MOUSE"	"O88572"	"O88572"	"1527"	"1532"	"14731402"	"sequence based prediction"	"true positive"	""	"Mus musculus"
"ELMI002105"	"LIG"	"LIG_GYF"	"CD2_HORSE"	"P37998"	"P37998"	"276"	"284"	"15105431"	"green fluorescent protein tag"	"true positive"	""	"Equus caballus"
"ELMI000208"	"LIG"	"LIG_GYF"	"CD2_HUMAN"	"P06729"	"P06729 Q96TE5"	"281"	"289"	"12426371"	"nuclear magnetic resonance; two hybrid"	"true positive"	"1L2Z"	"Homo sapiens"
"ELMI002117"	"LIG"	"LIG_GYF"	"CD2_HUMAN"	"P06729"	"P06729 Q96TE5"	"295"	"303"	"12426371"	"competition binding; fluorescence technology; nuclear magnetic resonance; two hybrid"	"true positive"	""	"Homo sapiens"
"ELMI001526"	"LIG"	"LIG_HCF-1_HBM_1"	"CREB3_HUMAN"	"O43889"	"O43889 O14671 O14919 Q5TCV1 Q96GK8 Q9H2W3 Q9UE77"	"78"	"81"	"9658067 9389645"	"glutathione s tranferase tag; mutation analysis; pull down; two hybrid"	"true positive"	""	"Homo sapiens"
"ELMI001527"	"LIG"	"LIG_HCF-1_HBM_1"	"CREBA_DROME"	"P29747"	"P29747 Q24282 Q64M72 Q8MQX0 Q9VUQ4"	"64"	"67"	"9658067 9389645"	"glutathione s tranferase tag; mutation analysis; pull down; two hybrid"	"true positive"	""	"Drosophila melanogaster"
"ELMI001521"	"LIG"	"LIG_HCF-1_HBM_1"	"E2F1_HUMAN"	"Q01094"	"Q01094 Q13143 Q92768"	"97"	"100"	"17612494 16633736"	"coimmunoprecipitation; mutation analysis; two hybrid"	"true positive"	""	"Homo sapiens"
"ELMI001525"	"LIG"	"LIG_HCF-1_HBM_1"	"E2F4_HUMAN"	"Q16254"	"Q16254 A6NGR8 B5BU56 Q12991 Q15328"	"389"	"392"	"16633736"	"coimmunoprecipitation; mutation analysis"	"true positive"	""	"Homo sapiens"
"ELMI001528"	"LIG"	"LIG_HCF-1_HBM_1"	"EGR2_MOUSE"	"P08152"	"P08152"	"162"	"165"	"14532282"	"mutation analysis"	"true positive"	""	"Mus musculus"
"ELMI001524"	"LIG"	"LIG_HCF-1_HBM_1"	"HPIP_HUMAN"	"Q9NWW0"	"Q9NWW0 D3DUA7 Q68EN7"	"76"	"79"	"12235138"	"coimmunoprecipitation; mutation analysis; two hybrid"	"true positive"	""	"Homo sapiens"
"ELMI001537"	"LIG"	"LIG_HCF-1_HBM_1"	"PPRC1_HUMAN"	"Q5VV67"	"Q5VV67 Q5VV66 Q6P3U5 Q6P3W1 Q76N31 Q9BUJ3 Q9BZE5 Q9Y4E0"	"1295"	"1298"	"18343819"	"coimmunoprecipitation; mutation analysis"	"true positive"	""	"Homo sapiens"
"ELMI001529"	"LIG"	"LIG_HCF-1_HBM_1"	"THA11_MOUSE"	"Q9JJD0"	"Q9JJD0 Q3TCZ5 Q99KZ0"	"234"	"237"	"20581084"	"mutation analysis; two hybrid"	"true positive"	""	"Mus musculus"
"ELMI001531"	"LIG"	"LIG_HCF-1_HBM_1"	"THAP1_HUMAN"	"Q9NVV9"	"Q9NVV9 A6NCB6 D3DSY5 Q53FQ1 Q6IA99"	"134"	"137"	"20200153"	"coimmunoprecipitation; glutathione s tranferase tag; pull down; two hybrid"	"true positive"	""	"Homo sapiens"
"ELMI001532"	"LIG"	"LIG_HCF-1_HBM_1"	"THAP2_HUMAN"	"Q9H0W7"	"Q9H0W7 B2R8P3"	"123"	"126"	"20200153"	"sequence based prediction"	"true positive"	""	"Homo sapiens"
"ELMI001530"	"LIG"	"LIG_HCF-1_HBM_1"	"THAP3_HUMAN"	"Q8WTV1"	"Q8WTV1 Q569K1 Q5TH66 Q5TH67 Q8N8T6 Q9BSC7 Q9Y3H2 Q9Y3H3"	"177"	"180"	"20200153"	"coimmunoprecipitation; glutathione s tranferase tag; mutation analysis; pull down; two hybrid"	"true positive"	""	"Homo sapiens"
"ELMI001533"	"LIG"	"LIG_HCF-1_HBM_1"	"THAP5_HUMAN"	"Q7Z6K1"	"Q7Z6K1"	"321"	"324"	"20200153"	"sequence based prediction"	"true positive"	""	"Homo sapiens"
"ELMI001534"	"LIG"	"LIG_HCF-1_HBM_1"	"THAP6_HUMAN"	"Q8TBB0"	"Q8TBB0 Q5HYJ7"	"139"	"142"	"20200153"	"sequence based prediction"	"true positive"	""	"Homo sapiens"
"ELMI001535"	"LIG"	"LIG_HCF-1_HBM_1"	"THAP7_HUMAN"	"Q9BT49"	"Q9BT49 B2RD97 D3DX40"	"229"	"232"	"20200153"	"sequence based prediction"	"true positive"	""	"Homo sapiens"
"ELMI001536"	"LIG"	"LIG_HCF-1_HBM_1"	"THAP9_HUMAN"	"Q9H5L6"	"Q9H5L6 Q59AC9"	"123"	"126"	"20200153"	"sequence based prediction"	"true positive"	""	"Homo sapiens"
"ELMI002257"	"LIG"	"LIG_HCF-1_HBM_1"	"VP16_HHV11"	"P06492"	"P06492 B9VQH6 Q09I86"	"361"	"364"	"9389645"	"mutation analysis"	"true positive"	""	"Herpes simplex virus (type 1 / strain 17)"
"ELMI001523"	"LIG"	"LIG_HCF-1_HBM_1"	"ZHANG_HUMAN"	"Q9NS37"	"Q9NS37 B2R8Q9 Q0P5U9 Q52LT3"	"303"	"306"	"10871379 15705566"	"glutathione s tranferase tag; mutation analysis; pull down; two hybrid"	"true positive"	""	"Homo sapiens"
"ELMI000753"	"LIG"	"LIG_HOMEOBOX"	"CDX1_HUMAN"	"P47902"	"P47902 Q4VAU4 Q9NYK8"	"133"	"136"	"10094480"	"not specified"	"true positive"	""	"Homo sapiens"
"ELMI000754"	"LIG"	"LIG_HOMEOBOX"	"HXA1_HUMAN"	"P49639"	"P49639 A4D184 B2R8U7 O43363"	"205"	"208"	"12409300"	"not specified"	"true positive"	""	"Homo sapiens"
"ELMI000755"	"LIG"	"LIG_HOMEOBOX"	"HXB1_HUMAN"	"P14653"	"P14653"	"180"	"183"	"8600458 10052460"	"not specified; x-ray crystallography"	"true positive"	"1B72"	"Homo sapiens"
"ELMI000756"	"LIG"	"LIG_HOMEOBOX"	"HXB2_HUMAN"	"P14652"	"P14652 P10913 P17485"	"95"	"98"	"8600458"	"not specified"	"true positive"	""	"Homo sapiens"
"ELMI000757"	"LIG"	"LIG_HOMEOBOX"	"HXB3_HUMAN"	"P14651"	"P14651 A8K567 D3DTV3 O95615 P17484"	"130"	"133"	"8600458"	"not specified"	"true positive"	""	"Homo sapiens"
"ELMI000758"	"LIG"	"LIG_HOMEOBOX"	"HXB4_HUMAN"	"P17483"	"P17483 Q9NTA0"	"142"	"145"	"8600458"	"not specified"	"true positive"	""	"Homo sapiens"
"ELMI000759"	"LIG"	"LIG_HOMEOBOX"	"HXB5_HUMAN"	"P09067"	"P09067 B2RC69 P09069 Q17RP4"	"177"	"180"	"8600458"	"not specified"	"true positive"	""	"Homo sapiens"
"ELMI000760"	"LIG"	"LIG_HOMEOBOX"	"HXB6_HUMAN"	"P17509"	"P17509 A8K835 D3DTV5 P09068 Q9HB11 Q9UGH2"	"128"	"131"	"8600458"	"not specified"	"true positive"	""	"Homo sapiens"
"ELMI000761"	"LIG"	"LIG_HOMEOBOX"	"HXB7_HUMAN"	"P09629"	"P09629 A8K3N8 Q15957 Q53FN3 Q96BQ6"	"127"	"130"	"8600458"	"not specified"	"true positive"	""	"Homo sapiens"
"ELMI000762"	"LIG"	"LIG_HOMEOBOX"	"HXB8_HUMAN"	"P17481"	"P17481 Q9H1I2"	"135"	"138"	"8600458"	"not specified"	"true positive"	""	"Homo sapiens"
"ELMI000310"	"LIG"	"LIG_HOMEOBOX"	"HXC8_HUMAN"	"P31273"	"P31273 A8K4J4 O15221 O15362"	"139"	"142"	""	"sequence based prediction"	"true positive"	""	"Homo sapiens"
"ELMI000763"	"LIG"	"LIG_HOMEOBOX"	"HXD4_HUMAN"	"P09016"	"P09016 Q96AU0"	"134"	"137"	"12409300"	"not specified"	"true positive"	""	"Homo sapiens"
"ELMI000764"	"LIG"	"LIG_HOMEOBOX"	"PDX1_HUMAN"	"P52945"	"P52945 O60594 Q5VYW2"	"119"	"122"	"11279116"	"not specified"	"true positive"	""	"Homo sapiens"
"ELMI000765"	"LIG"	"LIG_HOMEOBOX"	"TLX1_HUMAN"	"P31314"	"P31314 O75699 Q5VXP2 Q9HCA0 Q9UD59"	"174"	"177"	"11342305"	"not specified"	"true positive"	""	"Homo sapiens"
"ELMI000766"	"LIG"	"LIG_HOMEOBOX"	"TLX2_HUMAN"	"O43763"	"O43763 Q9UD56 Q9UQ48"	"118"	"121"	"11342305"	"not specified"	"true positive"	""	"Homo sapiens"
"ELMI000767"	"LIG"	"LIG_HOMEOBOX"	"TLX3_HUMAN"	"O43711"	"O43711 Q96AD3"	"125"	"128"	"11342305"	"not specified"	"true positive"	""	"Homo sapiens"
"ELMI000246"	"LIG"	"LIG_HP1_1"	"CAF1A_HUMAN"	"Q13111"	"Q13111 Q6NXG5 Q7Z7K3 Q9UJY8"	"238"	"242"	"10549285"	"mutation analysis"	"true positive"	""	"Homo sapiens"
"ELMI001106"	"LIG"	"LIG_HP1_1"	"CAF1A_MOUSE"	"Q9QWF0"	"Q9QWF0 Q3TU22 Q544M2"	"222"	"226"	"14765118"	"nuclear magnetic resonance"	"true positive"	"1S4Z"	"Mus musculus"
"ELMI000248"	"LIG"	"LIG_HP1_1"	"Q9VI63_DROME"	"Q9VI63"	"Q9VI63 Q9BMZ9 Q9NHX4"	"1051"	"1055"	"11266362"	"glutathione s tranferase tag; pull down"	"true positive"	""	"Drosophila melanogaster"
"ELMI000252"	"LIG"	"LIG_HP1_1"	"SUV37_DROME"	"P20193"	"P20193 Q9VFX7"	"394"	"398"	"12163401"	"classical fluorescence spectroscopy"	"true positive"	""	"Drosophila melanogaster"
"ELMI000251"	"LIG"	"LIG_HP1_1"	"TAF4_HUMAN"	"O00268"	"O00268 A6NGD9 Q5TBP6 Q99721 Q9BR40 Q9BX42"	"764"	"768"	"11959914"	"mutation analysis"	"true positive"	""	"Homo sapiens"
"ELMI000249"	"LIG"	"LIG_HP1_1"	"TIF1A_HUMAN"	"O15164"	"O15164 A4D1R7 A4D1R8 O95854"	"713"	"717"	"10562550"	"glutathione s tranferase tag; pull down"	"true positive"	""	"Homo sapiens"
"ELMI000250"	"LIG"	"LIG_HP1_1"	"TIF1B_HUMAN"	"Q13263"	"Q13263 O00677 Q7Z632 Q93040 Q96IM1"	"486"	"490"	"16637071 10938122"	"coimmunoprecipitation; competition binding; green fluorescent protein tag; mutation analysis; surface plasmon resonance; western blot"	"true positive"	""	"Homo sapiens"
"ELMI002118"	"LIG"	"LIG_HP1_1"	"TIF1B_MOUSE"	"Q62318"	"Q62318 P70391 Q8C283 Q99PN4"	"486"	"490"	"12154074"	"alanine scanning; coimmunoprecipitation; fluorescence technology; two hybrid"	"true positive"	""	"Mus musculus"
"ELMI000247"	"LIG"	"LIG_HP1_1"	"XRCC6_HUMAN"	"P12956"	"P12956 Q6FG89 Q9UCQ2 Q9UCQ3"	"352"	"356"	"11112778"	"glutathione s tranferase tag; pull down"	"true positive"	""	"Homo sapiens"
"ELMI003503"	"LIG"	"LIG_IBAR_NPY_1"	"AGRB2_HUMAN"	"O60241"	"O60241 B9EGK9 Q5T6K0 Q8NGW8 Q96GZ9"	"1417"	"1419"	"21893288"	"sequence based prediction"	"true positive"	""	"Homo sapiens"
"ELMI003501"	"LIG"	"LIG_IBAR_NPY_1"	"CLAP1_HUMAN"	"Q7Z460"	"Q7Z460 A2RU21 B7ZLX3 F5GWS0 O75118 Q2KHQ9 Q5H9P0 Q8N5B8 Q9BQT5"	"1265"	"1267"	"21893288"	"sequence based prediction"	"true positive"	""	"Homo sapiens"
"ELMI003500"	"LIG"	"LIG_IBAR_NPY_1"	"MYO15_HUMAN"	"Q9UKN7"	"Q9UKN7 B4DFC7"	"423"	"425"	"21893288"	"sequence based prediction"	"true positive"	""	"Homo sapiens"
"ELMI003499"	"LIG"	"LIG_IBAR_NPY_1"	"Q5C8M7_LEGPN"	"Q5C8M7"	"Q5C8M7"	"76"	"78"	"26626407"	"alanine scanning"	"false positive"	""	"Legionella pneumophila"
"ELMI003502"	"LIG"	"LIG_IBAR_NPY_1"	"SHAN2_HUMAN"	"Q9UPX8"	"Q9UPX8 C0SPG8 C0SPG9 Q3Y8G9 Q52LK2 Q9UKP1"	"608"	"610"	"21893288"	"sequence based prediction"	"true positive"	""	"Homo sapiens"
"ELMI003498"	"LIG"	"LIG_IBAR_NPY_1"	"TIR_ECO27"	"B7UM99"	"B7UM99 O50190 O52147"	"452"	"454"	"17521329"	"alanine scanning; mutation analysis"	"true positive"	""	"Escherichia coli O127:H6 str. E2348/69"
"ELMI003497"	"LIG"	"LIG_IBAR_NPY_1"	"TIR_ECO5T"	"C6UYL8"	"C6UYL8"	"456"	"458"	"21893288 16922867 19366662 19286134"	"Identification by mass spectrometry; alanine scanning; beta galactosidase complementation; mutation analysis; phenotype-based detection assay; pull down; two hybrid; x-ray crystallography"	"true positive"	"2YKT"	"Escherichia coli O157:H7 str. TW14359"
"ELMI004877"	"LIG"	"LIG_Integrin_collagen_1"	"CO1A1_BOVIN"	"P02453"	"P02453 Q3MHM2"	"679"	"684"	"10617582"	"elisa; phenotype-based detection assay"	"true positive"	""	"Bos taurus"
"ELMI004876"	"LIG"	"LIG_Integrin_collagen_1"	"CO1A1_HUMAN"	"P02452"	"P02452 O76045 P78441 Q13896 Q13902 Q13903 Q14037 Q14992 Q15176 Q15201 Q16050 Q59F64 Q7KZ30 Q7KZ34 Q8IVI5 Q8N473 Q9UML6 Q9UMM7"	"680"	"685"	"10617582"	"elisa; phenotype-based detection assay"	"true positive"	""	"Homo sapiens"
"ELMI004874"	"LIG"	"LIG_Integrin_collagen_1"	"CO2A1_HUMAN"	"P02458"	"P02458 A6NGA0 Q12985 Q14009 Q14044 Q14045 Q14046 Q14047 Q14056 Q14058 Q16672 Q1JQ82 Q2V4X7 Q6LBY1 Q6LBY2 Q6LBY3 Q96IT5 Q99227 Q9UE38 Q9UE39 Q9UE40 Q9UE41 Q9UE42 Q9UE43"	"327"	"332"	"23922814"	"elisa"	"true positive"	""	"Homo sapiens"
"ELMI004875"	"LIG"	"LIG_Integrin_collagen_1"	"CO2A1_HUMAN"	"P02458"	"P02458 A6NGA0 Q12985 Q14009 Q14044 Q14045 Q14046 Q14047 Q14056 Q14058 Q16672 Q1JQ82 Q2V4X7 Q6LBY1 Q6LBY2 Q6LBY3 Q96IT5 Q99227 Q9UE38 Q9UE39 Q9UE40 Q9UE41 Q9UE42 Q9UE43"	"702"	"707"	"23922814"	"elisa; x-ray crystallography"	"true positive"	"4BJ3"	"Homo sapiens"
"ELMI004879"	"LIG"	"LIG_Integrin_collagen_1"	"CO3A1_HUMAN"	"P02461"	"P02461 D2JYH5 D3DPH4 P78429 Q15112 Q16403 Q53S91 Q541P8 Q6LDB3 Q6LDJ2 Q6LDJ3 Q7KZ56 Q8N6U4 Q9UC88 Q9UC89 Q9UC90 Q9UC91 R4N3C5 V9GZI1"	"288"	"293"	"24187131"	"nuclear magnetic resonance; x ray scattering"	"true positive"	"2M32"	"Homo sapiens"
"ELMI004880"	"LIG"	"LIG_Integrin_collagen_1"	"CO4A1_HUMAN"	"P02462"	"P02462 A7E2W4 B1AM70 F5H5K0 Q1P9S9 Q5VWF6 Q86X41 Q8NF88 Q9NYC5"	"385"	"390"	"15647274 23922814 10617582"	"elisa; phenotype-based detection assay; x-ray crystallography"	"true positive"	"4BJ3"	"Homo sapiens"
"ELMI004878"	"LIG"	"LIG_Integrin_collagen_1"	"COMA1_HUMAN"	"Q8NFW1"	"Q8NFW1 B7ZMH0 C9K0G4 Q8IVT9"	"1432"	"1437"	"24187131"	"nuclear magnetic resonance; x ray scattering"	"true positive"	"2M32"	"Homo sapiens"
"ELMI002348"	"LIG"	"LIG_Integrin_isoDGR_2"	"CAPSD_AAV2S"	"P03135"	"P03135 O56652 O56653 O92917"	"511"	"513"	"9883843 16940508"	"coimmunoprecipitation; competition binding; far western blotting; mutation analysis; mutation disrupting interaction; western blot"	"true positive"	""	"Adeno-associated virus 2 Srivastava/1982"
"ELMI002212"	"LIG"	"LIG_Integrin_isoDGR_2"	"FBN1_HUMAN"	"P35555"	"P35555 B2RUU0 D2JYH6 Q15972 Q75N87"	"2304"	"2306"	"8617364 18653538"	"confocal microscopy; fluorescence-activated cell sorting; peptide binding to perpetrator; rna interference"	"true positive"	""	"Homo sapiens"
"ELMI002206"	"LIG"	"LIG_Integrin_isoDGR_2"	"FINC_HUMAN"	"P02751"	"P02751 O95609 O95610 Q14312 Q14325 Q14326 Q17RV7 Q585T2 Q59EH1 Q60FE4 Q68DP8 Q68DP9 Q68DT4 Q6LDP6 Q6MZS0 Q6MZU5 Q6N025 Q6N0A6 Q86T27 Q8IVI8 Q96KP7 Q96KP8 Q96KP9 Q9H1B8 Q9HAP3 Q9UMK2"	"263"	"265"	"1532572 17015452 18480047 1694173"	"affinity chromatography technology; coimmunoprecipitation; nuclear magnetic resonance; peptide binding to perpetrator; polyclonal antibody; western blot"	"true positive"	""	"Homo sapiens"
"ELMI002207"	"LIG"	"LIG_Integrin_isoDGR_2"	"FINC_HUMAN"	"P02751"	"P02751 O95609 O95610 Q14312 Q14325 Q14326 Q17RV7 Q585T2 Q59EH1 Q60FE4 Q68DP8 Q68DP9 Q68DT4 Q6LDP6 Q6MZS0 Q6MZU5 Q6N025 Q6N0A6 Q86T27 Q8IVI8 Q96KP7 Q96KP8 Q96KP9 Q9H1B8 Q9HAP3 Q9UMK2"	"367"	"369"	"1532572 1694173"	"affinity chromatography technology; coimmunoprecipitation; polyclonal antibody; western blot"	"true positive"	""	"Homo sapiens"
"ELMI002208"	"LIG"	"LIG_Integrin_isoDGR_2"	"FINC_HUMAN"	"P02751"	"P02751 O95609 O95610 Q14312 Q14325 Q14326 Q17RV7 Q585T2 Q59EH1 Q60FE4 Q68DP8 Q68DP9 Q68DT4 Q6LDP6 Q6MZS0 Q6MZU5 Q6N025 Q6N0A6 Q86T27 Q8IVI8 Q96KP7 Q96KP8 Q96KP9 Q9H1B8 Q9HAP3 Q9UMK2"	"501"	"503"	"1532572 18480047 1694173"	"affinity chromatography technology; coimmunoprecipitation; nuclear magnetic resonance; polyclonal antibody; western blot"	"true positive"	""	"Homo sapiens"
"ELMI002209"	"LIG"	"LIG_Integrin_isoDGR_2"	"FINC_HUMAN"	"P02751"	"P02751 O95609 O95610 Q14312 Q14325 Q14326 Q17RV7 Q585T2 Q59EH1 Q60FE4 Q68DP8 Q68DP9 Q68DT4 Q6LDP6 Q6MZS0 Q6MZU5 Q6N025 Q6N0A6 Q86T27 Q8IVI8 Q96KP7 Q96KP8 Q96KP9 Q9H1B8 Q9HAP3 Q9UMK2"	"1432"	"1434"	"1532572 1694173"	"affinity chromatography technology; coimmunoprecipitation; polyclonal antibody; western blot"	"true positive"	""	"Homo sapiens"
"ELMI002210"	"LIG"	"LIG_Integrin_isoDGR_2"	"FINC_MOUSE"	"P11276"	"P11276 Q61567 Q61568 Q61569 Q64233 Q80UI4"	"264"	"266"	"17591922 18480047"	"nuclear magnetic resonance; sequence based prediction"	"true positive"	""	"Mus musculus"
"ELMI002211"	"LIG"	"LIG_Integrin_isoDGR_2"	"FINC_MOUSE"	"P11276"	"P11276 Q61567 Q61568 Q61569 Q64233 Q80UI4"	"501"	"503"	"17591922 18480047"	"nuclear magnetic resonance; sequence based prediction; structure based prediction"	"true positive"	""	"Mus musculus"
"ELMI004239"	"LIG"	"LIG_Integrin_KxxGD_FGGC_5"	"E1BV78_CHICK"	"E1BV78"	"E1BV78"	"433"	"438"	"18710925"	"sequence based prediction; structure based prediction"	"true positive"	""	"Gallus gallus"
"ELMI004238"	"LIG"	"LIG_Integrin_KxxGD_FGGC_5"	"F1P8G0_CANLF"	"F1P8G0"	"F1P8G0"	"432"	"437"	"18710925"	"sequence based prediction; structure based prediction"	"true positive"	""	"Canis lupus familiaris"
"ELMI004235"	"LIG"	"LIG_Integrin_KxxGD_FGGC_5"	"FIBG_HUMAN"	"P02679-2"	"P02679 A8K057 P04469 P04470 Q53Y18 Q96A14 Q96KJ3 Q9UC62 Q9UC63 Q9UCF3"	"432"	"437"	"18710925 1864844 26631735"	"fluorescence polarization spectroscopy; phenotype-based detection assay; radiolabel; x-ray crystallography"	"true positive"	"2VDO 2VDP 4Z7N 4Z7O 4Z7Q"	"Homo sapiens"
"ELMI004237"	"LIG"	"LIG_Integrin_KxxGD_FGGC_5"	"FIBG_MOUSE"	"Q8VCM7"	"Q8VCM7 Q8WUR3 Q91ZP0"	"431"	"436"	"18710925"	"sequence based prediction; structure based prediction"	"true positive"	""	"Mus musculus"
"ELMI004236"	"LIG"	"LIG_Integrin_KxxGD_FGGC_5"	"FIBG_RAT"	"P02680-2"	"P02680 Q68FY3"	"432"	"437"	"18710925"	"sequence based prediction; structure based prediction"	"true positive"	""	"Rattus norvegicus"
"ELMI001750"	"LIG"	"LIG_Integrin_RGD_1"	"CAPSP_ADE02"	"P03276"	"P03276"	"340"	"342"	"8350395"	"mutation analysis"	"true positive"	""	"Human adenovirus 2"
"ELMI000109"	"LIG"	"LIG_Integrin_RGD_1"	"DIS1B_DICDI"	"P02887"	"P02887 Q556R2"	"79"	"81"	"6509552"	"competition binding"	"true positive"	""	"Dictyostelium discoideum"
"ELMI000108"	"LIG"	"LIG_Integrin_RGD_1"	"DISB_TRIGA"	"P17495"	"P17495"	"51"	"53"	"2653425"	"competition binding"	"true positive"	""	"Trimeresurus gramineus"
"ELMI000117"	"LIG"	"LIG_Integrin_RGD_1"	"DISG_TRIAB"	"P62384"	"P62384 P17496"	"51"	"53"	"2191722"	"competition binding"	"true positive"	""	"Trimeresurus gramineus"
"ELMI000107"	"LIG"	"LIG_Integrin_RGD_1"	"EDIL3_HUMAN"	"O43854"	"O43854 B2R763 O43855 Q5D094"	"96"	"98"	"9420328"	"sequence based prediction"	"true positive"	""	"Homo sapiens"
"ELMI003758"	"LIG"	"LIG_Integrin_RGD_1"	"FHAB_BORPE"	"P12255"	"P12255 Q45364"	"1097"	"1099"	"2364431"	"competition binding; filter binding; mutation analysis; necessary binding site"	"true positive"	""	"Bordetella pertussis Tohama I"
"ELMI000104"	"LIG"	"LIG_Integrin_RGD_1"	"FINC_HUMAN"	"P02751"	"P02751 O95609 O95610 Q14312 Q14325 Q14326 Q17RV7 Q585T2 Q59EH1 Q60FE4 Q68DP8 Q68DP9 Q68DT4 Q6LDP6 Q6MZS0 Q6MZU5 Q6N025 Q6N0A6 Q86T27 Q8IVI8 Q96KP7 Q96KP8 Q96KP9 Q9H1B8 Q9HAP3 Q9UMK2"	"1524"	"1526"	"19738201 6325925 22451694"	"cross linking study; overlapping binding peptide; x-ray crystallography"	"true positive"	"3VI4"	"Homo sapiens"
"ELMI000105"	"LIG"	"LIG_Integrin_RGD_1"	"FINC_MOUSE"	"P11276"	"P11276 Q61567 Q61568 Q61569 Q64233 Q80UI4"	"1614"	"1616"	"9533887"	"structure based prediction"	"true positive"	""	"Mus musculus"
"ELMI000106"	"LIG"	"LIG_Integrin_RGD_1"	"FINC_MOUSE"	"P11276"	"P11276 Q61567 Q61568 Q61569 Q64233 Q80UI4"	"2181"	"2183"	""	""	"unknown"	""	"Mus musculus"
"ELMI003759"	"LIG"	"LIG_Integrin_RGD_1"	"O25272_HELPY"	"O25272"	"O25272"	"76"	"78"	"24076404 21915696 20507990"	"competition binding; functional association; mutation analysis; mutation decreasing interaction; necessary binding site; nuclear magnetic resonance; phenotype-based detection assay; x-ray crystallography"	"true positive"	"3ZCJ"	"Helicobacter pylori 26695"
"ELMI000112"	"LIG"	"LIG_Integrin_RGD_1"	"OSTP_BOVIN"	"P31096"	"P31096 Q56NM9 Q8SPS6"	"152"	"154"	""	"sequence based prediction"	"true positive"	""	"Bos taurus"
"ELMI000110"	"LIG"	"LIG_Integrin_RGD_1"	"OSTP_HUMAN"	"P10451"	"P10451 Q15681 Q15682 Q15683 Q8NBK2 Q96IZ1"	"159"	"161"	"8910476"	"glutathione s tranferase tag; mutation analysis"	"true positive"	""	"Homo sapiens"
"ELMI000111"	"LIG"	"LIG_Integrin_RGD_1"	"OSTP_RAT"	"P08721"	"P08721"	"144"	"146"	"3024151"	"competition binding; sequence based prediction"	"true positive"	""	"Rattus norvegicus"
"ELMI003760"	"LIG"	"LIG_Integrin_RGD_1"	"PILY1_PSEAW"	"S0HPF7"	"S0HPF7 A8WE64"	"619"	"621"	"22242136"	"competition binding; deletion analysis; mutation analysis"	"true positive"	""	"Pseudomonas aeruginosa PAK"
"ELMI001747"	"LIG"	"LIG_Integrin_RGD_1"	"POLG_CXA9"	"P21404"	"P21404"	"858"	"860"	"15194773"	"competition binding; fluorescence-activated cell sorting; solid phase assay"	"true positive"	""	"Human coxsackievirus A9 (strain Griggs)"
"ELMI001749"	"LIG"	"LIG_Integrin_RGD_1"	"POLG_FMDVO"	"P03305"	"P03305"	"869"	"871"	"7533862"	"competition binding"	"true positive"	""	"Foot-and-mouth disease virus (strain O1)"
"ELMI001748"	"LIG"	"LIG_Integrin_RGD_1"	"POLG_HPE1H"	"Q66578"	"Q66578 Q90062"	"764"	"766"	"20554778"	"competition binding"	"true positive"	""	"Echovirus 22 (strain Harris)"
"ELMI003790"	"LIG"	"LIG_Integrin_RGD_1"	"Q8KMK0_9MOLU"	"Q8KMK0"	"Q8KMK0"	"462"	"464"	"20494988"	"competition binding; deletion analysis; mutation analysis; phenotype-based detection assay"	"true positive"	""	"Mycoplasma conjunctivae"
"ELMI000120"	"LIG"	"LIG_Integrin_RGD_1"	"SIAL_HUMAN"	"P21815"	"P21815"	"286"	"288"	"10785511"	"mutation analysis; sequence based prediction"	"true positive"	""	"Homo sapiens"
"ELMI000119"	"LIG"	"LIG_Integrin_RGD_1"	"SIAL_RAT"	"P13839"	"P13839 P97828"	"289"	"291"	"2461939"	"competition binding"	"true positive"	""	"Rattus norvegicus"
"ELMI000118"	"LIG"	"LIG_Integrin_RGD_1"	"VME1_TRIEL"	"P17349"	"P17349 Q90YA7"	"459"	"461"	"2191722"	"competition binding"	"true positive"	""	"Protobothrops elegans"
"ELMI000115"	"LIG"	"LIG_Integrin_RGD_1"	"VTNC_HUMAN"	"P04004"	"P04004 B2R7G0 P01141 Q9BSH7"	"64"	"66"	"2447074"	"competition binding"	"true positive"	""	"Homo sapiens"
"ELMI000116"	"LIG"	"LIG_Integrin_RGD_1"	"VTNC_MOUSE"	"P29788"	"P29788 Q5SYG4 Q8VII4 Q91X32 Q9D080"	"64"	"66"	"1703206"	"coimmunoprecipitation; sequence based prediction"	"true positive"	""	"Mus musculus"
"ELMI000114"	"LIG"	"LIG_Integrin_RGD_1"	"VWF_HUMAN"	"P04275"	"P04275 Q99806"	"698"	"700"	""	""	"unknown"	""	"Homo sapiens"
"ELMI000113"	"LIG"	"LIG_Integrin_RGD_1"	"VWF_HUMAN"	"P04275"	"P04275 Q99806"	"2507"	"2509"	"2447074"	"competition binding"	"true positive"	""	"Homo sapiens"
"ELMI004918"	"LIG"	"LIG_Integrin_RGDSP_6"	"FINC_HUMAN"	"P02751"	"P02751 O95609 O95610 Q14312 Q14325 Q14326 Q17RV7 Q585T2 Q59EH1 Q60FE4 Q68DP8 Q68DP9 Q68DT4 Q6LDP6 Q6MZS0 Q6MZU5 Q6N025 Q6N0A6 Q86T27 Q8IVI8 Q96KP7 Q96KP8 Q96KP9 Q9H1B8 Q9HAP3 Q9UMK2"	"1615"	"1619"	"27033701 9117344 17158881 24658351"	"elisa; phenotype-based detection assay; surface plasmon resonance; x-ray crystallography"	"true positive"	"4MMX"	"Homo sapiens"
"ELMI004914"	"LIG"	"LIG_Integrin_RGDSP_6"	"MMRN1_HUMAN"	"Q13201"	"Q13201 Q4W5L1 Q6P3T8 Q6ZUL9"	"186"	"189"	"16363244"	"coimmunoprecipitation; phenotype-based detection assay"	"true positive"	""	"Homo sapiens"
"ELMI004917"	"LIG"	"LIG_Integrin_RGDSP_6"	"OSTP_HUMAN"	"P10451"	"P10451 Q15681 Q15682 Q15683 Q8NBK2 Q96IZ1"	"159"	"162"	"27033701 7537271 7592829"	"elisa; phenotype-based detection assay; radiolabel; surface plasmon resonance"	"true positive"	""	"Homo sapiens"
"ELMI004915"	"LIG"	"LIG_Integrin_RGDSP_6"	"POLG_FMDVA"	"P03308"	"P03308 P03312 Q65038 Q65039 Q65040 Q65041 Q65042 Q65043 Q65044 Q65045 Q65046 Q65047 Q6PN34"	"869"	"872"	"7533862"	"phenotype-based detection assay"	"true positive"	""	"Foot-and-mouth disease virus (strain A12)"
"ELMI004913"	"LIG"	"LIG_Integrin_RGDSP_6"	"PROC_HUMAN"	"P04070"	"P04070 Q15189 Q15190 Q16001 Q53S74 Q9UC55"	"220"	"224"	"19244161"	"elisa"	"true positive"	""	"Homo sapiens"
"ELMI004916"	"LIG"	"LIG_Integrin_RGDSP_6"	"VWF_HUMAN"	"P04275"	"P04275 Q99806"	"2507"	"2510"	"30305279"	"elisa"	"true positive"	""	"Homo sapiens"
"ELMI004156"	"LIG"	"LIG_Integrin_RGD_TGFB_3"	"O25272_HELPY"	"O25272"	"O25272"	"76"	"82"	"25617764 31197920"	"elisa; fluorescence polarization spectroscopy; mutation analysis; phenotype-based detection assay"	"true positive"	""	"Helicobacter pylori 26695"
"ELMI004155"	"LIG"	"LIG_Integrin_RGD_TGFB_3"	"Q6PMW3_9PICO"	"Q6PMW3"	"Q6PMW3"	"869"	"875"	"28534487"	"electron microscopy"	"true positive"	"5NET 5NEU"	"Foot-and-mouth disease virus - type O"
"ELMI004154"	"LIG"	"LIG_Integrin_RGD_TGFB_3"	"Q98W00_9PICO"	"Q98W00"	"Q98W00"	"145"	"151"	"28534487"	"electron microscopy"	"true positive"	"5NEM 5NER"	"Foot-and-mouth disease virus - type O"
"ELMI004152"	"LIG"	"LIG_Integrin_RGD_TGFB_3"	"TGFB1_HUMAN"	"P01137"	"P01137 A8K792 Q9UCG4"	"244"	"250"	"12415008 22278742 25617764 28117447 31792290 25383667 31955848 27033701"	"electron microscopy; elisa; fluorescence polarization spectroscopy; mass spectrometry study of hydrogen/deuterium exchange; mutation analysis; phenotype-based detection assay; surface plasmon resonance; x-ray crystallography"	"true positive"	"5FFO 6OM2 6UJA"	"Homo sapiens"
"ELMI004153"	"LIG"	"LIG_Integrin_RGD_TGFB_3"	"TGFB3_HUMAN"	"P10600"	"P10600 Q8WV88"	"261"	"267"	"31955848 25383667"	"deletion analysis; elisa; fluorescence polarization spectroscopy; mutation analysis; x-ray crystallography"	"true positive"	"4UM9"	"Homo sapiens"
"ELMI004178"	"LIG"	"LIG_Integrin_RGDW_4"	"CORA1_HUMAN"	"Q8IZC6"	"Q8IZC6 Q66K43 Q96JF7"	"1594"	"1597"	""	"sequence based prediction"	"unknown"	""	"Homo sapiens"
"ELMI004177"	"LIG"	"LIG_Integrin_RGDW_4"	"CPMD8_HUMAN"	"Q8IZJ3"	"Q8IZJ3 Q8NC09 Q9ULD7"	"1533"	"1536"	""	"sequence based prediction"	"unknown"	""	"Homo sapiens"
"ELMI004176"	"LIG"	"LIG_Integrin_RGDW_4"	"DHH_HUMAN"	"O43323"	"O43323 Q15794"	"221"	"224"	""	"sequence based prediction"	"unknown"	""	"Homo sapiens"
"ELMI004188"	"LIG"	"LIG_Integrin_RGDW_4"	"VM212_CROSS"	"P0C7X7"	"P0C7X7 A2CJE7 D0EUY8"	"51"	"54"	"23313448"	"phenotype-based detection assay"	"true positive"	""	"Crotalus scutulatus scutulatus"
"ELMI004181"	"LIG"	"LIG_Integrin_RGDW_4"	"VM2AL_TRIAB"	"P0C6B6"	"P0C6B6"	"462"	"465"	"17870140"	"phenotype-based detection assay"	"true positive"	""	"Trimeresurus albolabris"
"ELMI004182"	"LIG"	"LIG_Integrin_RGDW_4"	"VM2_BITAR"	"P17497"	"P17497 Q4JCS2"	"64"	"67"	"8042985 7538018"	"elisa; phenotype-based detection assay; radiolabel"	"true positive"	""	"Bitis arietans"
"ELMI004183"	"LIG"	"LIG_Integrin_RGDW_4"	"VM2_CROAD"	"J9Z332"	"J9Z332"	"466"	"469"	"23313448"	"phenotype-based detection assay"	"true positive"	""	"Crotalus adamanteus"
"ELMI004189"	"LIG"	"LIG_Integrin_RGDW_4"	"VM2_CROSM"	"C0HJM4"	"C0HJM4"	"50"	"53"	"25457103"	"phenotype-based detection assay"	"true positive"	""	"Crotalus simus"
"ELMI004191"	"LIG"	"LIG_Integrin_RGDW_4"	"VM2I1_GLOUS"	"Q7LZI5"	"Q7LZI5"	"49"	"52"	"9880793"	"phenotype-based detection assay"	"true positive"	""	"Gloydius ussuriensis"
"ELMI004180"	"LIG"	"LIG_Integrin_RGDW_4"	"VM2I2_GLOUS"	"Q7LZT4"	"Q7LZT4"	"51"	"54"	"9880793"	"phenotype-based detection assay"	"true positive"	""	"Gloydius ussuriensis"
"ELMI004184"	"LIG"	"LIG_Integrin_RGDW_4"	"VM2I_CROCC"	"P31982"	"P31982"	"51"	"54"	"8419314"	"elisa; phenotype-based detection assay"	"true positive"	""	"Crotalus cerastes cerastes"
"ELMI004179"	"LIG"	"LIG_Integrin_RGDW_4"	"VM2I_CRODD"	"P68521"	"P68521 P31980"	"50"	"53"	"8419314"	"elisa; phenotype-based detection assay"	"true positive"	""	"Crotalus durissus durissus"
"ELMI004187"	"LIG"	"LIG_Integrin_RGDW_4"	"VM2I_CROOL"	"P31986"	"P31986"	"51"	"54"	"8419314"	"elisa; phenotype-based detection assay"	"true positive"	""	"Crotalus oreganus lutosus"
"ELMI004192"	"LIG"	"LIG_Integrin_RGDW_4"	"VM2I_SISMB"	"P22827"	"P22827"	"51"	"54"	"2033037"	"elisa; mutation analysis; phenotype-based detection assay; radiolabel"	"true positive"	""	"Sistrurus miliarius barbouri"
"ELMI004190"	"LIG"	"LIG_Integrin_RGDW_4"	"VM2I_SISTE"	"P22828"	"P22828"	"51"	"54"	"2033037"	"elisa; phenotype-based detection assay"	"true positive"	""	"Sistrurus catenatus tergeminus"
"ELMI004186"	"LIG"	"LIG_Integrin_RGDW_4"	"VM2TI_ERIMA"	"P22826"	"P22826"	"29"	"32"	"2033037"	"elisa; mutation analysis; phenotype-based detection assay"	"true positive"	""	"Eristicophis macmahoni"
"ELMI004185"	"LIG"	"LIG_Integrin_RGDW_4"	"VM2TO_ERIMA"	"P0C6S4"	"P0C6S4"	"27"	"30"	"8042985"	"phenotype-based detection assay; radiolabel"	"true positive"	""	"Eristicophis macmahoni"
"ELMI004193"	"LIG"	"LIG_Integrin_RGDW_4"	"VM2_TRIST"	"P0DM87"	"P0DM87"	"462"	"465"	"17403531"	"phenotype-based detection assay"	"true positive"	""	"Trimeresurus stejnegeri"
"ELMI004662"	"LIG"	"LIG_IRF7_LxLS_2"	"IRF7_HUMAN"	"Q92985"	"Q92985 B9EGL3 O00331 O00332 O00333 O75924 Q9UE79"	"478"	"483"	"15743772 10893229"	"coimmunoprecipitation; mutation analysis; pull down"	"true positive"	""	"Homo sapiens"
"ELMI004659"	"LIG"	"LIG_IRFs_LxIS_1"	"IRF3_HUMAN"	"Q14653"	"Q14653 A8K7L2"	"391"	"396"	"27302953"	"chromatography technology; molecular sieving; surface plasmon resonance; tag visualisation by luciferase assay; x-ray crystallography"	"true positive"	"5JEM"	"Homo sapiens"
"ELMI004656"	"LIG"	"LIG_IRFs_LxIS_1"	"IRF3_MOUSE"	"P70671"	"P70671"	"383"	"388"	"25636800"	"by homology"	"true positive"	""	"Mus musculus"
"ELMI004660"	"LIG"	"LIG_IRFs_LxIS_1"	"IRF5_HUMAN"	"Q13568"	"Q13568 A4D1J8 A8DUA8 A8DUA9 E7EQ16 E7EW54 Q1A7B4 Q64GA9 Q64GB1 Q64GB2 Q6RCM8 Q9BQF0"	"441"	"446"	"18836453"	"cosedimentation; isothermal titration calorimetry; molecular sieving; mutation analysis; x-ray crystallography"	"true positive"	"3DSH"	"Homo sapiens"
"ELMI004661"	"LIG"	"LIG_IRFs_LxIS_1"	"IRF6_HUMAN"	"O14896"	"O14896 B4DLE2 D3DT90 F5GWX8 G0ZTL0"	"419"	"424"	"24872416"	"coimmunoprecipitation; mutation analysis"	"true positive"	""	"Homo sapiens"
"ELMI004653"	"LIG"	"LIG_IRFs_LxIS_1"	"MAVS_HUMAN"	"Q7Z434"	"Q7Z434 A8K6X0 B2BD33 B2BD34 F5H6C8 M1P2Z0 Q2HWT5 Q3I0Y2 Q5T7I6 Q86VY7 Q9H1H3 Q9H4Y1 Q9H8D3 Q9ULE9"	"436"	"442"	"27302953 25636800"	"coimmunoprecipitation; mutation analysis; protein kinase assay; surface plasmon resonance; western blot; x-ray crystallography"	"true positive"	"5JEK"	"Homo sapiens"
"ELMI004658"	"LIG"	"LIG_IRFs_LxIS_1"	"NSP1_ROTS4"	"Q99FX5"	"Q99FX5 Q99FX4"	"484"	"489"	"27302953"	"mutation analysis; surface plasmon resonance; western blot; x-ray crystallography"	"true positive"	"5JER"	"Simian rotavirus A/SA11-4F"
"ELMI004657"	"LIG"	"LIG_IRFs_LxIS_1"	"STING_HUMAN"	"Q86WV6"	"Q86WV6 A8K3P6 B6EB35 D6RBX0 D6RE01 D6RID9"	"361"	"366"	"27302953 25636800"	"coimmunoprecipitation; mutation analysis; protein kinase assay; surface plasmon resonance; western blot; x-ray crystallography"	"true positive"	"5JEJ"	"Homo sapiens"
"ELMI004655"	"LIG"	"LIG_IRFs_LxIS_1"	"STING_MOUSE"	"Q3TBT3"	"Q3TBT3 A7YGY9 Q3TAV5 Q3TYP5 Q3TZY8 Q3UJW3 Q8C227 Q8C5Q3 Q8K393 Q9CZY7"	"360"	"365"	"25636800"	"mutation disrupting interaction; sequence tag identification"	"true positive"	""	"Mus musculus"
"ELMI004654"	"LIG"	"LIG_IRFs_LxIS_1"	"TCAM1_HUMAN"	"Q8IUC6"	"Q8IUC6 B3Y691 O75532 Q86XP8 Q96GA0"	"203"	"210"	"27302953 25636800"	"coimmunoprecipitation; mutation analysis; protein kinase assay; surface plasmon resonance; x-ray crystallography"	"true positive"	"5JEL"	"Homo sapiens"
"ELMI001232"	"LIG"	"LIG_KEPE_1"	"CEBPA_HUMAN"	"P49715"	"P49715 A7LNP2 P78319 Q05CA4"	"160"	"166"	"19033273"	"sequence based prediction"	"true positive"	""	"Homo sapiens"
"ELMI001236"	"LIG"	"LIG_KEPE_1"	"IRF2_HUMAN"	"P14316"	"P14316 Q96B99"	"136"	"142"	"19033273"	"sequence based prediction"	"true positive"	""	"Homo sapiens"
"ELMI001233"	"LIG"	"LIG_KEPE_1"	"MAFG_HUMAN"	"O15525"	"O15525"	"13"	"19"	"19033273"	"sequence based prediction"	"true positive"	""	"Homo sapiens"
"ELMI001235"	"LIG"	"LIG_KEPE_1"	"MLL2_HUMAN"	"O14686"	"O14686 O14687"	"4415"	"4421"	"19033273"	"sequence based prediction"	"true positive"	""	"Homo sapiens"
"ELMI001234"	"LIG"	"LIG_KEPE_1"	"NRL_HUMAN"	"P54845"	"P54845"	"23"	"29"	"19033273"	"sequence based prediction"	"true positive"	""	"Homo sapiens"
"ELMI001237"	"LIG"	"LIG_KEPE_2"	"CEBPA_HUMAN"	"P49715"	"P49715 A7LNP2 P78319 Q05CA4"	"160"	"168"	"19033273"	"sequence based prediction"	"true positive"	""	"Homo sapiens"
"ELMI001249"	"LIG"	"LIG_KEPE_2"	"CHD8_HUMAN"	"Q9HCK8"	"Q9HCK8 Q4G0D8 Q68DQ0 Q6DKH9 Q6P440 Q6ZNL7 Q8N3Z9 Q8NCY4 Q8TBR9 Q96F26"	"608"	"616"	"19033273"	"sequence based prediction"	"true positive"	""	"Homo sapiens"
"ELMI001242"	"LIG"	"LIG_KEPE_2"	"FOS_HUMAN"	"P01100"	"P01100 P18849"	"264"	"271"	"19033273"	"sequence based prediction"	"true positive"	""	"Homo sapiens"
"ELMI001250"	"LIG"	"LIG_KEPE_2"	"HDAC4_HUMAN"	"P56524"	"P56524 Q9UND6"	"558"	"566"	"19033273"	"sequence based prediction"	"true positive"	""	"Homo sapiens"
"ELMI001243"	"LIG"	"LIG_KEPE_2"	"HIF1A_HUMAN"	"Q16665"	"Q16665 Q53XP6 Q96PT9 Q9UPB1"	"476"	"483"	"19033273"	"sequence based prediction"	"true positive"	""	"Homo sapiens"
"ELMI001252"	"LIG"	"LIG_KEPE_2"	"HIPK1_HUMAN"	"Q86Z02"	"Q86Z02 A6NJ34 O75125 Q5SQL2 Q5SQL4 Q5SQL5 Q8IYD7 Q8NDN5 Q8NEB6 Q8TBZ1"	"24"	"32"	"19033273"	"sequence based prediction"	"true positive"	""	"Homo sapiens"
"ELMI001244"	"LIG"	"LIG_KEPE_2"	"KLF2_HUMAN"	"Q9Y5W3"	"Q9Y5W3 Q6IPC4 Q9UJS5 Q9UKR6"	"121"	"129"	"19033273"	"sequence based prediction"	"true positive"	""	"Homo sapiens"
"ELMI001245"	"LIG"	"LIG_KEPE_2"	"MAF_HUMAN"	"O75444"	"O75444 Q66I47 Q9UP93"	"32"	"40"	"19033273"	"sequence based prediction"	"true positive"	""	"Homo sapiens"
"ELMI001246"	"LIG"	"LIG_KEPE_2"	"NFAC1_HUMAN"	"O95644"	"O95644 Q12865 Q15793"	"348"	"356"	"19033273"	"sequence based prediction"	"true positive"	""	"Homo sapiens"
"ELMI001247"	"LIG"	"LIG_KEPE_2"	"NFAC1_HUMAN"	"O95644"	"O95644 Q12865 Q15793"	"701"	"708"	"19033273"	"sequence based prediction"	"true positive"	""	"Homo sapiens"
"ELMI001248"	"LIG"	"LIG_KEPE_2"	"NFAC1_HUMAN"	"O95644"	"O95644 Q12865 Q15793"	"913"	"921"	"19033273"	"sequence based prediction"	"true positive"	""	"Homo sapiens"
"ELMI001251"	"LIG"	"LIG_KEPE_2"	"TOP1_HUMAN"	"P11387"	"P11387 A8KA78 E1P5W3 O43256 Q12855 Q12856 Q15610 Q5TFY3 Q9UJN0"	"116"	"123"	"19033273"	"sequence based prediction"	"true positive"	""	"Homo sapiens"
"ELMI001241"	"LIG"	"LIG_KEPE_3"	"CEBPA_HUMAN"	"P49715"	"P49715 A7LNP2 P78319 Q05CA4"	"160"	"169"	"19033273"	"sequence based prediction"	"true positive"	""	"Homo sapiens"
"ELMI001239"	"LIG"	"LIG_KEPE_3"	"HIPK2_HUMAN"	"Q9H2X6"	"Q9H2X6 Q75MR7 Q8WWI4 Q9H2Y1"	"31"	"40"	"19033273"	"sequence based prediction"	"true positive"	""	"Homo sapiens"
"ELMI001238"	"LIG"	"LIG_KEPE_3"	"JUN_HUMAN"	"P05412"	"P05412 Q96G93"	"225"	"234"	"19033273"	"sequence based prediction"	"true positive"	""	"Homo sapiens"
"ELMI001240"	"LIG"	"LIG_KEPE_3"	"MAFB_HUMAN"	"Q9Y5Q3"	"Q9Y5Q3 B3KNE1 Q9H1F1"	"31"	"40"	"19033273"	"sequence based prediction"	"true positive"	""	"Homo sapiens"
"ELMI002919"	"LIG"	"LIG_KLC1_WD_1"	"A36_VACCW"	"P68619"	"P68619 P21059 Q76ZP0"	"62"	"71"	"21915095"	"fluorescence microscopy; mutation analysis"	"true positive"	""	"Vaccinia virus WR"
"ELMI002920"	"LIG"	"LIG_KLC1_WD_1"	"A36_VACCW"	"P68619"	"P68619 P21059 Q76ZP0"	"95"	"104"	"14963148 21915095"	"fluorescence microscopy; glutathione s tranferase tag; mutation analysis; pull down; two hybrid"	"true positive"	""	"Vaccinia virus WR"
"ELMI002921"	"LIG"	"LIG_KLC1_WD_1"	"A9J0X2_VACCA"	"A9J0X2"	"A9J0X2"	"62"	"71"	"20943972"	"confocal microscopy; fluorescent resonance energy transfer"	"true positive"	""	"Vaccinia virus Ankara"
"ELMI002922"	"LIG"	"LIG_KLC1_WD_1"	"A9J0X2_VACCA"	"A9J0X2"	"A9J0X2"	"95"	"104"	"20943972"	"confocal microscopy; fluorescent resonance energy transfer"	"true positive"	""	"Vaccinia virus Ankara"
"ELMI002938"	"LIG"	"LIG_KLC1_WD_1"	"AP1AR_HUMAN"	"Q63HQ0"	"Q63HQ0 B2RCV7 Q96GG6 Q9H0V0 Q9P1L4"	"208"	"216"	"21915095"	"sequence based prediction"	"true positive"	""	"Homo sapiens"
"ELMI002937"	"LIG"	"LIG_KLC1_WD_1"	"AP1AR_HUMAN"	"Q63HQ0"	"Q63HQ0 B2RCV7 Q96GG6 Q9H0V0 Q9P1L4"	"258"	"267"	"21915095 19706427"	"coimmunoprecipitation; mutation analysis; sequence based prediction"	"true positive"	""	"Homo sapiens"
"ELMI002930"	"LIG"	"LIG_KLC1_WD_1"	"ATCAY_HUMAN"	"Q86WG3"	"Q86WG3 Q8NAQ2 Q8TAQ3 Q96HC6 Q96JF5"	"116"	"125"	"19861499"	"western blot"	"true positive"	""	"Homo sapiens"
"ELMI002931"	"LIG"	"LIG_KLC1_WD_1"	"ATCAY_MOUSE"	"Q8BHE3"	"Q8BHE3 Q3TR94"	"116"	"125"	"19861499"	"electron microscopy; glutathione s tranferase tag; pull down; two hybrid; western blot"	"true positive"	""	"Mus musculus"
"ELMI002932"	"LIG"	"LIG_KLC1_WD_1"	"ATCAY_RAT"	"Q1M168"	"Q1M168"	"116"	"125"	"19861499"	"coimmunoprecipitation; fluorescence microscopy; rna interference"	"true positive"	""	"Rattus norvegicus"
"ELMI002934"	"LIG"	"LIG_KLC1_WD_1"	"BNIP2_HUMAN"	"Q12982"	"Q12982 B4DS94"	"95"	"104"	"19861499 25472445"	"coimmunoprecipitation; fluorescence microscopy; mutation analysis; sequence based prediction"	"true positive"	""	"Homo sapiens"
"ELMI002935"	"LIG"	"LIG_KLC1_WD_1"	"BNIPL_HUMAN"	"Q7Z465"	"Q7Z465 Q6DK43 Q8TCY7 Q8WYG2"	"141"	"150"	"19861499"	"sequence based prediction"	"true positive"	""	"Homo sapiens"
"ELMI002926"	"LIG"	"LIG_KLC1_WD_1"	"CSTN1_HUMAN"	"O94985"	"O94985 A8K183 Q5SR52 Q5UE58 Q71MN0 Q8N4K9"	"901"	"910"	"22404616 17332754"	"glutathione s tranferase tag; mutation analysis; pull down; rna interference"	"true positive"	""	"Homo sapiens"
"ELMI002927"	"LIG"	"LIG_KLC1_WD_1"	"CSTN1_HUMAN"	"O94985"	"O94985 A8K183 Q5SR52 Q5UE58 Q71MN0 Q8N4K9"	"972"	"979"	"22404616 17332754"	"glutathione s tranferase tag; mutation analysis; pull down; rna interference"	"true positive"	""	"Homo sapiens"
"ELMI002928"	"LIG"	"LIG_KLC1_WD_1"	"CSTN1_MOUSE"	"Q9EPL2"	"Q9EPL2 A2A800 B2KFP1 B2KFP2 Q69ZV9 Q7TS67 Q8K103"	"901"	"910"	"23519214 16760430"	"coimmunoprecipitation; glutathione s tranferase tag; pull down"	"true positive"	""	"Mus musculus"
"ELMI002929"	"LIG"	"LIG_KLC1_WD_1"	"CSTN1_MOUSE"	"Q9EPL2"	"Q9EPL2 A2A800 B2KFP1 B2KFP2 Q69ZV9 Q7TS67 Q8K103"	"970"	"977"	"23519214 16760430"	"coimmunoprecipitation; glutathione s tranferase tag; pull down"	"true positive"	""	"Mus musculus"
"ELMI002939"	"LIG"	"LIG_KLC1_WD_1"	"DC1I1_HUMAN"	"O14576"	"O14576 B4DME3 F5H050 G5E9K1 Q8TBF7 Q9Y2X1"	"81"	"88"	"21915095"	"sequence based prediction"	"true positive"	""	"Homo sapiens"
"ELMI002940"	"LIG"	"LIG_KLC1_WD_1"	"DC1I1_HUMAN"	"O14576"	"O14576 B4DME3 F5H050 G5E9K1 Q8TBF7 Q9Y2X1"	"124"	"133"	"21915095"	"sequence based prediction"	"true positive"	""	"Homo sapiens"
"ELMI002923"	"LIG"	"LIG_KLC1_WD_1"	"F12_VACCW"	"Q80HX6"	"Q80HX6"	"534"	"543"	"20195521"	"confocal microscopy; mutation analysis"	"true positive"	""	"Vaccinia virus WR"
"ELMI002924"	"LIG"	"LIG_KLC1_WD_1"	"PKHM2_HUMAN"	"Q8IWE5"	"Q8IWE5 O94928 Q5VT65 Q6NUH9 Q7L8G1 Q8IVT7 Q8N2T4 Q96AY0 Q9NTF7"	"205"	"214"	"22172677 21915095 23519214"	"coimmunoprecipitation; confocal microscopy; fluorescence microscopy; fluorescence polarization spectroscopy; mutation analysis; pull down; x-ray crystallography"	"true positive"	"3ZFW"	"Homo sapiens"
"ELMI002925"	"LIG"	"LIG_KLC1_WD_1"	"PKHM2_HUMAN"	"Q8IWE5"	"Q8IWE5 O94928 Q5VT65 Q6NUH9 Q7L8G1 Q8IVT7 Q8N2T4 Q96AY0 Q9NTF7"	"234"	"241"	"22172677 21915095 23519214"	"coimmunoprecipitation; confocal microscopy; fluorescence microscopy; fluorescence polarization spectroscopy; mutation analysis; pull down"	"true positive"	""	"Homo sapiens"
"ELMI002936"	"LIG"	"LIG_KLC1_WD_1"	"PRUN2_HUMAN"	"Q8WUY3"	"Q8WUY3 B3KYC4 B4DQH8 O15073 Q58A63 Q5JUB6 Q5T304 Q5T476 Q6T2V6 Q6T2V7 Q8N665"	"1136"	"1145"	"19861499"	"sequence based prediction"	"true positive"	""	"Homo sapiens"
"ELMI002933"	"LIG"	"LIG_KLC1_WD_1"	"SYNE2_HUMAN"	"Q8WXH0"	"Q8WXH0 B4DND7 B4DPR6 I6XXQ5 Q540G1 Q86YP9 Q8N1S3 Q8NF49 Q8TER7 Q8WWW3 Q8WWW4 Q8WWW5 Q8WXH1 Q9NU50 Q9UFQ4 Q9Y2L4 Q9Y4R1"	"6417"	"6425"	"25516977"	"coimmunoprecipitation; mutation analysis"	"true positive"	""	"Homo sapiens"
"ELMI004048"	"LIG"	"LIG_KLC1_Yacidic_2"	"JIP1_HUMAN"	"Q9UQF2"	"Q9UQF2 D3DQP4 O43407"	"707"	"711"	"30320553 30026235"	"alanine scanning; coimmunoprecipitation; fluorescence polarization spectroscopy; isothermal titration calorimetry; x-ray crystallography"	"true positive"	"6FUZ"	"Homo sapiens"
"ELMI004050"	"LIG"	"LIG_KLC1_Yacidic_2"	"SH2D6_MOUSE"	"Q9D413"	"Q9D413 Q497J3"	"103"	"108"	"30026235"	"microscale thermophoresis"	"true positive"	""	"Mus musculus"
"ELMI004049"	"LIG"	"LIG_KLC1_Yacidic_2"	"TOR1A_MOUSE"	"Q9ER39"	"Q9ER39"	"328"	"332"	"30320553"	"coimmunoprecipitation; fluorescence polarization spectroscopy; x-ray crystallography"	"true positive"	"6FV0"	"Mus musculus"
"ELMI004523"	"LIG"	"LIG_LEDGF_IBM_1"	"CDA7L_HUMAN"	"Q96GN5"	"Q96GN5 A4D141 A6NF50 B3KTR5 B4DUT3 C9K0Y1 Q6PIL4 Q86YT0 Q8IXN5 Q96C70 Q9H9A2 Q9NPV2"	"13"	"29"	"29997176 26245978"	"amplified luminescent proximity homogeneous assay; chromatography technology; coimmunoprecipitation; isothermal titration calorimetry; mutation analysis; nuclear magnetic resonance"	"true positive"	""	"Homo sapiens"
"ELMI004524"	"LIG"	"LIG_LEDGF_IBM_1"	"CDA7L_HUMAN"	"Q96GN5"	"Q96GN5 A4D141 A6NF50 B3KTR5 B4DUT3 C9K0Y1 Q6PIL4 Q86YT0 Q8IXN5 Q96C70 Q9H9A2 Q9NPV2"	"60"	"87"	"29997176 26245978"	"amplified luminescent proximity homogeneous assay; chromatography technology; coimmunoprecipitation; isothermal titration calorimetry; mutation analysis; nuclear magnetic resonance"	"true positive"	""	"Homo sapiens"
"ELMI004525"	"LIG"	"LIG_LEDGF_IBM_1"	"DBF4A_HUMAN"	"Q9UBU7"	"Q9UBU7 A4D1D8 A8K954 O75226 Q75MS6 Q75N01 Q9Y2M6"	"618"	"634"	"29997176"	"amplified luminescent proximity homogeneous assay; mutation analysis; nuclear magnetic resonance"	"true positive"	""	"Homo sapiens"
"ELMI004526"	"LIG"	"LIG_LEDGF_IBM_1"	"DBF4A_HUMAN"	"Q9UBU7"	"Q9UBU7 A4D1D8 A8K954 O75226 Q75MS6 Q75N01 Q9Y2M6"	"646"	"674"	"29997176"	"amplified luminescent proximity homogeneous assay; mutation analysis; nuclear magnetic resonance"	"true positive"	""	"Homo sapiens"
"ELMI004527"	"LIG"	"LIG_LEDGF_IBM_1"	"IWS1_HUMAN"	"Q96ST2"	"Q96ST2 Q2TB65 Q6P157 Q8N3E8 Q96MI7 Q9NV97 Q9NWH8"	"473"	"491"	"29997176 26245978"	"chromatography technology; isothermal titration calorimetry; nuclear magnetic resonance; pull down"	"true positive"	"6EMR"	"Homo sapiens"
"ELMI004529"	"LIG"	"LIG_LEDGF_IBM_1"	"KMT2B_HUMAN"	"Q9UMN6"	"Q9UMN6 O15022 O95836 Q96GP2 Q96IP3 Q9UK25 Q9Y668 Q9Y669"	"80"	"126"	"29997176"	"sequence based prediction"	"true positive"	""	"Homo sapiens"
"ELMI004530"	"LIG"	"LIG_LEDGF_IBM_1"	"MED1_HUMAN"	"Q15648"	"Q15648 A2RRQ6 O43810 O75447 Q6P9H7 Q6PK58 Q9HD39"	"878"	"898"	"29997176"	"amplified luminescent proximity homogeneous assay; coimmunoprecipitation; mutation analysis; nuclear magnetic resonance"	"true positive"	""	"Homo sapiens"
"ELMI004528"	"LIG"	"LIG_LEDGF_IBM_1"	"MLL1_HUMAN"	"Q03164"	"Q03164 Q13743 Q13744 Q14845 Q16364 Q59FF2 Q6UBD1 Q9UD94 Q9UMA3"	"129"	"151"	"22327296 29997176 25305204 25082813"	"alanine scanning; amplified luminescent proximity homogeneous assay; coimmunoprecipitation; competition binding; isothermal titration calorimetry; mutation analysis; nuclear magnetic resonance; x-ray crystallography"	"true positive"	"2MSR 2MTN 3U88"	"Homo sapiens"
"ELMI004531"	"LIG"	"LIG_LEDGF_IBM_1"	"POGZ_HUMAN"	"Q7Z3K3"	"Q7Z3K3 B4DTP8 B4DYL9 B7ZBY5 E9PM80 O75049 Q3LIC4 Q5SZS1 Q5SZS2 Q5SZS3 Q5SZS4 Q8TDZ7 Q9Y4X7"	"1384"	"1400"	"29997176 26245978"	"amplified luminescent proximity homogeneous assay; chromatography technology; coimmunoprecipitation; isothermal titration calorimetry; mutation analysis; nuclear magnetic resonance"	"true positive"	"2N3A"	"Homo sapiens"
"ELMI002685"	"LIG"	"LIG_LIR_Apic_2"	"C0H519_PLAF7"	"C0H519"	"C0H519"	"102"	"108"	"22982544"	"mutation analysis; pull down; surface plasmon resonance; x-ray crystallography"	"true positive"	"4EOY"	"Plasmodium falciparum 3D7"
"ELMI004479"	"LIG"	"LIG_LIR_Gen_1"	"AMRA1_HUMAN"	"Q9C0C7-3"	"Q9C0C7 A6XN33 D3DQP8 G3V193 Q86XD6 Q9H8Z0 Q9NXE7"	"1017"	"1028"	"30217973"	"coimmunoprecipitation; isothermal titration calorimetry; mutation analysis; nuclear magnetic resonance"	"true positive"	""	"Homo sapiens"
"ELMI004464"	"LIG"	"LIG_LIR_Gen_1"	"ANK2_HUMAN"	"Q01484"	"Q01484 Q01485 Q08AC7 Q08AC8 Q7Z3L5"	"1591"	"1600"	"29867141"	"isothermal titration calorimetry; mutation analysis; x-ray crystallography"	"true positive"	"5YIR 5YIS"	"Homo sapiens"
"ELMI004452"	"LIG"	"LIG_LIR_Gen_1"	"ANK3_RAT"	"O70511"	"O70511 Q574D7 Q574D8 Q574D9 Q574E0 Q574E2 Q8VDA0"	"1988"	"1997"	"29867141"	"isothermal titration calorimetry; mutation analysis; x-ray crystallography"	"true positive"	"5YIP 5YIQ"	"Rattus norvegicus"
"ELMI004455"	"LIG"	"LIG_LIR_Gen_1"	"ATG13_HUMAN"	"O75143"	"O75143 B4DFI4 D3DQQ1 D3DQQ2 E9PQZ8 Q53EN6 Q9BRL3 Q9H8B0"	"443"	"452"	"24290141 31053714"	"biolayer interferometry; deletion analysis; mutation analysis; pull down; surface plasmon resonance; two hybrid; western blot"	"true positive"	""	"Homo sapiens"
"ELMI004459"	"LIG"	"LIG_LIR_Gen_1"	"ATG19_YEAST"	"P35193"	"P35193 D6W1Y6 Q6B1A6"	"411"	"415"	"26687600"	"isothermal titration calorimetry; mutation analysis; x-ray crystallography"	"true positive"	"5AZF 5AZH"	"Saccharomyces cerevisiae S288c"
"ELMI004495"	"LIG"	"LIG_LIR_Gen_1"	"ATG32_YEAST"	"P40458"	"P40458 D6VVE1"	"85"	"94"	"22308029"	"coimmunoprecipitation; mutation analysis; x-ray crystallography"	"true positive"	"3VXW"	"Saccharomyces cerevisiae S288c"
"ELMI004490"	"LIG"	"LIG_LIR_Gen_1"	"ATG3_YEAST"	"P40344"	"P40344 D6W1I2"	"269"	"277"	"20615880"	"glutathione s tranferase tag; mutation analysis; nuclear magnetic resonance; pull down"	"true positive"	""	"Saccharomyces cerevisiae S288c"
"ELMI004476"	"LIG"	"LIG_LIR_Gen_1"	"ATG40_YEAST"	"Q99325"	"Q99325 D6W2K9"	"241"	"249"	"32620754"	"coimmunoprecipitation; isothermal titration calorimetry; mutation analysis; x-ray crystallography"	"true positive"	"7BRN"	"Saccharomyces cerevisiae S288c"
"ELMI004489"	"LIG"	"LIG_LIR_Gen_1"	"ATG4B_HUMAN"	"Q9Y4P1"	"Q9Y4P1 B7WNK2 Q53NU4 Q6ZUV8 Q8WYM9 Q96K07 Q96K96 Q96SZ1 Q9Y2F2"	"10"	"20"	"19322194"	"nuclear magnetic resonance; x-ray crystallography"	"true positive"	"2Z0D 2Z0E"	"Homo sapiens"
"ELMI004463"	"LIG"	"LIG_LIR_Gen_1"	"B2L13_MOUSE"	"P59017"	"P59017 Q543S1"	"272"	"280"	"26146385"	"mutation analysis; pull down; two hybrid"	"true positive"	""	"Mus musculus"
"ELMI004468"	"LIG"	"LIG_LIR_Gen_1"	"BAKOR_HUMAN"	"Q6ZNE5"	"Q6ZNE5 A6NJE4 A8K9U5 B7ZWP5 O94920 Q32MK7 Q32MK8"	"434"	"443"	"30767700"	"biolayer interferometry; mutation analysis; peptide array; pull down; x-ray crystallography"	"true positive"	"6HOL"	"Homo sapiens"
"ELMI004454"	"LIG"	"LIG_LIR_Gen_1"	"BALF1_EBVG"	"P0CK59"	"P0CK59 P03229 Q777A6"	"144"	"153"	"31783609"	"colocalization; mutation analysis"	"false positive"	""	"Human herpesvirus 4"
"ELMI004467"	"LIG"	"LIG_LIR_Gen_1"	"BECN1_HUMAN"	"Q14457"	"Q14457 B2R6N7 O75595 Q9UNA8"	"96"	"103"	"30767700"	"biolayer interferometry; mutation analysis; peptide array; pull down; x-ray crystallography"	"true positive"	"6HOJ"	"Homo sapiens"
"ELMI004451"	"LIG"	"LIG_LIR_Gen_1"	"BNI3L_HUMAN"	"O60238"	"O60238 Q5JW63 Q8NF87"	"35"	"41"	"28442745"	"alanine scanning; coimmunoprecipitation; isothermal titration calorimetry; nuclear magnetic resonance; pull down; x-ray crystallography"	"true positive"	"4WAA"	"Homo sapiens"
"ELMI004487"	"LIG"	"LIG_LIR_Gen_1"	"BNIP3_HUMAN"	"Q12983"	"Q12983 O14620 Q96GP0"	"82"	"88"	"23209295 22505714"	"coimmunoprecipitation; fluorescence microscopy; mutation analysis"	"true positive"	""	"Homo sapiens"
"ELMI004458"	"LIG"	"LIG_LIR_Gen_1"	"CALR_HUMAN"	"P27797"	"P27797 Q6IAT4 Q9UDG2"	"199"	"208"	"30429217"	"confocal microscopy; deletion analysis; mutation analysis; pull down"	"false positive"	""	"Homo sapiens"
"ELMI004491"	"LIG"	"LIG_LIR_Gen_1"	"CLH1_HUMAN"	"Q00610"	"Q00610 D3DU00 Q6N0A0 Q86TF2"	"511"	"522"	"18027972"	"nuclear magnetic resonance; pull down; sequence based prediction"	"true positive"	""	"Homo sapiens"
"ELMI004457"	"LIG"	"LIG_LIR_Gen_1"	"CXA1_HUMAN"	"P17302"	"P17302 B2R5U9 Q6FHU1 Q9Y5I8"	"3"	"11"	"32272685"	"coimmunoprecipitation; confocal microscopy; mutation analysis; pull down"	"false positive"	""	"Homo sapiens"
"ELMI004466"	"LIG"	"LIG_LIR_Gen_1"	"FKBP8_HUMAN"	"Q14318"	"Q14318 Q53GU3 Q7Z349 Q86YK6"	"23"	"30"	"28381481"	"coimmunoprecipitation; mutation analysis; peptide array; pull down; two hybrid"	"true positive"	""	"Homo sapiens"
"ELMI004477"	"LIG"	"LIG_LIR_Gen_1"	"FYCO1_HUMAN"	"Q9BQS8"	"Q9BQS8 B7ZKT7 Q3MJE6 Q86T41 Q86TB1 Q8TEF9 Q96IV5 Q9H8P9"	"1277"	"1288"	"27246247"	"chromatography technology; colocalization; isothermal titration calorimetry; mutation analysis; nuclear magnetic resonance; x-ray crystallography"	"true positive"	"5CX3"	"Homo sapiens"
"ELMI004482"	"LIG"	"LIG_LIR_Gen_1"	"JIP1_HUMAN"	"Q9UQF2"	"Q9UQF2 D3DQP4 O43407"	"334"	"342"	"24914561"	"coimmunoprecipitation; deletion analysis; mutation analysis"	"true positive"	""	"Homo sapiens"
"ELMI004456"	"LIG"	"LIG_LIR_Gen_1"	"M2_I34A1"	"P06821"	"P06821 A4GXH7 Q20N37 Q5UAV4 Q5UAV5 Q5UAV6 Q84105 Q8JUU3"	"88"	"96"	"24528869"	"colocalization; deletion analysis; fluorescence microscopy; mutation analysis; pull down"	"true positive"	""	"Influenza A virus (A/Puerto Rico/8/1934(H1N1))"
"ELMI004497"	"LIG"	"LIG_LIR_Gen_1"	"NBR1_HUMAN"	"Q14596"	"Q14596 Q13173 Q15026 Q5J7Q8 Q96GB6 Q9NRF7"	"730"	"740"	"19250911 21620860"	"coimmunoprecipitation; glutathione s tranferase tag; isothermal titration calorimetry; nuclear magnetic resonance; pull down; two hybrid"	"true positive"	"2L8J"	"Homo sapiens"
"ELMI004460"	"LIG"	"LIG_LIR_Gen_1"	"NEDD4_HUMAN"	"P46934-4"	"P46934 A1KY35 A6ND72 A7MD29 B4E2R7 B7ZM59 B7ZM60 B9EGN5 D6RF89"	"264"	"274"	"28470758"	"deletion analysis; electrophoretic mobility shift assay; fluorescence polarization spectroscopy; mutation analysis; x-ray crystallography"	"true positive"	"5V4K"	"Homo sapiens"
"ELMI004480"	"LIG"	"LIG_LIR_Gen_1"	"NEMO_DROME"	"Q9GYV5"	"Q9GYV5 Q9W105"	"6"	"14"	"29097655"	"coimmunoprecipitation; mutation analysis; pull down"	"true positive"	""	"Drosophila melanogaster"
"ELMI004496"	"LIG"	"LIG_LIR_Gen_1"	"OPTN_HUMAN"	"Q96CV9"	"Q96CV9 B3KP00 D3DRS4 D3DRS8 Q5T672 Q5T673 Q5T674 Q5T675 Q7LDL9 Q8N562 Q9UET9 Q9UEV4 Q9Y218"	"175"	"184"	"21617041 23805866"	"confocal microscopy; fluorescence microscopy; glutathione s tranferase tag; isothermal titration calorimetry; mutation analysis; nuclear magnetic resonance; pull down; two hybrid; x-ray crystallography"	"true positive"	"2LUE"	"Homo sapiens"
"ELMI004461"	"LIG"	"LIG_LIR_Gen_1"	"PAXI_HUMAN"	"P49023"	"P49023 B2RAI3 B7ZMB4 O14970 O14971 O60360 Q5HYA4"	"39"	"48"	"27184837"	"coimmunoprecipitation; confocal microscopy; mutation analysis; pull down"	"true positive"	""	"Homo sapiens"
"ELMI004449"	"LIG"	"LIG_LIR_Gen_1"	"PCM1_HUMAN"	"Q15154-5"	"Q15154 A6NNN6 B4DYD5 E7ETA6 E7EV56 Q58F13 Q6P1K7 Q8NB85 Q9BWC1 Q9H4A2"	"1954"	"1963"	"31519908 31053714"	"biolayer interferometry; coimmunoprecipitation; isothermal titration calorimetry; mutation analysis; peptide array; pull down; western blot; x-ray crystallography"	"true positive"	"6HYL 6HYM"	"Homo sapiens"
"ELMI004453"	"LIG"	"LIG_LIR_Gen_1"	"PHB2_MOUSE"	"O35129"	"O35129 O89075 Q61336"	"119"	"128"	"28017329"	"coimmunoprecipitation; mutation analysis; pull down"	"false positive"	""	"Mus musculus"
"ELMI004472"	"LIG"	"LIG_LIR_Gen_1"	"PK3C3_HUMAN"	"Q8NEB9"	"Q8NEB9 Q15134"	"248"	"258"	"30767700"	"biolayer interferometry; mutation analysis; peptide array; pull down; x-ray crystallography"	"unknown"	""	"Homo sapiens"
"ELMI004450"	"LIG"	"LIG_LIR_Gen_1"	"PKHM1_HUMAN"	"Q9Y4G2"	"Q9Y4G2 Q6P2R5 Q8TEL9 Q9NPP5 Q9NYA0"	"634"	"641"	"28655748"	"coimmunoprecipitation; isothermal titration calorimetry; mutation analysis; nuclear magnetic resonance; peptide array; x-ray crystallography"	"true positive"	"5DPR 5DPS 5DPT 5DPW"	"Homo sapiens"
"ELMI004483"	"LIG"	"LIG_LIR_Gen_1"	"Q5ZUV9_LEGPH"	"Q5ZUV9"	"Q5ZUV9"	"15"	"23"	"28395732 27791457 28668392"	"deletion analysis; fluorescence polarization spectroscopy; light scattering; mutation analysis; phenotype-based detection assay; surface plasmon resonance; western blot; x-ray crystallography"	"true positive"	"5XAD"	"Legionella pneumophila subsp. pneumophila str. Philadelphia 1"
"ELMI004485"	"LIG"	"LIG_LIR_Gen_1"	"Q5ZUV9_LEGPH"	"Q5ZUV9"	"Q5ZUV9"	"28"	"36"	"28395732 27791457 28668392"	"competition binding; deletion analysis; isothermal titration calorimetry; light scattering; mutation analysis; mutation disrupting interaction; necessary binding site; phenotype-based detection assay; surface plasmon resonance; western blot; x-ray crystallography"	"true positive"	"5MS6 5XAE"	"Legionella pneumophila subsp. pneumophila str. Philadelphia 1"
"ELMI004484"	"LIG"	"LIG_LIR_Gen_1"	"Q5ZUV9_LEGPH"	"Q5ZUV9"	"Q5ZUV9"	"434"	"443"	"28395732 27791457 31722778 28668392"	"deletion analysis; fluorescence polarization spectroscopy; light scattering; mutation analysis; phenotype-based detection assay; surface plasmon resonance; western blot; x ray scattering; x-ray crystallography"	"true positive"	"5XAC"	"Legionella pneumophila subsp. pneumophila str. Philadelphia 1"
"ELMI004494"	"LIG"	"LIG_LIR_Gen_1"	"Q8MQJ7_DROME"	"Q8MQJ7"	"Q8MQJ7"	"390"	"399"	"23043107"	"glutathione s tranferase tag; mutation analysis; pull down"	"true positive"	""	"Drosophila melanogaster"
"ELMI004474"	"LIG"	"LIG_LIR_Gen_1"	"Q95V81_DROME"	"Q95V81"	"Q95V81"	"303"	"311"	"32460019"	"mutation analysis; pull down; western blot"	"true positive"	""	"Drosophila melanogaster"
"ELMI004473"	"LIG"	"LIG_LIR_Gen_1"	"RBCC1_HUMAN"	"Q8TDY2"	"Q8TDY2 Q86YR4 Q8WVU9 Q92601"	"701"	"710"	"31053714"	"biolayer interferometry; peptide array; western blot"	"true positive"	""	"Homo sapiens"
"ELMI004445"	"LIG"	"LIG_LIR_Gen_1"	"RD54_PHYIT"	"D0NBE6"	"D0NBE6"	"377"	"381"	"26765567 27458016"	"circular dichroism; coimmunoprecipitation; comigration in sds page; isothermal titration calorimetry; mutation analysis; necessary binding site; peptide array; surface plasmon resonance; x-ray crystallography"	"true positive"	"5L83"	"Phytophthora infestans T30-4"
"ELMI004448"	"LIG"	"LIG_LIR_Gen_1"	"RETR1_HUMAN"	"Q9H6L5-1"	"Q9H6L5 Q69YN8 Q9H6K6 Q9H764 Q9NXM8"	"454"	"463"	"29867141 32620754"	"deletion analysis; isothermal titration calorimetry; mutation analysis; x-ray crystallography"	"true positive"	"7BRQ"	"Homo sapiens"
"ELMI004447"	"LIG"	"LIG_LIR_Gen_1"	"RTN3_HUMAN"	"O95197"	"O95197 B3KQS2 B7Z308 B7Z4M0 F5H774 Q147U9 Q496K2 Q53GN3 Q59EP0 Q5UEP2 Q6T930 Q7RTM7 Q7RTM8 Q7RTN3"	"246"	"256"	"32620754"	"deletion analysis; isothermal titration calorimetry; mutation analysis; x-ray crystallography"	"true positive"	"7BRU"	"Homo sapiens"
"ELMI004469"	"LIG"	"LIG_LIR_Gen_1"	"SEC62_HUMAN"	"Q99442"	"Q99442 D3DNQ0 O00682 O00729"	"362"	"371"	"32620754"	"deletion analysis; isothermal titration calorimetry; mutation analysis; x-ray crystallography"	"true positive"	"7BRT"	"Homo sapiens"
"ELMI004465"	"LIG"	"LIG_LIR_Gen_1"	"SQSTM_HUMAN"	"Q13501"	"Q13501 A6NFN7 B2R661 B3KUW5 Q13446 Q9BUV7 Q9BVS6 Q9UEU1"	"335"	"346"	"31053714"	"biolayer interferometry"	"true positive"	""	"Homo sapiens"
"ELMI004462"	"LIG"	"LIG_LIR_Gen_1"	"STX17_HUMAN"	"P56962"	"P56962 Q4VXC2"	"171"	"180"	"32817423"	"coimmunoprecipitation; isothermal titration calorimetry; mutation analysis; nuclear magnetic resonance; x-ray crystallography"	"true positive"	"7BV4"	"Homo sapiens"
"ELMI004475"	"LIG"	"LIG_LIR_Gen_1"	"T53I1_HUMAN"	"Q96A56-1"	"Q96A56 B2RCE5 Q969R9"	"30"	"37"	"22421968"	"bioluminescence resonance energy transfer; competition binding; fluorescence technology; mutation analysis; two hybrid"	"false positive"	""	"Homo sapiens"
"ELMI004488"	"LIG"	"LIG_LIR_Gen_1"	"TBC25_HUMAN"	"Q3MII6"	"Q3MII6 Q08AN9 Q3MII4 Q8TAR9"	"135"	"144"	"21383079"	"glutathione s tranferase tag; mutation analysis; pull down; two hybrid"	"true positive"	""	"Homo sapiens"
"ELMI004493"	"LIG"	"LIG_LIR_Gen_1"	"TBCD5_HUMAN"	"Q92609"	"Q92609 A6NP25 C9JP52"	"58"	"64"	"22354992"	"fluorescence microscopy; glutathione s tranferase tag; mutation analysis; pull down; two hybrid"	"true positive"	""	"Homo sapiens"
"ELMI004492"	"LIG"	"LIG_LIR_Gen_1"	"TBCD5_HUMAN"	"Q92609"	"Q92609 A6NP25 C9JP52"	"785"	"795"	"22354992"	"fluorescence microscopy; glutathione s tranferase tag; mutation analysis; pull down; two hybrid"	"true positive"	""	"Homo sapiens"
"ELMI004470"	"LIG"	"LIG_LIR_Gen_1"	"TCPR1_HUMAN"	"Q7Z6L1"	"Q7Z6L1 A8KAD1 B3KPZ1 C9J024 F5GX57 Q96EB0 Q9P2I9 Q9UFR6"	"173"	"179"	"32532970"	"coimmunoprecipitation; colocalization; mutation analysis; proximity ligation assay; pull down"	"true positive"	""	"Homo sapiens"
"ELMI004446"	"LIG"	"LIG_LIR_Gen_1"	"TCPR2_HUMAN"	"O15040"	"O15040 A5PKY3 A6NFY9 A7E2X3 H0YMM9 Q9UEG6"	"1407"	"1411"	"26431026 33213269"	"coimmunoprecipitation; deletion analysis; isothermal titration calorimetry; mutation analysis; nuclear magnetic resonance; pull down; x-ray crystallography"	"true positive"	"5DCN"	"Homo sapiens"
"ELMI004478"	"LIG"	"LIG_LIR_Gen_1"	"TX264_HUMAN"	"Q9Y6I9"	"Q9Y6I9 B3KN87 Q9UKD7"	"271"	"278"	"31006537"	"coimmunoprecipitation; mutation analysis"	"true positive"	""	"Homo sapiens"
"ELMI004481"	"LIG"	"LIG_LIR_Gen_1"	"ULK1_HUMAN"	"O75385"	"O75385 Q9UQ28"	"356"	"365"	"31053714"	"biolayer interferometry; mutation analysis; peptide array; western blot; x-ray crystallography"	"true positive"	"6HYO"	"Homo sapiens"
"ELMI004486"	"LIG"	"LIG_LIR_Gen_1"	"ULK2_HUMAN"	"Q8IYT8"	"Q8IYT8 A8MY69 O75119"	"351"	"360"	"23043107"	"peptide array"	"true positive"	""	"Homo sapiens"
"ELMI004498"	"LIG"	"LIG_LIR_Gen_1"	"W6PPR4_MOUSE"	"W6PPR4"	"W6PPR4"	"1987"	"1996"	"25552561"	"isothermal titration calorimetry; mutation analysis; proximity ligation assay; two hybrid"	"true positive"	""	"Mus musculus"
"ELMI004471"	"LIG"	"LIG_LIR_Gen_1"	"WDFY3_HUMAN"	"Q8IZQ1"	"Q8IZQ1 Q4W5K5 Q6P0Q5 Q8N1T2 Q8NAV6 Q96BS7 Q96D33 Q96N85 Q9Y2J7"	"3344"	"3351"	"24668264"	"coimmunoprecipitation; colocalization; isothermal titration calorimetry; mutation analysis; pull down; x-ray crystallography"	"true positive"	"3WIM"	"Homo sapiens"
"ELMI002684"	"LIG"	"LIG_LIR_LC3C_4"	"CACO2_HUMAN"	"Q13137"	"Q13137 B2RBT0 B4DDC4 B4DDT4 B4DP36 B4E0C0 E7ENK0 E7ETP5 E9PBE5 Q53FQ5 Q53HB5 Q6IBN9 Q9BTF7"	"132"	"136"	"23022382"	"coimmunoprecipitation; confocal microscopy; green fluorescent protein tag; mutation analysis; nuclear magnetic resonance; x-ray crystallography"	"true positive"	"3VVW"	"Homo sapiens"
"ELMI004444"	"LIG"	"LIG_LIR_Nem_3"	"ALLO1_CAEEL"	"Q9U389"	"Q9U389 Q21891"	"12"	"16"	"29255173"	"coimmunoprecipitation; mutation analysis; two hybrid"	"true positive"	""	"Caenorhabditis elegans"
"ELMI004442"	"LIG"	"LIG_LIR_Nem_3"	"ATG12_CAEEL"	"Q10931"	"Q10931"	"87"	"93"	"26687600"	"mutation analysis; pull down"	"false positive"	""	"Caenorhabditis elegans"
"ELMI004439"	"LIG"	"LIG_LIR_Nem_3"	"EPG2_CAEEL"	"Q95XR4"	"Q95XR4"	"60"	"64"	"26687600"	"mutation analysis; pull down"	"false positive"	""	"Caenorhabditis elegans"
"ELMI004440"	"LIG"	"LIG_LIR_Nem_3"	"EPG2_CAEEL"	"Q95XR4"	"Q95XR4"	"683"	"687"	"26687600"	"mutation analysis; pull down"	"true positive"	""	"Caenorhabditis elegans"
"ELMI004436"	"LIG"	"LIG_LIR_Nem_3"	"G5EC37_CAEEL"	"G5EC37"	"G5EC37"	"105"	"110"	"26687600"	"mutation analysis; pull down"	"false positive"	""	"Caenorhabditis elegans"
"ELMI004437"	"LIG"	"LIG_LIR_Nem_3"	"G5EC37_CAEEL"	"G5EC37"	"G5EC37"	"297"	"303"	"26687600"	"mutation analysis; pull down"	"false positive"	""	"Caenorhabditis elegans"
"ELMI002686"	"LIG"	"LIG_LIR_Nem_3"	"G5EC37_CAEEL"	"G5EC37"	"G5EC37"	"466"	"472"	"19167332 20083108 26687600"	"coimmunoprecipitation; confocal microscopy; mutation analysis; pull down; sequence based prediction; two hybrid"	"true positive"	""	"Caenorhabditis elegans"
"ELMI004443"	"LIG"	"LIG_LIR_Nem_3"	"Q17740_CAEEL"	"Q17740"	"Q17740"	"435"	"440"	"26687600"	"mutation analysis"	"true positive"	""	"Caenorhabditis elegans"
"ELMI004438"	"LIG"	"LIG_LIR_Nem_3"	"Q22342_CAEEL"	"Q22342"	"Q22342"	"1021"	"1026"	"26687600"	"coimmunoprecipitation; mutation analysis; pull down"	"true positive"	""	"Caenorhabditis elegans"
"ELMI004435"	"LIG"	"LIG_LIR_Nem_3"	"Q22436_CAEEL"	"Q22436"	"Q22436"	"491"	"495"	"26687600"	"coimmunoprecipitation; isothermal titration calorimetry; mutation analysis; pull down"	"false positive"	""	"Caenorhabditis elegans"
"ELMI004441"	"LIG"	"LIG_LIR_Nem_3"	"UNC51_CAEEL"	"Q23023"	"Q23023"	"357"	"361"	"26687600"	"isothermal titration calorimetry; mutation analysis; x-ray crystallography"	"true positive"	"5AZG"	"Caenorhabditis elegans"
"ELMI003321"	"LIG"	"LIG_LRP6_Inhibitor_1"	"DKK1_HUMAN"	"O94907"	"O94907 B2RC19"	"37"	"43"	"21944579"	"elisa; mutation analysis; x-ray crystallography"	"true positive"	"3SOQ"	"Homo sapiens"
"ELMI003323"	"LIG"	"LIG_LRP6_Inhibitor_1"	"SOSD1_CHICK"	"Q6VYA3"	"Q6VYA3"	"109"	"121"	"19553665"	"coimmunoprecipitation; mutation disrupting interaction"	"true positive"	""	"Gallus gallus"
"ELMI003322"	"LIG"	"LIG_LRP6_Inhibitor_1"	"SOST_HUMAN"	"Q9BQB4"	"Q9BQB4 Q495N9"	"114"	"126"	"21944579 22696217"	"coimmunoprecipitation; elisa; fluorescent resonance energy transfer; isothermal titration calorimetry; mutation analysis; x-ray crystallography"	"true positive"	"3SOV"	"Homo sapiens"
"ELMI004053"	"LIG"	"LIG_LSD1_SNAG_1"	"GFI1B_HUMAN"	"Q5VTD9-2"	"Q5VTD9 O95270 Q5VTD8 Q6FHZ2 Q6T888"	"1"	"9"	"22399799"	"chromatin immunoprecipitation array; coimmunoprecipitation; mutation analysis; pull down; western blot"	"true positive"	""	"Homo sapiens"
"ELMI004051"	"LIG"	"LIG_LSD1_SNAG_1"	"GFI1B_MOUSE"	"O70237"	"O70237 Q3U039"	"1"	"9"	"17707228"	"alanine scanning; biotin tag; chromatin immunoprecipitation array; coimmunoprecipitation"	"true positive"	""	"Mus musculus"
"ELMI004052"	"LIG"	"LIG_LSD1_SNAG_1"	"GFI1_MOUSE"	"P70338"	"P70338 O09063"	"1"	"9"	"17707228"	"alanine scanning; biotin tag; chromatin immunoprecipitation array; coimmunoprecipitation"	"true positive"	""	"Mus musculus"
"ELMI004054"	"LIG"	"LIG_LSD1_SNAG_1"	"INSM1_MOUSE"	"Q63ZV0"	"Q63ZV0 Q9Z113"	"1"	"9"	"24227653"	"coimmunoprecipitation; deletion analysis"	"true positive"	""	"Mus musculus"
"ELMI004060"	"LIG"	"LIG_LSD1_SNAG_1"	"INSM2_HUMAN"	"Q96T92"	"Q96T92 A1L432 J9Y024 Q8N8K7 Q96Q84"	"1"	"9"	"23102646"	"sequence based prediction"	"true positive"	""	"Homo sapiens"
"ELMI004058"	"LIG"	"LIG_LSD1_SNAG_1"	"OVOL1_HUMAN"	"O14753"	"O14753 Q6PCB1"	"1"	"10"	"17311813"	"deletion analysis; mutation analysis"	"true positive"	""	"Homo sapiens"
"ELMI004056"	"LIG"	"LIG_LSD1_SNAG_1"	"SCRT1_HUMAN"	"Q9BWW7"	"Q9BWW7 A8MX66 Q96C52"	"1"	"10"	"11274425"	"sequence based prediction"	"true positive"	""	"Homo sapiens"
"ELMI004061"	"LIG"	"LIG_LSD1_SNAG_1"	"SCRT2_HUMAN"	"Q9NQ03"	"Q9NQ03"	"1"	"10"	"23102646"	"sequence based prediction"	"true positive"	""	"Homo sapiens"
"ELMI004057"	"LIG"	"LIG_LSD1_SNAG_1"	"SNAI1_HUMAN"	"O95863"	"O95863 Q9P113 Q9UBP7 Q9UHH7"	"1"	"10"	"20389281 21300290 20562920"	"alanine scanning; coimmunoprecipitation; colocalization; deletion analysis; mutation analysis; western blot; x-ray crystallography"	"true positive"	"2Y48"	"Homo sapiens"
"ELMI004055"	"LIG"	"LIG_LSD1_SNAG_1"	"SNAI2_HUMAN"	"O43623"	"O43623 B2R6P6 Q53FC1"	"1"	"10"	"23054398"	"coimmunoprecipitation; competition binding; tag visualisation by luciferase assay"	"true positive"	""	"Homo sapiens"
"ELMI004059"	"LIG"	"LIG_LSD1_SNAG_1"	"SNAI3_MOUSE"	"Q9QY31"	"Q9QY31 Q3U3U2 Q496S5 Q8C244"	"1"	"9"	"10606664"	"tag visualisation by luciferase assay"	"true positive"	""	"Mus musculus"
"ELMI001475"	"LIG"	"LIG_LYPXL_L_2"	"GAG_HV1B1"	"P03347"	"P03347 P03350"	"495"	"504"	"14505569 18066081 17277784 17350572 14519844"	"glutathione s tranferase tag; isothermal titration calorimetry; pull down; surface plasmon resonance; two hybrid; x-ray crystallography"	"true positive"	"2R02"	"Human immunodeficiency virus type 1 BH10"
"ELMI004148"	"LIG"	"LIG_LYPXL_L_2"	"GAG_HV1H2"	"P04591"	"P04591"	"483"	"492"	"18066081"	"isothermal titration calorimetry; mutation analysis; surface plasmon resonance; x-ray crystallography"	"true positive"	"2R02"	"HIV-1 M:B_HXB2R"
"ELMI004142"	"LIG"	"LIG_LYPXL_L_2"	"GAG_HV1Y2"	"P35962"	"P35962"	"483"	"492"	"17350572 17277784 18066081"	"biosensor; isothermal titration calorimetry; mutation analysis; over expressed level; surface plasmon resonance; western blot; x-ray crystallography"	"true positive"	"2R05"	"Human immunodeficiency virus type 1 (isolate YU2)"
"ELMI001476"	"LIG"	"LIG_LYPXL_L_2"	"GAG_SIVCZ"	"P17282"	"P17282"	"491"	"500"	""	"inferred by author"	"true positive"	""	"Simian immunodeficiency virus"
"ELMI004515"	"LIG"	"LIG_LYPXL_S_1"	"B5TVE8_TOXGO"	"B5TVE8"	"B5TVE8 B9PNF6 S7US10"	"394"	"398"	"34898650"	"coimmunoprecipitation; fluorescence microscopy; mutation analysis; proximity ligation assay; sequence based prediction"	"true positive"	""	"Toxoplasma gondii"
"ELMI001464"	"LIG"	"LIG_LYPXL_S_1"	"GAG_EIAVY"	"P69732"	"P69732 P03351"	"457"	"461"	"14505569 17350572 17158451 18066081 14519844"	"biosensor; glutathione s tranferase tag; mutation analysis; over expressed level; pull down; surface plasmon resonance; two hybrid; western blot; x-ray crystallography"	"true positive"	"2R03"	"Equine infectious anemia virus (ISOLATE WYOMING)"
"ELMI001477"	"LIG"	"LIG_LYPXL_S_1"	"GAG_FRSF5"	"P03331"	"P03331"	"128"	"132"	""	"inferred by author"	"true positive"	""	"Friend spleen focus-forming virus (isolate 502)"
"ELMI001470"	"LIG"	"LIG_LYPXL_S_1"	"GAG_FSVMD"	"P03340"	"P03340"	"203"	"207"	""	"inferred by author"	"true positive"	""	"Feline sarcoma virus (STRAIN MCDONOUGH)"
"ELMI001471"	"LIG"	"LIG_LYPXL_S_1"	"GAG_MLVFF"	"P26806"	"P26806"	"130"	"134"	""	"inferred by author"	"true positive"	""	"Friend murine leukemia virus (ISOLATE FB29)"
"ELMI001472"	"LIG"	"LIG_LYPXL_S_1"	"GAG_MLVHO"	"P21435"	"P21435 Q80877 Q80878 Q80879 Q80880"	"128"	"132"	""	"inferred by author"	"true positive"	""	"HoMuLV murine leukemia virus"
"ELMI001469"	"LIG"	"LIG_LYPXL_S_1"	"GAG_MSVFR"	"P29175"	"P29175"	"128"	"132"	""	"inferred by author"	"true positive"	""	"FBR murine osteosarcoma virus"
"ELMI001474"	"LIG"	"LIG_LYPXL_S_1"	"GAG_MSVMO"	"P03334"	"P03334"	"130"	"134"	""	"inferred by author"	"true positive"	""	"Moloney murine sarcoma virus"
"ELMI001468"	"LIG"	"LIG_LYPXL_S_1"	"GAG_RSVP"	"P03322"	"P03322"	"180"	"184"	"20392845"	"mutation analysis"	"true positive"	""	"Rous sarcoma virus - Prague C"
"ELMI001478"	"LIG"	"LIG_LYPXL_S_1"	"GAG_XMRV6"	"Q27ID9"	"Q27ID9"	"128"	"132"	""	"inferred by author"	"true positive"	""	"Xenotropic MuLV-related virus VP62"
"ELMI001466"	"LIG"	"LIG_LYPXL_S_1"	"PACC_EMENI"	"Q00202"	"Q00202 Q5B9C5"	"454"	"458"	"12588984"	"two hybrid"	"true positive"	""	"Aspergillus nidulans"
"ELMI001467"	"LIG"	"LIG_LYPXL_S_1"	"PACC_EMENI"	"Q00202"	"Q00202 Q5B9C5"	"661"	"665"	"12588984"	"two hybrid"	"true positive"	""	"Aspergillus nidulans"
"ELMI001473"	"LIG"	"LIG_LYPXL_S_1"	"POL_MLVMS"	"P03355"	"P03355 O92808"	"130"	"134"	"15908698"	"inferred by author; mutation analysis; two hybrid"	"true positive"	""	"Moloney murine leukemia virus"
"ELMI001465"	"LIG"	"LIG_LYPXL_S_1"	"Q83383_9GAMR"	"Q83383"	"Q83383"	"128"	"132"	"15908698"	"two hybrid"	"true positive"	""	"Murine leukemia virus"
"ELMI004243"	"LIG"	"LIG_LYPXL_S_1"	"RON4_TOXGO"	"B6KJ32"	"B6KJ32 B9PI02 B9Q636 Q27914 Q45WA5 Q6XNE6"	"170"	"174"	"28848228"	"mutation analysis; pull down; two hybrid"	"true positive"	""	"Toxoplasma gondii"
"ELMI004244"	"LIG"	"LIG_LYPXL_S_1"	"RON4_TOXGO"	"B6KJ32"	"B6KJ32 B9PI02 B9Q636 Q27914 Q45WA5 Q6XNE6"	"299"	"303"	"28848228"	"isothermal titration calorimetry; mutation analysis; pull down; two hybrid"	"true positive"	""	"Toxoplasma gondii"
"ELMI002343"	"LIG"	"LIG_LYPXL_S_1"	"SDCB1_HUMAN"	"O00560"	"O00560 B2R5Q7 B4DUH3 B7ZLN2 O00173 O43391 Q14CP2"	"3"	"7"	"22660413"	"coimmunoprecipitation; mutation analysis; surface plasmon resonance; two hybrid"	"true positive"	""	"Homo sapiens"
"ELMI002344"	"LIG"	"LIG_LYPXL_S_1"	"SDCB1_HUMAN"	"O00560"	"O00560 B2R5Q7 B4DUH3 B7ZLN2 O00173 O43391 Q14CP2"	"45"	"49"	"22660413"	"coimmunoprecipitation; mutation analysis; surface plasmon resonance; two hybrid"	"true positive"	""	"Homo sapiens"
"ELMI002345"	"LIG"	"LIG_LYPXL_S_1"	"SDCB1_HUMAN"	"O00560"	"O00560 B2R5Q7 B4DUH3 B7ZLN2 O00173 O43391 Q14CP2"	"49"	"53"	"22660413"	"coimmunoprecipitation; mutation analysis; surface plasmon resonance; two hybrid"	"true positive"	""	"Homo sapiens"
"ELMI004146"	"LIG"	"LIG_LYPXL_SIV_4"	"GAG_SIVG1"	"Q02843"	"Q02843"	"467"	"475"	"20962096"	"biosensor; mutation analysis; x-ray crystallography"	"true positive"	"2XS8"	"Simian immunodeficiency virus (isolate AGM / clone GRI-1)"
"ELMI004145"	"LIG"	"LIG_LYPXL_SIV_4"	"GAG_SIVMK"	"P05893"	"P05893"	"487"	"495"	"20962096"	"biosensor; mutation analysis; western blot; x-ray crystallography"	"true positive"	"2XS1"	"Simian immunodeficiency virus - mac K6W"
"ELMI004147"	"LIG"	"LIG_LYPXL_SIV_4"	"Q8Q7J5_SIV"	"Q8Q7J5-1"	"Q8Q7J5"	"499"	"507"	"20962096"	"sequence based prediction"	"true positive"	""	"Simian immunodeficiency virus SIV-mnd 2"
"ELMI004144"	"LIG"	"LIG_LYPXL_yS_3"	"PACC_YEAST"	"P33400"	"P33400 D3DKU1"	"620"	"623"	"26150415"	"mutation analysis; pull down"	"true positive"	""	"Saccharomyces cerevisiae S288c"
"ELMI004143"	"LIG"	"LIG_LYPXL_yS_3"	"RFU1_YEAST"	"Q08003"	"Q08003 D6VY74"	"190"	"193"	"24962567"	"coimmunoprecipitation; colocalization; deletion analysis; mutation analysis; pull down; western blot"	"true positive"	""	"Saccharomyces cerevisiae S288c"
"ELMI000283"	"LIG"	"LIG_MAD2"	"CDC20_HUMAN"	"Q12834"	"Q12834 B2R6Z6 D3DPJ1 Q5JUY4 Q9BW56 Q9UQI9"	"129"	"137"	"11804586"	"fluorescence technology; mutation analysis; nuclear magnetic resonance"	"true positive"	""	"Homo sapiens"
"ELMI000285"	"LIG"	"LIG_MAD2"	"CDC20_YEAST"	"P26309"	"P26309 D6VU31"	"201"	"209"	""	""	"true positive"	""	"Saccharomyces cerevisiae"
"ELMI000286"	"LIG"	"LIG_MAD2"	"MAD1_YEAST"	"P40957"	"P40957 D6VU58"	"581"	"589"	""	""	"true positive"	""	"Saccharomyces cerevisiae"
"ELMI000287"	"LIG"	"LIG_MAD2"	"MD1L1_HUMAN"	"Q9Y6D9"	"Q9Y6D9 Q13312 Q75MI0 Q86UM4 Q9UNH0"	"541"	"549"	"12006501"	"x-ray crystallography"	"true positive"	"1GO4"	"Homo sapiens"
"ELMI000284"	"LIG"	"LIG_MAD2"	"O93289_XENLA"	"O93289"	"O93289"	"137"	"145"	""	""	"true positive"	""	"Xenopus laevis"
"ELMI000288"	"LIG"	"LIG_MAD2"	"Q24044_DROME"	"Q24044"	"Q24044"	"176"	"184"	""	""	"true positive"	""	"Drosophila melanogaster"
"ELMI004520"	"LIG"	"LIG_Menin_MBM1_1"	"JUND_HUMAN"	"P17535"	"P17535 Q53EK9"	"27"	"36"	"22327296"	"isothermal titration calorimetry; x-ray crystallography"	"true positive"	"3U86"	"Homo sapiens"
"ELMI004522"	"LIG"	"LIG_Menin_MBM1_1"	"JUND_MOUSE"	"P15066"	"P15066"	"35"	"44"	"11032020"	"alanine scanning; chromatography technology; pull down; two hybrid"	"true positive"	""	"Mus musculus"
"ELMI004521"	"LIG"	"LIG_Menin_MBM1_1"	"KMT2B_HUMAN"	"Q9UMN6"	"Q9UMN6 O15022 O95836 Q96GP2 Q96IP3 Q9UK25 Q9Y668 Q9Y669"	"14"	"24"	"22327296"	"isothermal titration calorimetry"	"true positive"	""	"Homo sapiens"
"ELMI004519"	"LIG"	"LIG_Menin_MBM1_1"	"MLL1_HUMAN"	"Q03164"	"Q03164 Q13743 Q13744 Q14845 Q16364 Q59FF2 Q6UBD1 Q9UD94 Q9UMA3"	"5"	"13"	"22327296 22936661 20961854"	"alanine scanning; coimmunoprecipitation; competition binding; fluorescence polarization spectroscopy; isothermal titration calorimetry; mutation analysis; nuclear magnetic resonance; x-ray crystallography"	"true positive"	"3U85 4GQ6"	"Homo sapiens"
"ELMI003614"	"LIG"	"LIG_MLH1_MIPbox_1"	"BLM_HUMAN"	"P54132"	"P54132 Q52M96"	"1322"	"1326"	"19015241"	"isothermal titration calorimetry; two hybrid"	"true positive"	""	"Homo sapiens"
"ELMI003613"	"LIG"	"LIG_MLH1_MIPbox_1"	"EXO1_HUMAN"	"Q9UQ84"	"Q9UQ84 O60545 O75214 O75466 Q5T396 Q96IJ1 Q9UG38 Q9UNW0"	"503"	"507"	"19015241"	"alanine scanning; isothermal titration calorimetry; pull down"	"true positive"	""	"Homo sapiens"
"ELMI003611"	"LIG"	"LIG_MLH1_MIPbox_1"	"EXO1_YEAST"	"P39875"	"P39875 D6W299"	"444"	"448"	"23435383 12042306 19015241"	"alanine scanning; isothermal titration calorimetry; two hybrid; x-ray crystallography"	"true positive"	"4FMO"	"Saccharomyces cerevisiae S288c"
"ELMI003615"	"LIG"	"LIG_MLH1_MIPbox_1"	"MSH3_YEAST"	"P25336"	"P25336 D6VR92"	"7"	"11"	"20154325"	"far western blotting; identification by antibody; mutation analysis; phenotype-based detection assay; surface plasmon resonance"	"true positive"	""	"Saccharomyces cerevisiae"
"ELMI003610"	"LIG"	"LIG_MLH1_MIPbox_1"	"NTH2_YEAST"	"Q08214"	"Q08214 D6W223"	"23"	"27"	"23435383 12042306 19015241"	"alanine scanning; isothermal titration calorimetry; pull down; two hybrid; x-ray crystallography"	"true positive"	"4FMN"	"Saccharomyces cerevisiae S288c"
"ELMI003612"	"LIG"	"LIG_MLH1_MIPbox_1"	"SGS1_YEAST"	"P35187"	"P35187 D6W014"	"1382"	"1386"	"19015241"	"alanine scanning; isothermal titration calorimetry; two hybrid"	"true positive"	""	"Saccharomyces cerevisiae S288c"
"ELMI004750"	"LIG"	"LIG_MSH2_SHIPbox_1"	"DPB3_YEAST"	"P27344"	"P27344 D6VQS3"	"167"	"176"	"30061603"	"alanine scanning; mutation analysis; mutation disrupting interaction; phenotype-based detection assay; two hybrid"	"true positive"	""	"Saccharomyces cerevisiae S288c"
"ELMI004755"	"LIG"	"LIG_MSH2_SHIPbox_1"	"EXO1_HUMAN"	"Q9UQ84"	"Q9UQ84 O60545 O75214 O75466 Q5T396 Q96IJ1 Q9UG38 Q9UNW0"	"602"	"611"	"35166826"	"mutation analysis; pull down; sequence based prediction"	"true positive"	""	"Homo sapiens"
"ELMI004756"	"LIG"	"LIG_MSH2_SHIPbox_1"	"EXO1_HUMAN"	"Q9UQ84"	"Q9UQ84 O60545 O75214 O75466 Q5T396 Q96IJ1 Q9UG38 Q9UNW0"	"791"	"800"	"35166826"	"mutation analysis; pull down; sequence based prediction"	"true positive"	""	"Homo sapiens"
"ELMI004747"	"LIG"	"LIG_MSH2_SHIPbox_1"	"EXO1_YEAST"	"P39875"	"P39875 D6W299"	"576"	"584"	"30061603"	"alanine scanning; competition binding; mutation disrupting interaction; phenotype-based detection assay; two hybrid"	"true positive"	""	"Saccharomyces cerevisiae S288c"
"ELMI004748"	"LIG"	"LIG_MSH2_SHIPbox_1"	"EXO1_YEAST"	"P39875"	"P39875 D6W299"	"691"	"699"	"30061603"	"alanine scanning; competition binding; mutation disrupting interaction; phenotype-based detection assay; two hybrid"	"true positive"	""	"Saccharomyces cerevisiae S288c"
"ELMI004749"	"LIG"	"LIG_MSH2_SHIPbox_1"	"FUN30_YEAST"	"P31380"	"P31380 D6VPJ9"	"42"	"51"	"30061603"	"alanine scanning; mutation analysis; mutation disrupting interaction; phenotype-based detection assay; two hybrid"	"true positive"	""	"Saccharomyces cerevisiae S288c"
"ELMI004753"	"LIG"	"LIG_MSH2_SHIPbox_1"	"MCM9_HUMAN"	"Q9NXL9"	"Q9NXL9 B4DR30 B9DI77 Q2KHJ0 Q8N5S5 Q9HCV5"	"917"	"925"	"26300262"	"affinity chromatography technology; coimmunoprecipitation; detection by mass spectrometry; phenotype-based detection assay; rna interference"	"true positive"	""	"Homo sapiens"
"ELMI004754"	"LIG"	"LIG_MSH2_SHIPbox_1"	"MCM9_HUMAN"	"Q9NXL9"	"Q9NXL9 B4DR30 B9DI77 Q2KHJ0 Q8N5S5 Q9HCV5"	"1055"	"1063"	"26300262"	"affinity chromatography technology; coimmunoprecipitation; detection by mass spectrometry; phenotype-based detection assay; rna interference"	"true positive"	""	"Homo sapiens"
"ELMI004752"	"LIG"	"LIG_MSH2_SHIPbox_1"	"SMRCD_HUMAN"	"Q9H4L7"	"Q9H4L7 B7Z799 Q05D56 Q96SX1 Q9H017 Q9H860 Q9NPU9 Q9ULU7"	"3"	"11"	"27037360"	"pull down; tandem affinity purification"	"true positive"	""	"Homo sapiens"
"ELMI004751"	"LIG"	"LIG_MSH2_SHIPbox_1"	"WDHD1_HUMAN"	"O75717"	"O75717 C9JW18 F6W0U7"	"1117"	"1126"	"27037360"	"coimmunoprecipitation; mutation analysis; phenotype-based detection assay; pull down; tandem affinity purification; western blot"	"true positive"	""	"Homo sapiens"
"ELMI004670"	"LIG"	"LIG_MTR4_AIM_1"	"AIR2_YEAST"	"Q12476"	"Q12476 D6VRH7"	"8"	"14"	"25175027"	"chromatography technology; fusion protein; glutathione s tranferase tag; isothermal titration calorimetry; mutation analysis; pull down; x-ray crystallography"	"true positive"	"4U4C"	"Saccharomyces cerevisiae S288c"
"ELMI004667"	"LIG"	"LIG_MTR4_AIM_1"	"NOP53_HUMAN"	"Q9NZM5"	"Q9NZM5 Q9BTC6 Q9HAX6 Q9NPP1 Q9NPR4 Q9UFI2"	"87"	"93"	"31358741"	"glutathione s tranferase tag; isothermal titration calorimetry; pull down"	"true positive"	""	"Homo sapiens"
"ELMI004663"	"LIG"	"LIG_MTR4_AIM_1"	"NOP53_YEAST"	"Q12080"	"Q12080 D6W3M3"	"61"	"67"	"26317469 28883156"	"alanine scanning; deletion analysis; glutathione s tranferase tag; isothermal titration calorimetry; mass spectrometry studies of complexes; mutation analysis; nuclear magnetic resonance; pull down; tandem affinity purification; two hybrid; x-ray crystallography"	"true positive"	"5OOQ"	"Saccharomyces cerevisiae S288c"
"ELMI004669"	"LIG"	"LIG_MTR4_AIM_1"	"NRDE2_HUMAN"	"Q9H7Z3"	"Q9H7Z3 B4DH71 Q4G0A7 Q9NWH6"	"163"	"169"	"30842217"	"coimmunoprecipitation; comigration in gel electrophoresis; mutation analysis; over expressed level; phenotype-based detection assay; pull down; rna interference; western blot; x-ray crystallography"	"true positive"	"6IEH"	"Homo sapiens"
"ELMI004666"	"LIG"	"LIG_MTR4_AIM_1"	"NVL_HUMAN"	"O15381"	"O15381 B4DMC4 B4DP98 Q96EM7"	"173"	"179"	"31358741"	"coimmunoprecipitation; comigration in sds page; glutathione s tranferase tag; isothermal titration calorimetry; microscale thermophoresis; mutation analysis; nuclear magnetic resonance; pull down; x-ray crystallography"	"true positive"	"6RO1"	"Homo sapiens"
"ELMI004665"	"LIG"	"LIG_MTR4_AIM_1"	"SQS1_YEAST"	"P53866"	"P53866 D6W0W6"	"208"	"214"	"26317469"	"alanine scanning; mutation analysis; pull down; two hybrid"	"true positive"	""	"Saccharomyces cerevisiae S288c"
"ELMI004664"	"LIG"	"LIG_MTR4_AIM_1"	"UTP18_YEAST"	"P40362"	"P40362 D6VWB4"	"85"	"91"	"26317469 28883156"	"alanine scanning; deletion analysis; isothermal titration calorimetry; mass spectrometry studies of complexes; mutation analysis; pull down; two hybrid"	"true positive"	""	"Saccharomyces cerevisiae S288c"
"ELMI004668"	"LIG"	"LIG_MTR4_AIM_1"	"ZCHC8_HUMAN"	"Q6NZY4"	"Q6NZY4 Q7L2P6 Q8N2K5 Q96SK7 Q9NSS2 Q9NSS3"	"178"	"184"	"31358741"	"competition binding; microscale thermophoresis; mutation analysis; pull down"	"true positive"	""	"Homo sapiens"
"ELMI002852"	"LIG"	"LIG_Mtr4_Air2_1"	"AIR1_SCHPO"	"Q9P795"	"Q9P795"	"78"	"82"	"25175027"	"inferred by author; sequence based prediction"	"true positive"	""	"Schizosaccharomyces pombe 972h-"
"ELMI002851"	"LIG"	"LIG_Mtr4_Air2_1"	"AIR1_YEAST"	"P40507"	"P40507 D6VVK5"	"55"	"59"	"25175027"	"inferred by author; sequence based prediction"	"true positive"	""	"Saccharomyces cerevisiae S288c"
"ELMI002850"	"LIG"	"LIG_Mtr4_Air2_1"	"AIR2_YEAST"	"Q12476"	"Q12476 D6VRH7"	"43"	"47"	"25175027 15935758"	"coimmunoprecipitation; glutathione s tranferase tag; isothermal titration calorimetry; pull down; tandem affinity purification; two hybrid; x-ray crystallography"	"true positive"	"4U4C"	"Saccharomyces cerevisiae S288c"
"ELMI002854"	"LIG"	"LIG_Mtr4_Trf4_1"	"CID14_SCHPO"	"Q9UTN3"	"Q9UTN3 Q09876 Q565C4"	"150"	"168"	"25589546 20403971"	"inferred by author; sequence based prediction; tandem affinity purification"	"true positive"	""	"Schizosaccharomyces pombe 972h-"
"ELMI002853"	"LIG"	"LIG_Mtr4_Trf4_1"	"PAP2_YEAST"	"P53632"	"P53632 D6W1V2"	"118"	"133"	"25175027 15935758"	"glutathione s tranferase tag; isothermal titration calorimetry; pull down; tandem affinity purification; x-ray crystallography"	"true positive"	"4U4C"	"Saccharomyces cerevisiae S288c"
"ELMI002856"	"LIG"	"LIG_Mtr4_Trf4_1"	"TRF5_ASHGO"	"Q9HFW3"	"Q9HFW3"	"131"	"146"	"25589546"	"inferred by author; sequence based prediction"	"true positive"	""	"Ashbya gossypii ATCC 10895"
"ELMI002855"	"LIG"	"LIG_Mtr4_Trf4_1"	"TRF5_YEAST"	"P48561"	"P48561 D6W0P5"	"101"	"117"	"25589546"	"coimmunoprecipitation; fluorescence microscopy; two hybrid"	"true positive"	""	"Saccharomyces cerevisiae S288c"
"ELMI002857"	"LIG"	"LIG_Mtr4_Trf4_2"	"PAPD5_HUMAN"	"Q8NDF8"	"Q8NDF8 B4DV38 Q9NW67 Q9Y6C0"	"18"	"25"	"25589546"	"inferred by author; inferred by curator"	"unknown"	""	"Homo sapiens"
"ELMI002858"	"LIG"	"LIG_Mtr4_Trf4_2"	"PAPD5_MOUSE"	"Q68ED3"	"Q68ED3 A6H635 Q8C0K6"	"18"	"25"	""	"inferred by curator"	"unknown"	""	"Mus musculus"
"ELMI002859"	"LIG"	"LIG_Mtr4_Trf4_2"	"W5LIB7_ASTMX"	"W5LIB7"	"W5LIB7"	"94"	"101"	""	"inferred by curator"	"unknown"	""	"Astyanax mexicanus"
"ELMI002470"	"LIG"	"LIG_MYND_1"	"E1A_ADE05"	"P03255"	"P03255 P06438 Q64825 Q64826"	"113"	"117"	"11733528"	"coimmunoprecipitation; glutathione s tranferase tag; mutation analysis; mutation disrupting interaction; pull down"	"true positive"	""	"Human adenovirus 5"
"ELMI002471"	"LIG"	"LIG_MYND_1"	"EBNA2_EBVB9"	"P12978"	"P12978 Q69023 Q777H1"	"383"	"387"	"11733528"	"coimmunoprecipitation; glutathione s tranferase tag; mutation analysis; mutation disrupting interaction; pull down; two hybrid"	"true positive"	""	"Human herpesvirus 4 (strain B95-8)"
"ELMI002472"	"LIG"	"LIG_MYND_1"	"EBNA2_EBVB9"	"P12978"	"P12978 Q69023 Q777H1"	"437"	"441"	"11733528"	"coimmunoprecipitation; glutathione s tranferase tag; mutation analysis; mutation disrupting interaction; pull down; two hybrid"	"true positive"	""	"Human herpesvirus 4 (strain B95-8)"
"ELMI002473"	"LIG"	"LIG_MYND_1"	"MGAP_HUMAN"	"Q8IWI9"	"Q8IWI9 Q9H8R3 Q9H9N7 Q9UG69 Q9Y4E9"	"2948"	"2952"	"11733528"	"glutathione s tranferase tag; mutation analysis; mutation disrupting interaction; pull down; two hybrid"	"true positive"	""	"Homo sapiens"
"ELMI002474"	"LIG"	"LIG_MYND_1"	"MGAP_HUMAN"	"Q8IWI9"	"Q8IWI9 Q9H8R3 Q9H9N7 Q9UG69 Q9Y4E9"	"2973"	"2977"	"11733528"	"glutathione s tranferase tag; mutation analysis; mutation disrupting interaction; pull down; two hybrid"	"true positive"	""	"Homo sapiens"
"ELMI002475"	"LIG"	"LIG_MYND_1"	"NACAM_MOUSE"	"P70670"	"P70670 E9QMB1"	"1950"	"1954"	"12011100"	"coimmunoprecipitation; colocalization; mutation analysis; mutation disrupting interaction"	"true positive"	""	"Mus musculus"
"ELMI002476"	"LIG"	"LIG_MYND_2"	"NCOR1_HUMAN"	"O75376"	"O75376 B3DLF8 Q9UPV5 Q9UQ18"	"1033"	"1037"	"17560331 23372760"	"fluorescence polarization spectroscopy; isothermal titration calorimetry; nuclear magnetic resonance"	"true positive"	""	"Homo sapiens"
"ELMI002477"	"LIG"	"LIG_MYND_2"	"NCOR2_HUMAN"	"Q9Y618"	"Q9Y618 O00613 O15416 O15421 Q13354 Q56D06 Q59GM0 Q9Y5U0"	"1113"	"1117"	"17560331 23372760"	"fluorescence polarization spectroscopy; isothermal titration calorimetry; nuclear magnetic resonance"	"true positive"	"2ODD"	"Homo sapiens"
"ELMI002478"	"LIG"	"LIG_MYND_2"	"NCOR2_HUMAN"	"Q9Y618"	"Q9Y618 O00613 O15416 O15421 Q13354 Q56D06 Q59GM0 Q9Y5U0"	"1674"	"1678"	"17560331"	"fluorescence polarization spectroscopy; isothermal titration calorimetry"	"true positive"	""	"Homo sapiens"
"ELMI002479"	"LIG"	"LIG_MYND_3"	"FKBP8_HUMAN"	"Q14318"	"Q14318 Q53GU3 Q7Z349 Q86YK6"	"52"	"56"	"23413029 19546213"	"affinity chromatography technology; anti tag coimmunoprecipitation; coimmunoprecipitation; colocalization; competition binding; detection by mass spectrometry; fluorescence polarization spectroscopy; fluorescent resonance energy transfer; glutathione s tranferase tag; isothermal titration calorimetry; mutation analysis; protein array; pull down; subcellular preparation"	"true positive"	""	"Homo sapiens"
"ELMI002480"	"LIG"	"LIG_MYND_3"	"TEBP_HUMAN"	"Q15185"	"Q15185 A8K7D0 Q8WU70"	"156"	"160"	"23413029"	"alanine scanning; anti tag coimmunoprecipitation; coimmunoprecipitation; detection by mass spectrometry; mutation analysis; rna interference; western blot"	"true positive"	""	"Homo sapiens"
"ELMI002512"	"LIG"	"LIG_NBox_RRM_1"	"FUBP1_HUMAN"	"Q96AE4"	"Q96AE4 Q12828"	"31"	"41"	"20711187"	"alanine scanning; biolayer interferometry; nuclear magnetic resonance"	"true positive"	"2KXH"	"Homo sapiens"
"ELMI002513"	"LIG"	"LIG_NBox_RRM_1"	"FUBP2_HUMAN"	"Q92945"	"Q92945 O00301 Q59EZ9 Q5U4P6 Q9UNT5 Q9UQH5"	"74"	"84"	"16914741"	"glutathione s tranferase tag; mutation analysis; pull down; two hybrid"	"true positive"	""	"Homo sapiens"
"ELMI000789"	"LIG"	"LIG_NRBOX"	"CBP_HUMAN"	"Q92793"	"Q92793 D3DUC9 O00147 Q16376"	"69"	"75"	"9192902"	"not specified; two hybrid"	"true positive"	""	"Homo sapiens"
"ELMI000790"	"LIG"	"LIG_NRBOX"	"CBP_HUMAN"	"Q92793"	"Q92793 D3DUC9 O00147 Q16376"	"357"	"363"	"9192902"	"not specified; two hybrid"	"false positive"	""	"Homo sapiens"
"ELMI000768"	"LIG"	"LIG_NRBOX"	"HAIR_HUMAN"	"O43593"	"O43593 Q6GS30 Q96H33 Q9NPE1"	"565"	"571"	"12215540"	"not specified"	"true positive"	""	"Homo sapiens"
"ELMI000769"	"LIG"	"LIG_NRBOX"	"HAIR_HUMAN"	"O43593"	"O43593 Q6GS30 Q96H33 Q9NPE1"	"757"	"763"	"12215540"	"not specified"	"true positive"	""	"Homo sapiens"
"ELMI000785"	"LIG"	"LIG_NRBOX"	"MED1_HUMAN"	"Q15648"	"Q15648 A2RRQ6 O43810 O75447 Q6P9H7 Q6PK58 Q9HD39"	"603"	"609"	"12556447"	"not specified"	"true positive"	""	"Homo sapiens"
"ELMI000786"	"LIG"	"LIG_NRBOX"	"MED1_HUMAN"	"Q15648"	"Q15648 A2RRQ6 O43810 O75447 Q6P9H7 Q6PK58 Q9HD39"	"644"	"650"	"15065852 12556447"	"not specified; x-ray crystallography"	"true positive"	"1RJK"	"Homo sapiens"
"ELMI000782"	"LIG"	"LIG_NRBOX"	"NCOA2_HUMAN"	"Q15596"	"Q15596 Q14CD2"	"640"	"646"	"9430642"	"affinity chromatography technology; mutation analysis; not specified"	"true positive"	""	"Homo sapiens"
"ELMI000783"	"LIG"	"LIG_NRBOX"	"NCOA2_HUMAN"	"Q15596"	"Q15596 Q14CD2"	"689"	"695"	"9430642 11937504"	"affinity chromatography technology; mutation analysis; not specified; x-ray crystallography"	"true positive"	"1GWQ"	"Homo sapiens"
"ELMI000784"	"LIG"	"LIG_NRBOX"	"NCOA2_HUMAN"	"Q15596"	"Q15596 Q14CD2"	"744"	"750"	"12151000"	"x-ray crystallography"	"true positive"	"1M2Z"	"Homo sapiens"
"ELMI000781"	"LIG"	"LIG_NRBOX"	"NCOA6_MOUSE"	"Q9JL19"	"Q9JL19 Q9JLT9"	"1494"	"1500"	"12724417"	"not specified"	"true positive"	""	"Mus musculus"
"ELMI000771"	"LIG"	"LIG_NRBOX"	"NRIP1_HUMAN"	"P48552"	"P48552 Q8IWE8"	"20"	"26"	"9192902"	"not specified; two hybrid"	"true positive"	""	"Homo sapiens"
"ELMI000772"	"LIG"	"LIG_NRBOX"	"NRIP1_HUMAN"	"P48552"	"P48552 Q8IWE8"	"132"	"138"	"9192902"	"not specified; two hybrid"	"true positive"	""	"Homo sapiens"
"ELMI000773"	"LIG"	"LIG_NRBOX"	"NRIP1_HUMAN"	"P48552"	"P48552 Q8IWE8"	"184"	"190"	"9192902"	"not specified; two hybrid"	"true positive"	""	"Homo sapiens"
"ELMI000774"	"LIG"	"LIG_NRBOX"	"NRIP1_HUMAN"	"P48552"	"P48552 Q8IWE8"	"265"	"271"	"9192902"	"not specified; two hybrid"	"true positive"	""	"Homo sapiens"
"ELMI000775"	"LIG"	"LIG_NRBOX"	"NRIP1_HUMAN"	"P48552"	"P48552 Q8IWE8"	"379"	"385"	"9192902 16990259"	"not specified; two hybrid; x-ray crystallography"	"true positive"	"2GPO"	"Homo sapiens"
"ELMI000776"	"LIG"	"LIG_NRBOX"	"NRIP1_HUMAN"	"P48552"	"P48552 Q8IWE8"	"499"	"505"	""	"not specified"	"true positive"	""	"Homo sapiens"
"ELMI000777"	"LIG"	"LIG_NRBOX"	"NRIP1_HUMAN"	"P48552"	"P48552 Q8IWE8"	"500"	"506"	"9192902"	"not specified; two hybrid"	"true positive"	""	"Homo sapiens"
"ELMI000778"	"LIG"	"LIG_NRBOX"	"NRIP1_HUMAN"	"P48552"	"P48552 Q8IWE8"	"712"	"718"	"9192902"	"not specified; two hybrid"	"true positive"	""	"Homo sapiens"
"ELMI000779"	"LIG"	"LIG_NRBOX"	"NRIP1_HUMAN"	"P48552"	"P48552 Q8IWE8"	"818"	"824"	"9192902"	"not specified; two hybrid"	"true positive"	""	"Homo sapiens"
"ELMI000780"	"LIG"	"LIG_NRBOX"	"NRIP1_HUMAN"	"P48552"	"P48552 Q8IWE8"	"935"	"941"	"9192902"	"mutation analysis; not specified; two hybrid"	"true positive"	""	"Homo sapiens"
"ELMI000788"	"LIG"	"LIG_NRBOX"	"PA2G4_HUMAN"	"Q9UQ80"	"Q9UQ80 O43846 Q9UM59"	"353"	"359"	"12165860"	"not specified"	"true positive"	""	"Homo sapiens"
"ELMI000787"	"LIG"	"LIG_NRBOX"	"PRGC1_HUMAN"	"Q9UBK2"	"Q9UBK2 Q9UN32"	"143"	"149"	"18469005 12502716"	"not specified; x-ray crystallography"	"true positive"	"3CS8"	"Homo sapiens"
"ELMI000770"	"LIG"	"LIG_NRBOX"	"Q90ZL7_DANRE"	"Q90ZL7"	"Q90ZL7"	"69"	"75"	"14517294"	"not specified"	"true positive"	""	"Danio rerio"
"ELMI002588"	"LIG"	"LIG_NRBOX"	"TRXR1_HUMAN"	"Q16881-4"	"Q16881 Q6FI31 Q6VB40 Q6VB41 Q6VB42 Q6VBP2 Q6VBP3 Q6VBP4 Q6VBP5 Q6VBP9 Q6VBQ0 Q6YNQ1 Q76P53 Q7LA96 Q8WVC8 Q99475 Q9UES8 Q9UH79"	"46"	"52"	"15199063"	"competition binding; confocal microscopy; glutathione s tranferase tag; pull down"	"true positive"	""	"Homo sapiens"
"ELMI004693"	"LIG"	"LIG_Nrd1CID_NIM_1"	"MPP6_YEAST"	"P53725"	"P53725 D6W1J9"	"155"	"162"	"27076633"	"coimmunoprecipitation; competition binding; isothermal titration calorimetry; mutation analysis; nuclear magnetic resonance; two hybrid; western blot"	"true positive"	""	"Saccharomyces cerevisiae S288c"
"ELMI004689"	"LIG"	"LIG_Nrd1CID_NIM_1"	"PAP2_YEAST"	"P53632"	"P53632 D6W1V2"	"575"	"583"	"27076633 25066235"	"chromatin immunoprecipitation assay; coimmunoprecipitation; competition binding; fluorescence technology; isothermal titration calorimetry; northern blot; nuclear magnetic resonance; western blot"	"true positive"	"2MOW"	"Saccharomyces cerevisiae S288c"
"ELMI004691"	"LIG"	"LIG_Nrd1CID_NIM_1"	"SEN1_YEAST"	"Q00416"	"Q00416 D6VZ65 E9P9Z4 Q06448"	"1884"	"1891"	"31104813"	"coimmunoprecipitation; fluorescence polarization spectroscopy; sequence based prediction; x-ray crystallography"	"true positive"	"6O3W"	"Saccharomyces cerevisiae S288c"
"ELMI004690"	"LIG"	"LIG_Nrd1CID_NIM_1"	"SEN1_YEAST"	"Q00416"	"Q00416 D6VZ65 E9P9Z4 Q06448"	"2055"	"2062"	"31104813"	"chromatography technology; coimmunoprecipitation; fluorescence polarization spectroscopy; mutation analysis; pull down; sequence based prediction; x-ray crystallography"	"true positive"	"6O3X"	"Saccharomyces cerevisiae S288c"
"ELMI004692"	"LIG"	"LIG_Nrd1CID_NIM_1"	"SEN1_YEAST"	"Q00416"	"Q00416 D6VZ65 E9P9Z4 Q06448"	"2181"	"2190"	"31104813"	"coimmunoprecipitation; fluorescence polarization spectroscopy; pull down; sequence based prediction; x-ray crystallography"	"true positive"	"6O3Y"	"Saccharomyces cerevisiae S288c"
"ELMI004004"	"LIG"	"LIG_NRP_CendR_1"	"ENV_HTL1M"	"P23064"	"P23064"	"309"	"312"	"29458191"	"isothermal titration calorimetry; nuclear magnetic resonance; pull down"	"true positive"	""	"Human T-cell lymphotrophic virus type 1 (isolate MT-2)"
"ELMI004000"	"LIG"	"LIG_NRP_CendR_1"	"PDGFD_HUMAN"	"Q9GZP0"	"Q9GZP0 A8K9T6 Q9BWV5"	"367"	"370"	"28254885"	"colocalization; mutation analysis; mutation disrupting interaction; western blot"	"true positive"	""	"Homo sapiens"
"ELMI004001"	"LIG"	"LIG_NRP_CendR_1"	"Q2F842_ORFV"	"Q2F842"	"Q2F842"	"127"	"130"	"18467594"	"coimmunoprecipitation; competition binding; mutation analysis; surface plasmon resonance"	"true positive"	""	"Orf virus"
"ELMI004008"	"LIG"	"LIG_NRP_CendR_1"	"SEM3A_MOUSE"	"O08665"	"O08665 E9QK85 Q5BL08 Q62180 Q62215"	"554"	"555"	"23104057"	"mutation analysis; surface plasmon resonance; x-ray crystallography"	"true positive"	"4GZA"	"Mus musculus"
"ELMI003999"	"LIG"	"LIG_NRP_CendR_1"	"SEM3F_HUMAN"	"Q13275"	"Q13275 C9JQ85 Q13274 Q13372 Q15704 Q6GTR4"	"778"	"779"	"20387901"	"affinity chromatography technology; fluorescence polarization spectroscopy; inhibitor"	"true positive"	""	"Homo sapiens"
"ELMI004010"	"LIG"	"LIG_NRP_CendR_1"	"SPIKE_SARS2"	"P0DTC2"	"P0DTC2 PRO_0000449647"	"682"	"685"	""	"coimmunoprecipitation; mutation analysis"	"true positive"	""	"Severe acute respiratory syndrome coronavirus 2"
"ELMI004006"	"LIG"	"LIG_NRP_CendR_1"	"TGFB1_MOUSE"	"P04202"	"P04202"	"275"	"278"	"18436584"	"elisa; fluorescence-activated cell sorting"	"true positive"	""	"Mus musculus"
"ELMI004007"	"LIG"	"LIG_NRP_CendR_1"	"TUFT_HUMAN"	"P01858"	"P01858"	"2"	"4"	"17405859"	"x-ray crystallography"	"true positive"	"2ORZ"	"Homo sapiens"
"ELMI004009"	"LIG"	"LIG_NRP_CendR_1"	"VEGFA_HUMAN"	"P15692-4"	"P15692 B5BU86 H0Y2S8 H0Y407 H0Y414 H0Y462 H0Y8N2 H3BLW7 O60720 O75875 Q074Z4 Q16889 Q5UB46 Q6P0P5 Q96KJ0 Q96L82 Q96NW5 Q9H1W8 Q9H1W9 Q9UH58 Q9UL23"	"188"	"191"	"26991001"	"isothermal titration calorimetry; x-ray crystallography"	"true positive"	"5DN2"	"Homo sapiens"
"ELMI003998"	"LIG"	"LIG_NRP_CendR_1"	"VEGFA_MOUSE"	"Q00731-3"	"Q00731 O70123 Q66S31 Q6GT23 Q6WZL9"	"143"	"146"	"22318724"	"elisa"	"true positive"	""	"Mus musculus"
"ELMI003997"	"LIG"	"LIG_NRP_CendR_1"	"VEGFA_MOUSE"	"Q00731-2"	"Q00731 O70123 Q66S31 Q6GT23 Q6WZL9"	"187"	"190"	"22318724"	"elisa; mutation analysis; x-ray crystallography"	"true positive"	"4DEQ"	"Mus musculus"
"ELMI004005"	"LIG"	"LIG_NRP_CendR_1"	"VEGFC_HUMAN"	"P49767"	"P49767 B2R9Q8"	"226"	"227"	"25752543"	"differential scanning calorimetry; mutation analysis; x-ray crystallography"	"true positive"	""	"Homo sapiens"
"ELMI002063"	"LIG"	"LIG_OCRL_FandH_1"	"DP13A_HUMAN"	"Q9UKG1"	"Q9UKG1 Q9P2B9"	"403"	"415"	"21666675 18307981 20133602 17765681"	"anti tag coimmunoprecipitation; colocalization; glutathione s tranferase tag; green fluorescent protein tag; isothermal titration calorimetry; mutation disrupting interaction; pull down; sequence based prediction; surface plasmon resonance"	"true positive"	""	"Homo sapiens"
"ELMI002061"	"LIG"	"LIG_OCRL_FandH_1"	"SESQ1_HUMAN"	"Q8N4B1"	"Q8N4B1 Q6PJL9 Q96MH8"	"223"	"235"	"21233288 21666675 20133602"	"anti tag coimmunoprecipitation; coimmunoprecipitation; colocalization; competition binding; glutathione s tranferase tag; green fluorescent protein tag; isothermal titration calorimetry; mutation disrupting interaction; pull down; sequence based prediction; surface plasmon resonance; two hybrid; x-ray crystallography"	"true positive"	"3QIS"	"Homo sapiens"
"ELMI002062"	"LIG"	"LIG_OCRL_FandH_1"	"SESQ2_HUMAN"	"Q6ICB4"	"Q6ICB4 Q3SXQ3 Q8N6L9"	"223"	"235"	"21233288 21666675 20133602"	"coimmunoprecipitation; colocalization; competition binding; glutathione s tranferase tag; green fluorescent protein tag; mutation disrupting interaction; pull down; sequence based prediction; surface plasmon resonance; two hybrid"	"true positive"	""	"Homo sapiens"
"ELMI002975"	"LIG"	"LIG_PALB2_WD40_1"	"BRCA2_HUMAN"	"P51587"	"P51587 O00183 O15008 Q13879 Q5TBJ7"	"27"	"35"	"19609323"	"coimmunoprecipitation; fluorescence polarization spectroscopy; mutation analysis; x-ray crystallography"	"true positive"	"3EU7"	"Homo sapiens"
"ELMI001608"	"LIG"	"LIG_PAM2_1"	"ATX2_DROME"	"Q8SWR8"	"Q8SWR8 Q8IHA4 Q8IHF7 Q8INE0 Q8T081 Q95U80 Q9VF64"	"857"	"869"	"16835262"	"coimmunoprecipitation; mutation analysis"	"true positive"	""	"Drosophila melanogaster"
"ELMI001607"	"LIG"	"LIG_PAM2_1"	"ATX2_HUMAN"	"Q99700"	"Q99700 A6NLD4 Q6ZQZ7 Q99493"	"912"	"924"	"16554297 20181956"	"isothermal titration calorimetry; nuclear magnetic resonance; surface plasmon resonance; x-ray crystallography"	"true positive"	"3KTR"	"Homo sapiens"
"ELMI001622"	"LIG"	"LIG_PAM2_1"	"ERD15_ARATH"	"Q39096"	"Q39096 Q3E6W2 Q8LBP5"	"9"	"21"	"15650869"	"mutation analysis; two hybrid"	"true positive"	""	"Arabidopsis thaliana"
"ELMI001605"	"LIG"	"LIG_PAM2_1"	"ERF3B_HUMAN"	"Q8IYD1"	"Q8IYD1 Q9H909 Q9NVY0 Q9NY44"	"50"	"62"	"20418951 14685257 18056425 16554297"	"coimmunoprecipitation; isothermal titration calorimetry; surface plasmon resonance; x-ray crystallography"	"true positive"	"3KUI"	"Homo sapiens"
"ELMI001606"	"LIG"	"LIG_PAM2_1"	"ERF3B_HUMAN"	"Q8IYD1"	"Q8IYD1 Q9H909 Q9NVY0 Q9NY44"	"59"	"71"	"20418951 14685257 18056425 16554297"	"coimmunoprecipitation; isothermal titration calorimetry; surface plasmon resonance; x-ray crystallography"	"true positive"	"3KUJ"	"Homo sapiens"
"ELMI001619"	"LIG"	"LIG_PAM2_1"	"LAR4B_HUMAN"	"Q92615"	"Q92615 Q5T3R3 Q5T3R4 Q5T3R5 Q68CY4"	"54"	"66"	"20573744"	"glutathione s tranferase tag; mutation analysis; pull down"	"true positive"	""	"Homo sapiens"
"ELMI001618"	"LIG"	"LIG_PAM2_1"	"LARP4_HUMAN"	"Q71RC2"	"Q71RC2 A8K6T1 Q5CZ97 Q6ZV14 Q96NF9"	"13"	"25"	"21098120"	"isothermal titration calorimetry; mutation analysis; x-ray crystallography"	"true positive"	"3PKN"	"Homo sapiens"
"ELMI001617"	"LIG"	"LIG_PAM2_1"	"MA205_DROME"	"P23226"	"P23226 Q53YG1 Q9V9S1"	"234"	"246"	"16554297"	"isothermal titration calorimetry; nuclear magnetic resonance; surface plasmon resonance"	"true positive"	""	"Drosophila melanogaster"
"ELMI001614"	"LIG"	"LIG_PAM2_1"	"NFX1_HUMAN"	"Q12986"	"Q12986 A8K6H8 Q5VXW6 Q96EL5 Q9BXI1"	"11"	"23"	"17267499"	"affinity chromatography technology; coimmunoprecipitation; detection by mass spectrometry; glutathione s tranferase tag; mutation analysis; pull down"	"true positive"	""	"Homo sapiens"
"ELMI001603"	"LIG"	"LIG_PAM2_1"	"PAI2B_HUMAN"	"Q9ULR5"	"Q9ULR5"	"108"	"120"	"16804161"	"coimmunoprecipitation; far western blotting; glutathione s tranferase tag; mutation analysis; pull down"	"true positive"	""	"Homo sapiens"
"ELMI001604"	"LIG"	"LIG_PAM2_1"	"PAIP1_HUMAN"	"Q9H074"	"Q9H074 O60455 Q96B61 Q9BS63"	"126"	"138"	"14685257 11997512 16554297"	"coimmunoprecipitation; far western blotting; glutathione s tranferase tag; isothermal titration calorimetry; mutation analysis; nuclear magnetic resonance; pull down; surface plasmon resonance"	"true positive"	"1JH4"	"Homo sapiens"
"ELMI001602"	"LIG"	"LIG_PAM2_1"	"PAIP2_HUMAN"	"Q9BPZ3"	"Q9BPZ3 B2RBI1 D3DQC6 Q49A06 Q9H0Y5 Q9P0Q8"	"109"	"121"	"14685257 16601676 20096703"	"coimmunoprecipitation; glutathione s tranferase tag; isothermal titration calorimetry; mutation analysis; nuclear magnetic resonance; pull down; surface plasmon resonance; x-ray crystallography"	"true positive"	"1JGN 3KUS 3KUT"	"Homo sapiens"
"ELMI001609"	"LIG"	"LIG_PAM2_1"	"PAN3_HUMAN"	"Q58A45"	"Q58A45 A0N0X1 A1A4Y8 A1A4Y9 B1ALF1 B7Z3W7 Q0D2P2 Q5HYG6 Q5T515 Q5T516 Q5TBA0 Q76E13 Q8NBA6"	"284"	"296"	"18056425 17595167"	"coimmunoprecipitation; glutathione s tranferase tag; isothermal titration calorimetry; mutation analysis; nuclear magnetic resonance; pull down"	"true positive"	""	"Homo sapiens"
"ELMI001621"	"LIG"	"LIG_PAM2_1"	"Q6ELF8_CUCSA"	"Q6ELF8"	"Q6ELF8"	"10"	"22"	"15159636"	"two hybrid"	"true positive"	""	"Cucumis sativus"
"ELMI001620"	"LIG"	"LIG_PAM2_1"	"Q6ELF9_CUCSA"	"Q6ELF9"	"Q6ELF9"	"14"	"26"	"15159636"	"mutation analysis; two hybrid"	"true positive"	""	"Cucumis sativus"
"ELMI001623"	"LIG"	"LIG_PAM2_1"	"Q9VG13_DROME"	"Q9VG13"	"Q9VG13"	"103"	"115"	"14729960"	"coimmunoprecipitation; far western blotting; glutathione s tranferase tag; pull down"	"true positive"	""	"Drosophila melanogaster"
"ELMI001610"	"LIG"	"LIG_PAM2_1"	"TOB1_HUMAN"	"P50616"	"P50616 B2R9T0 D3DTY3 Q4KMQ0"	"130"	"142"	"17785442 20595394"	"anti tag coimmunoprecipitation; glutathione s tranferase tag; isothermal titration calorimetry; mutation analysis; nuclear magnetic resonance; pull down"	"true positive"	""	"Homo sapiens"
"ELMI001611"	"LIG"	"LIG_PAM2_1"	"TOB1_HUMAN"	"P50616"	"P50616 B2R9T0 D3DTY3 Q4KMQ0"	"265"	"277"	"17785442 18056425 20595394"	"anti tag coimmunoprecipitation; coimmunoprecipitation; glutathione s tranferase tag; isothermal titration calorimetry; mutation analysis; nuclear magnetic resonance; pull down"	"true positive"	""	"Homo sapiens"
"ELMI001612"	"LIG"	"LIG_PAM2_1"	"TOB2_HUMAN"	"Q14106"	"Q14106 Q6FHR7 Q9BY97 Q9UBI0"	"131"	"143"	"17785442 16554297"	"anti tag coimmunoprecipitation; glutathione s tranferase tag; isothermal titration calorimetry; mutation analysis; pull down; surface plasmon resonance"	"true positive"	""	"Homo sapiens"
"ELMI001613"	"LIG"	"LIG_PAM2_1"	"TOB2_HUMAN"	"Q14106"	"Q14106 Q6FHR7 Q9BY97 Q9UBI0"	"251"	"263"	"17785442 16554297"	"anti tag coimmunoprecipitation; glutathione s tranferase tag; isothermal titration calorimetry; mutation analysis; pull down; surface plasmon resonance"	"true positive"	""	"Homo sapiens"
"ELMI001616"	"LIG"	"LIG_PAM2_1"	"TTC3_HUMAN"	"P53804"	"P53804 A8K7H7 B2RPA7 D3DSG9 D3DSH2 D3DSH3 O60767 P78476 P78477 Q569I2 Q6P578 Q9UEK4"	"1205"	"1217"	"16554297"	"isothermal titration calorimetry; surface plasmon resonance"	"true positive"	""	"Homo sapiens"
"ELMI001615"	"LIG"	"LIG_PAM2_1"	"UBP10_HUMAN"	"Q14694"	"Q14694 B2RDJ8 B4DS84 Q9BWG7 Q9NSL7"	"81"	"93"	"16554297"	"isothermal titration calorimetry; surface plasmon resonance"	"true positive"	""	"Homo sapiens"
"ELMI002506"	"LIG"	"LIG_PAM2_2"	"GAWKY_DROME"	"Q8SY33"	"Q8SY33 Q8MSF0 Q9V4F1"	"957"	"970"	"21063388"	"anti tag coimmunoprecipitation; glutathione s tranferase tag; mutation analysis; pull down"	"true positive"	""	"Drosophila melanogaster"
"ELMI002504"	"LIG"	"LIG_PAM2_2"	"TNR6A_HUMAN"	"Q8NDV7"	"Q8NDV7 C9JAR8 O15408 Q658L5 Q6NVB5 Q8NEZ0 Q8TBT8 Q8TCR0 Q9NV59 Q9P268"	"1608"	"1621"	"21063388"	"anti tag coimmunoprecipitation; mutation analysis"	"true positive"	""	"Homo sapiens"
"ELMI002505"	"LIG"	"LIG_PAM2_2"	"TNR6B_HUMAN"	"Q9UPQ9"	"Q9UPQ9 B0QY73 B0QY78 B4DGC0 Q5TH52 Q8TBX2"	"1476"	"1489"	"21063388"	"anti tag coimmunoprecipitation; glutathione s tranferase tag; mutation analysis; pull down"	"true positive"	""	"Homo sapiens"
"ELMI002503"	"LIG"	"LIG_PAM2_2"	"TNR6C_HUMAN"	"Q9HCJ0"	"Q9HCJ0 Q86UE5 Q8N3D8 Q96MU9"	"1385"	"1398"	"20098421 21063388 19716330 20181956"	"alanine scanning; anti tag coimmunoprecipitation; competition binding; glutathione s tranferase tag; isothermal titration calorimetry; mutation analysis; nuclear magnetic resonance; pull down; x-ray crystallography"	"true positive"	"2X04 3KTP"	"Homo sapiens"
"ELMI003890"	"LIG"	"LIG_PCNA_APIM_2"	"ALKB2_HUMAN"	"Q6NS38"	"Q6NS38 A4PET2 Q5XLE3"	"1"	"7"	"19736315 23677613"	"anti tag coimmunoprecipitation; colocalization; cross linking study; fluorescent resonance energy transfer; isothermal titration calorimetry; western blot"	"true positive"	""	"Homo sapiens"
"ELMI003889"	"LIG"	"LIG_PCNA_APIM_2"	"ZRAB3_HUMAN"	"Q5FWF4"	"Q5FWF4 B3KYA1 B4E375 B5MDI3 D3DP76 E9PBP0 Q53SM1 Q6P2C4 Q8N1P4 Q9H0E8"	"1072"	"1078"	"29633969 28621305"	"colocalization; isothermal titration calorimetry; mutation disrupting interaction; pull down; x-ray crystallography"	"true positive"	"5MLW 5YD8"	"Homo sapiens"
"ELMI003914"	"LIG"	"LIG_PCNA_PIPBox_1"	"APEX2_HUMAN"	"Q9UBZ4"	"Q9UBZ4 Q9Y5X7"	"390"	"399"	"11376153"	"colocalization; mutation analysis; pull down"	"true positive"	""	"Homo sapiens"
"ELMI000791"	"LIG"	"LIG_PCNA_PIPBox_1"	"CDN1A_HUMAN"	"P38936"	"P38936 Q14010 Q9BUT4"	"144"	"153"	"8861913"	"x-ray crystallography"	"true positive"	"1AXC"	"Homo sapiens"
"ELMI003920"	"LIG"	"LIG_PCNA_PIPBox_1"	"DNLI1_HUMAN"	"P18858"	"P18858 B2RAI8 Q32P23"	"2"	"11"	"28073635 9649448"	"coimmunoprecipitation; colocalization; glutathione s tranferase tag; green fluorescent protein tag; mutation analysis; pull down; surface plasmon resonance"	"true positive"	""	"Homo sapiens"
"ELMI000797"	"LIG"	"LIG_PCNA_PIPBox_1"	"DNMT1_HUMAN"	"P26358"	"P26358 A0AV63 B7ZLW6 Q9UHG5 Q9ULA2 Q9UMZ6"	"164"	"173"	"31235252 9302295 28073635"	"competition binding; electron microscopy; fluorescence polarization spectroscopy; glutathione s tranferase tag; isothermal titration calorimetry; not specified; nuclear magnetic resonance; pull down; surface plasmon resonance; x-ray crystallography"	"true positive"	"6K3A"	"Homo sapiens"
"ELMI001231"	"LIG"	"LIG_PCNA_PIPBox_1"	"DPOD3_HUMAN"	"Q15054"	"Q15054 B7ZAI6"	"456"	"465"	"15576034"	"isothermal titration calorimetry; x-ray crystallography"	"true positive"	"1U76 1VYJ"	"Homo sapiens"
"ELMI000794"	"LIG"	"LIG_PCNA_PIPBox_1"	"ERCC5_HUMAN"	"P28715"	"P28715 A6NGT4 Q5JUS4 Q5JUS5 Q7Z2V3 Q8IZL6 Q8N1B7 Q9HD59"	"990"	"999"	"9305916"	"not specified"	"true positive"	""	"Homo sapiens"
"ELMI003915"	"LIG"	"LIG_PCNA_PIPBox_1"	"EXO1_HUMAN"	"Q9UQ84"	"Q9UQ84 O60545 O75214 O75466 Q5T396 Q96IJ1 Q9UG38 Q9UNW0"	"788"	"797"	"20970388"	"colocalization; isothermal titration calorimetry; mutation analysis"	"true positive"	""	"Homo sapiens"
"ELMI000792"	"LIG"	"LIG_PCNA_PIPBox_1"	"FEN1_HUMAN"	"P39748"	"P39748"	"337"	"346"	"9178907 3113402 15576034 28073635 15616578"	"isothermal titration calorimetry; mutation analysis; surface plasmon resonance; x-ray crystallography"	"true positive"	"1U7B 1UL1"	"Homo sapiens"
"ELMI003918"	"LIG"	"LIG_PCNA_PIPBox_1"	"MSH3_HUMAN"	"P20585"	"P20585 A1L480 A1L482 A6NMM6 Q6PJT5 Q86UQ6 Q92867"	"21"	"30"	"11005803"	"coimmunoprecipitation; glutathione s tranferase tag; mutation analysis"	"true positive"	""	"Homo sapiens"
"ELMI000799"	"LIG"	"LIG_PCNA_PIPBox_1"	"MSH6_HUMAN"	"P52701"	"P52701 O43706 O43917 Q8TCX4 Q9BTB5"	"4"	"13"	"11005803 31134302 11056476"	"glutathione s tranferase tag; mutation analysis; not specified; pull down; surface plasmon resonance"	"true positive"	""	"Homo sapiens"
"ELMI003916"	"LIG"	"LIG_PCNA_PIPBox_1"	"MUTYH_HUMAN"	"Q9UIF7"	"Q9UIF7 D3DPZ4 Q15830 Q9UBP2 Q9UBS7 Q9UIF4 Q9UIF5 Q9UIF6"	"523"	"532"	"11092888"	"coimmunoprecipitation; glutathione s tranferase tag; mutation analysis; pull down"	"true positive"	""	"Homo sapiens"
"ELMI003910"	"LIG"	"LIG_PCNA_PIPBox_1"	"PAF15_HUMAN"	"Q15004"	"Q15004 A6NNU5 A8K3Y3 G9G694 G9G696"	"62"	"71"	"25762514 30102405"	"electron microscopy; fluorescence polarization spectroscopy; isothermal titration calorimetry; nuclear magnetic resonance; x-ray crystallography"	"true positive"	"4D2G 6EHT 6GWS"	"Homo sapiens"
"ELMI003917"	"LIG"	"LIG_PCNA_PIPBox_1"	"POLH_HUMAN"	"Q9Y253"	"Q9Y253 Q7L8E3 Q96BC4 Q9BX13"	"701"	"710"	"19208623"	"glutathione s tranferase tag; mutation analysis; pull down; surface plasmon resonance; x-ray crystallography"	"true positive"	"2VZK"	"Homo sapiens"
"ELMI003919"	"LIG"	"LIG_PCNA_PIPBox_1"	"RECQ5_HUMAN"	"O94762"	"O94762 Q6P4G0 Q9H0B1 Q9P1W7 Q9UNC8"	"964"	"973"	"30655288"	"nuclear magnetic resonance"	"true positive"	""	"Homo sapiens"
"ELMI003911"	"LIG"	"LIG_PCNA_PIPBox_1"	"RNH2B_HUMAN"	"Q5TBB1"	"Q5TBB1 G3XAJ1 Q05DR2 Q6PK48 Q9HAF7"	"294"	"303"	"21245041"	"coimmunoprecipitation; colocalization; green fluorescent protein tag; mutation analysis; x-ray crystallography"	"true positive"	"3P87"	"Homo sapiens"
"ELMI003909"	"LIG"	"LIG_PCNA_PIPBox_1"	"SPRTN_HUMAN"	"Q9H040"	"Q9H040 B1AKT0 B5MEF7 Q5TE78 Q6UWW6 Q96BC5 Q96KA0"	"325"	"334"	"27084448"	"isothermal titration calorimetry; mutation analysis; x-ray crystallography"	"true positive"	"5IY4"	"Homo sapiens"
"ELMI003913"	"LIG"	"LIG_PCNA_PIPBox_1"	"TRAIP_HUMAN"	"Q9BWF2"	"Q9BWF2 B5BU84 B5BUL3 O00467"	"460"	"469"	"26711499"	"colocalization; deletion analysis; green fluorescent protein tag; isothermal titration calorimetry; mutation analysis; nuclear magnetic resonance; pull down; rna interference; x-ray crystallography"	"true positive"	"4ZTD"	"Homo sapiens"
"ELMI000798"	"LIG"	"LIG_PCNA_PIPBox_1"	"UNG_HUMAN"	"P13051"	"P13051 A8K5M6 B2R8Y1 O00637 O00719 Q93028"	"4"	"13"	"10393198"	"not specified"	"true positive"	""	"Homo sapiens"
"ELMI003912"	"LIG"	"LIG_PCNA_PIPBox_1"	"ZRAB3_HUMAN"	"Q5FWF4"	"Q5FWF4 B3KYA1 B4E375 B5MDI3 D3DP76 E9PBP0 Q53SM1 Q6P2C4 Q8N1P4 Q9H0E8"	"519"	"528"	"28621305"	"x-ray crystallography"	"true positive"	"5MLO"	"Homo sapiens"
"ELMI003958"	"LIG"	"LIG_PCNA_TLS_4"	"POLI_HUMAN"	"Q9UNA4"	"Q9UNA4 Q8N590 Q9H0S1 Q9NYH6"	"446"	"453"	"19208623"	"glutathione s tranferase tag; mutation analysis; pull down; surface plasmon resonance; x-ray crystallography"	"true positive"	"2ZVM"	"Homo sapiens"
"ELMI003956"	"LIG"	"LIG_PCNA_TLS_4"	"POLI_MOUSE"	"Q6R3M4"	"Q6R3M4 Q641P1 Q6R3M3 Q9R1A6"	"420"	"427"	"19208623"	"surface plasmon resonance"	"true positive"	""	"Mus musculus"
"ELMI003957"	"LIG"	"LIG_PCNA_TLS_4"	"POLK_HUMAN"	"Q9UBT6"	"Q9UBT6 B2RBD2 Q5Q9G5 Q5Q9G6 Q5Q9G7 Q5Q9G8 Q86VJ8 Q8IZY0 Q8IZY1 Q8NB30 Q96L01 Q96Q86 Q96Q87 Q9UHC5"	"862"	"869"	"19208623"	"x-ray crystallography"	"true positive"	"2ZVL"	"Homo sapiens"
"ELMI003950"	"LIG"	"LIG_PCNA_yPIPBox_3"	"APN2_YEAST"	"P38207"	"P38207 D6VPY1 E9P926"	"421"	"434"	"12192046"	"glutathione s tranferase tag; mutation analysis; pull down"	"true positive"	""	"Saccharomyces cerevisiae S288c"
"ELMI003944"	"LIG"	"LIG_PCNA_yPIPBox_3"	"DNLI1_YEAST"	"P04819"	"P04819 D6VRI7 Q12736"	"38"	"51"	"17308348"	"glutathione s tranferase tag; pull down; surface plasmon resonance; x-ray crystallography"	"true positive"	"2OD8"	"Saccharomyces cerevisiae"
"ELMI000800"	"LIG"	"LIG_PCNA_yPIPBox_3"	"DPOD3_SCHPO"	"P30261"	"P30261"	"359"	"369"	"10698951"	"not specified"	"true positive"	""	"Schizosaccharomyces pombe"
"ELMI003953"	"LIG"	"LIG_PCNA_yPIPBox_3"	"DPOD3_YEAST"	"P47110"	"P47110 D6VWL4"	"337"	"345"	"14594808"	"mutation analysis; surface plasmon resonance; two hybrid"	"true positive"	""	"Saccharomyces cerevisiae"
"ELMI003955"	"LIG"	"LIG_PCNA_yPIPBox_3"	"FEN1_YEAST"	"P26793"	"P26793 D6VXH5"	"333"	"347"	"10409728 10899134"	"his tag; mutation analysis; surface plasmon resonance"	"true positive"	""	"Saccharomyces cerevisiae"
"ELMI000801"	"LIG"	"LIG_PCNA_yPIPBox_3"	"MSH3_YEAST"	"P25336"	"P25336 D6VR92"	"4"	"16"	"11062484 11005803"	"cosedimentation; glutathione s tranferase tag; mutation analysis; not specified; pull down"	"true positive"	""	"Saccharomyces cerevisiae"
"ELMI003946"	"LIG"	"LIG_PCNA_yPIPBox_3"	"MSH6_YEAST"	"Q03834"	"Q03834 D6VS82"	"27"	"36"	"11062484"	"mutation analysis; pull down"	"true positive"	""	"Saccharomyces cerevisiae"
"ELMI003947"	"LIG"	"LIG_PCNA_yPIPBox_3"	"RAD2_YEAST"	"P07276"	"P07276 D6VV38 E9P8X9"	"991"	"1002"	"11545742"	"sequence based prediction"	"true positive"	""	"Saccharomyces cerevisiae"
"ELMI003952"	"LIG"	"LIG_PCNA_yPIPBox_3"	"RFC1_YEAST"	"P38630"	"P38630 D6W2S3"	"393"	"405"	"15201901"	"x-ray crystallography"	"true positive"	"1SXJ"	"Saccharomyces cerevisiae"
"ELMI003951"	"LIG"	"LIG_PCNA_yPIPBox_3"	"RLF2_YEAST"	"Q12495"	"Q12495 D6W428"	"223"	"234"	"11756556"	"glutathione s tranferase tag; mutation analysis; pull down"	"true positive"	""	"Saccharomyces cerevisiae S288c"
"ELMI003948"	"LIG"	"LIG_PCNA_yPIPBox_3"	"RRM3_YEAST"	"P38766"	"P38766 D3DKX8"	"35"	"48"	"12239216"	"pull down; two hybrid"	"true positive"	""	"Saccharomyces cerevisiae"
"ELMI003954"	"LIG"	"LIG_PCNA_yPIPBox_3"	"UNG_YEAST"	"P12887"	"P12887 D6VZF3 E9P912"	"20"	"28"	"12239216"	"isothermal titration calorimetry; nuclear magnetic resonance; surface plasmon resonance"	"true positive"	""	"Saccharomyces cerevisiae"
"ELMI002429"	"LIG"	"LIG_PDZ_Class_1"	"5HT4R_MOUSE"	"P97288-2"	"P97288 O89003 O89004 Q3URB5 Q9R2A4"	"382"	"387"	"15466885"	"affinity chromatography technology; anti tag coimmunoprecipitation; confocal microscopy; mutation analysis"	"true positive"	""	"Mus musculus"
"ELMI001734"	"LIG"	"LIG_PDZ_Class_1"	"A46_VACCW"	"P26672"	"P26672 Q76ZN1"	"235"	"240"	"18828675"	"display technology"	"true positive"	""	"Vaccinia virus WR"
"ELMI002436"	"LIG"	"LIG_PDZ_Class_1"	"ADA22_HUMAN"	"Q9P0K1"	"Q9P0K1 O75075 O75076 Q9P0K2 Q9UIA1 Q9UKK2"	"901"	"906"	"16990550"	"anti tag coimmunoprecipitation; coimmunoprecipitation; mutation analysis"	"true positive"	""	"Homo sapiens"
"ELMI001598"	"LIG"	"LIG_PDZ_Class_1"	"ADRB2_HUMAN"	"P07550"	"P07550 B0LPE4 B2R7X2 O14823 O14824 O14825 O14826 Q4JG18 Q53GA6 Q6GMT4 Q6P4D8 Q8NEQ9 Q96EC3 Q9UCZ0 Q9UCZ1 Q9UCZ2 Q9UCZ3 Q9UH95 Q9UHA1 Q9UMZ5"	"408"	"413"	"11882663"	"far western blotting; mutation analysis; x-ray crystallography"	"true positive"	"1GQ4"	"Homo sapiens"
"ELMI001583"	"LIG"	"LIG_PDZ_Class_1"	"APC_MOUSE"	"Q61315"	"Q61315 Q62044"	"2840"	"2845"	"17161370"	"nuclear magnetic resonance"	"true positive"	"1VJ6"	"Mus musculus"
"ELMI001573"	"LIG"	"LIG_PDZ_Class_1"	"ARHG7_RAT"	"O55043"	"O55043"	"641"	"646"	"20117114"	"x-ray crystallography"	"true positive"	"3L4F"	"Rattus norvegicus"
"ELMI002439"	"LIG"	"LIG_PDZ_Class_1"	"AT2B2_HUMAN"	"Q01814"	"Q01814 O00766 Q12994 Q16818"	"1238"	"1243"	"11786550"	"coimmunoprecipitation; colocalization; glutathione s tranferase tag; pull down; two hybrid"	"true positive"	""	"Homo sapiens"
"ELMI001593"	"LIG"	"LIG_PDZ_Class_1"	"AT2B4_HUMAN"	"P23634"	"P23634 B1APW6 Q13450 Q13452 Q13455 Q16817 Q7Z3S1"	"1236"	"1241"	"17384233"	"x-ray crystallography"	"true positive"	"2HE2 2I1N 2IWP"	"Homo sapiens"
"ELMI003788"	"LIG"	"LIG_PDZ_Class_1"	"B7ULW4_ECO27"	"B7ULW4"	"B7ULW4"	"288"	"293"	"20618342"	"coimmunoprecipitation; colocalization; protein array"	"true positive"	""	"Escherichia coli O127:H6 str. E2348/69"
"ELMI003770"	"LIG"	"LIG_PDZ_Class_1"	"B7UMA0_ECO27"	"B7UMA0"	"B7UMA0"	"198"	"203"	"20618342 16573685"	"beta galactosidase complementation; coimmunoprecipitation; colocalization; deletion analysis; monoclonal antibody western blot; phenotype-based detection assay; protein array; two hybrid; western blot"	"true positive"	""	"Escherichia coli O127:H6 str. E2348/69"
"ELMI003769"	"LIG"	"LIG_PDZ_Class_1"	"B7UR60_ECO27"	"B7UR60"	"B7UR60"	"435"	"440"	"20618342 17979986"	"coimmunoprecipitation; colocalization; deletion analysis; glutathione s tranferase tag; monoclonal antibody western blot; mutation analysis; two hybrid"	"true positive"	""	"Escherichia coli O127:H6 str. E2348/69"
"ELMI002442"	"LIG"	"LIG_PDZ_Class_1"	"BAIP2_HUMAN"	"Q9UQB8-4"	"Q9UQB8 O43858 Q53HB1 Q86WC1 Q8N5C0 Q96CR7 Q9UBR3 Q9UQ43"	"516"	"521"	"15255944"	"affinity chromatography technology; coimmunoprecipitation; colocalization"	"true positive"	""	"Homo sapiens"
"ELMI001582"	"LIG"	"LIG_PDZ_Class_1"	"BCR_HUMAN"	"P11274"	"P11274 P78501 Q12842 Q4LE80 Q6NZI3"	"1266"	"1271"	"17473018"	"nuclear magnetic resonance"	"true positive"	"2AIN"	"Homo sapiens"
"ELMI001592"	"LIG"	"LIG_PDZ_Class_1"	"CAD23_HUMAN"	"Q9H251"	"Q9H251 C4IXS9 Q5XKN2 Q6UWW1 Q96JL3 Q9H4K9"	"3349"	"3354"	"19297620"	"nuclear magnetic resonance"	"true positive"	"2KBS"	"Homo sapiens"
"ELMI002121"	"LIG"	"LIG_PDZ_Class_1"	"CCG2_MOUSE"	"O88602"	"O88602"	"318"	"323"	"11805122"	"mutation analysis; protein kinase assay; western blot"	"true positive"	""	"Mus musculus"
"ELMI002120"	"LIG"	"LIG_PDZ_Class_1"	"CFTR_HUMAN"	"P13569"	"P13569 Q20BG8 Q20BH2 Q2I0A1 Q2I102"	"1475"	"1480"	"9677412 11304524"	"far western blotting; glutathione s tranferase tag; mutation analysis; pull down; surface plasmon resonance; western blot; x-ray crystallography"	"true positive"	"1I92"	"Homo sapiens"
"ELMI002608"	"LIG"	"LIG_PDZ_Class_1"	"CLCN3_HUMAN"	"P51790-2"	"P51790 B7Z932 D3DP34 O14918 Q86Z21"	"861"	"866"	"11967229"	"anti tag coimmunoprecipitation; mutation analysis; pull down"	"true positive"	""	"Homo sapiens"
"ELMI001590"	"LIG"	"LIG_PDZ_Class_1"	"CRIPT_RAT"	"Q792Q4"	"Q792Q4"	"96"	"101"	"8674113"	"x-ray crystallography"	"true positive"	"1BE9"	"Rattus norvegicus"
"ELMI001576"	"LIG"	"LIG_PDZ_Class_1"	"CTNB1_HUMAN"	"P35222"	"P35222 A8K1L7 Q8NEW9 Q8NI94 Q9H391"	"776"	"781"	"18835279"	"isothermal titration calorimetry; x-ray crystallography"	"true positive"	"3DIW"	"Homo sapiens"
"ELMI001595"	"LIG"	"LIG_PDZ_Class_1"	"DCT1B_XENLA"	"Q8QG92"	"Q8QG92 Q6DDX1"	"819"	"824"	"11970895"	"glutathione s tranferase tag; mutation analysis; pull down; x-ray crystallography"	"true positive"	"1L6O"	"Xenopus laevis"
"ELMI001600"	"LIG"	"LIG_PDZ_Class_1"	"DHRS2_HUMAN"	"Q13268"	"Q13268 Q53GS4 Q7Z789 Q9H2R2"	"253"	"258"	"17384233"	"x-ray crystallography"	"true positive"	"2HE4"	"Homo sapiens"
"ELMI001585"	"LIG"	"LIG_PDZ_Class_1"	"DLGP1_RAT"	"P97836"	"P97836 O54773 P97841"	"987"	"992"	"12954649"	"x-ray crystallography"	"true positive"	"1Q3P"	"Rattus norvegicus"
"ELMI001733"	"LIG"	"LIG_PDZ_Class_1"	"E4OR1_ADE09"	"P89079"	"P89079"	"120"	"125"	"11000240"	"coimmunoprecipitation; glutathione s tranferase tag; mutation analysis; pull down"	"true positive"	""	"Human adenovirus 9"
"ELMI001577"	"LIG"	"LIG_PDZ_Class_1"	"FRAS1_HUMAN"	"Q86XX4"	"Q86XX4 Q86UZ4 Q8N3U9 Q8NAU7 Q96JW7 Q9H6N9 Q9P228"	"4003"	"4008"	"18155042"	"fluorescence polarization spectroscopy; x-ray crystallography"	"true positive"	"2QT5"	"Homo sapiens"
"ELMI001601"	"LIG"	"LIG_PDZ_Class_1"	"GRASP_RAT"	"Q8R4T5"	"Q8R4T5"	"389"	"394"	"17396155"	"surface plasmon resonance; x-ray crystallography"	"true positive"	"2EGK"	"Rattus norvegicus"
"ELMI001581"	"LIG"	"LIG_PDZ_Class_1"	"GRIA1_RAT"	"P19490"	"P19490"	"902"	"907"	"12070168 17069616 16634638"	"coimmunoprecipitation; glutathione s tranferase tag; mutation analysis; nuclear magnetic resonance; pull down; x-ray crystallography"	"true positive"	"2AWW 2G2L"	"Rattus norvegicus"
"ELMI002591"	"LIG"	"LIG_PDZ_Class_1"	"GRIK1_RAT"	"P22756-2"	"P22756"	"900"	"905"	"12597860"	"competition binding; glutathione s tranferase tag; mutation analysis; pull down; two hybrid"	"true positive"	""	"Rattus norvegicus"
"ELMI002119"	"LIG"	"LIG_PDZ_Class_1"	"GRM5_RAT"	"P31424"	"P31424"	"1198"	"1203"	"17396155"	"mutation analysis; surface plasmon resonance; x-ray crystallography"	"true positive"	"2EGN"	"Rattus norvegicus"
"ELMI001575"	"LIG"	"LIG_PDZ_Class_1"	"GUAD_RAT"	"Q9WTT6"	"Q9WTT6"	"449"	"454"	"19072119"	"nuclear magnetic resonance"	"true positive"	"2KA9"	"Rattus norvegicus"
"ELMI001597"	"LIG"	"LIG_PDZ_Class_1"	"IL5RA_HUMAN"	"Q01344"	"Q01344 Q14633 Q15469 Q6ISX9"	"415"	"420"	"11498591 12842047"	"coimmunoprecipitation; glutathione s tranferase tag; mutation analysis; pull down; surface plasmon resonance; two hybrid; x-ray crystallography"	"true positive"	"1OBX 1OBZ"	"Homo sapiens"
"ELMI001574"	"LIG"	"LIG_PDZ_Class_1"	"IRK4_HUMAN"	"P48050"	"P48050 Q14D44"	"440"	"445"	"19635485"	"glutathione s tranferase tag; isothermal titration calorimetry; mutation analysis; pull down; x-ray crystallography"	"true positive"	"3GJ9"	"Homo sapiens"
"ELMI002449"	"LIG"	"LIG_PDZ_Class_1"	"NMDZ1_HUMAN"	"Q05586-4"	"Q05586 A6NLK7 A6NLR1 C9K0X1 P35437 Q12867 Q12868 Q5VSF3 Q5VSF4 Q5VSF5 Q5VSF6 Q5VSF7 Q5VSF8 Q9UPF8 Q9UPF9"	"917"	"922"	"11163274"	"coimmunoprecipitation; mutation analysis"	"true positive"	""	"Homo sapiens"
"ELMI001599"	"LIG"	"LIG_PDZ_Class_1"	"PGFRB_HUMAN"	"P09619"	"P09619 Q8N5L4"	"1101"	"1106"	"11882663"	"far western blotting; mutation analysis; x-ray crystallography"	"true positive"	"1GQ5"	"Homo sapiens"
"ELMI002597"	"LIG"	"LIG_PDZ_Class_1"	"PKHG5_MOUSE"	"Q66T02"	"Q66T02 A2A8B6 A2A8B7 Q66T00 Q6P3B1 Q6ZQ62 Q8R571"	"1068"	"1073"	"16467373"	"anti tag coimmunoprecipitation; coimmunoprecipitation"	"true positive"	""	"Mus musculus"
"ELMI003771"	"LIG"	"LIG_PDZ_Class_1"	"Q7DB76_ECO57"	"Q7DB76"	"Q7DB76 A0A0H3JJD5 Q7A9Q0"	"198"	"203"	"16413487"	"coimmunoprecipitation; deletion analysis; necessary binding site; phenotype-based detection assay; pull down"	"true positive"	""	"Escherichia coli O157:H7"
"ELMI001735"	"LIG"	"LIG_PDZ_Class_1"	"Q7TFX0_RHCM6"	"Q7TFX0"	"Q7TFX0"	"141"	"146"	"18828675"	"display technology"	"true positive"	""	"Rhesus cytomegalovirus strain 68-1"
"ELMI001736"	"LIG"	"LIG_PDZ_Class_1"	"Q9DWF6_RCMVM"	"Q9DWF6"	"Q9DWF6"	"516"	"521"	"18828675"	"display technology"	"true positive"	""	"Rat cytomegalovirus Maastricht"
"ELMI001737"	"LIG"	"LIG_PDZ_Class_1"	"Q9Q8F7_MYXVL"	"Q9Q8F7"	"Q9Q8F7"	"283"	"288"	"18828675"	"display technology"	"true positive"	""	"Myxoma virus (strain Lausanne)"
"ELMI001738"	"LIG"	"LIG_PDZ_Class_1"	"Q9Q8T6_RFVKA"	"Q9Q8T6"	"Q9Q8T6"	"282"	"287"	"18828675"	"display technology"	"true positive"	""	"Rabbit fibroma virus (strain Kasza)"
"ELMI001588"	"LIG"	"LIG_PDZ_Class_1"	"RPGF6_HUMAN"	"Q8TEU7"	"Q8TEU7 Q8NI21 Q8TEU6 Q96PC1"	"1596"	"1601"	"12095257 20430886"	"competition binding; nuclear magnetic resonance; x-ray crystallography"	"true positive"	"1D5G 3LNY"	"Homo sapiens"
"ELMI002037"	"LIG"	"LIG_PDZ_Class_1"	"SYGP1_RAT"	"Q9QUH6"	"Q9QUH6 O88449 Q9ESK6 Q9ET81 Q9QX02 Q9QX06 Q9QX12"	"1303"	"1308"	"9581761"	"coimmunoprecipitation; competition binding; glutathione s tranferase tag; pull down; two hybrid"	"true positive"	""	"Rattus norvegicus"
"ELMI002583"	"LIG"	"LIG_PDZ_Class_1"	"SYNJ2_RAT"	"O55207-3"	"O55207 Q91ZD8 Q91ZD9"	"1288"	"1293"	"10357812 11498538"	"affinity chromatography technology; elisa; far western blotting; glutathione s tranferase tag; mutation analysis; pull down; two hybrid"	"true positive"	""	"Rattus norvegicus"
"ELMI001739"	"LIG"	"LIG_PDZ_Class_1"	"TAX_HTL1A"	"P03409"	"P03409"	"348"	"353"	"9482110"	"coimmunoprecipitation; mutation analysis; two hybrid; western blot"	"true positive"	""	"Human T-cell lymphotrophic virus type 1 (strain ATK)"
"ELMI001572"	"LIG"	"LIG_PDZ_Class_1"	"USH1G_HUMAN"	"Q495M9"	"Q495M9 Q8N251"	"456"	"461"	"20142502"	"glutathione s tranferase tag; isothermal titration calorimetry; mutation analysis; pull down; x-ray crystallography"	"true positive"	"3K1R"	"Homo sapiens"
"ELMI001740"	"LIG"	"LIG_PDZ_Class_1"	"VE6_HPV16"	"P03126"	"P03126 Q71BI7"	"153"	"158"	"21238461"	"nuclear magnetic resonance; surface plasmon resonance"	"true positive"	"2KPL"	"Human papillomavirus type 16"
"ELMI001580"	"LIG"	"LIG_PDZ_Class_1"	"VE6_HPV18"	"P06463"	"P06463"	"153"	"158"	"17713926 17267502"	"isothermal titration calorimetry; nuclear magnetic resonance; x-ray crystallography"	"true positive"	"2I04 2I0I 2I0L 2OQS"	"Human papillomavirus type 18"
"ELMI001741"	"LIG"	"LIG_PDZ_Class_1"	"VGLG_RABVE"	"P03524"	"P03524 A3F5L8"	"519"	"524"	"20086240"	"isothermal titration calorimetry; mutation analysis; two hybrid"	"true positive"	""	"Rabies virus ERA"
"ELMI001742"	"LIG"	"LIG_PDZ_Class_1"	"VL2_HPV49"	"P36762"	"P36762"	"516"	"521"	"18828675"	"display technology"	"true positive"	""	"Human papillomavirus type 49"
"ELMI002268"	"LIG"	"LIG_PDZ_Class_1"	"WWTR1_MOUSE"	"Q9EPK5"	"Q9EPK5 Q3UQ69 Q3UQM0 Q99KI4"	"390"	"395"	"11118213"	"anti tag coimmunoprecipitation; glutathione s tranferase tag; mutation analysis; pull down"	"true positive"	""	"Mus musculus"
"ELMI002270"	"LIG"	"LIG_PDZ_Class_1"	"YAP1_HUMAN"	"P46937-3"	"P46937 Q7Z574 Q8IUY9"	"449"	"454"	"10562288"	"coimmunoprecipitation; competition binding; glutathione s tranferase tag; mutation analysis; pull down"	"true positive"	""	"Homo sapiens"
"ELMI002271"	"LIG"	"LIG_PDZ_Class_1"	"YAP1_HUMAN"	"P46937-2"	"P46937 Q7Z574 Q8IUY9"	"483"	"488"	"20868367"	"coimmunoprecipitation; colocalization; glutathione s tranferase tag; isothermal titration calorimetry; mutation analysis; pull down"	"true positive"	""	"Homo sapiens"
"ELMI002261"	"LIG"	"LIG_PDZ_Class_1"	"YAP1_HUMAN"	"P46937"	"P46937 Q7Z574 Q8IUY9"	"499"	"504"	"10562288"	"coimmunoprecipitation; colocalization; competition binding; glutathione s tranferase tag; mutation analysis; mutation disrupting interaction; pull down"	"true positive"	""	"Homo sapiens"
"ELMI002430"	"LIG"	"LIG_PDZ_Class_2"	"5HT4R_MOUSE"	"P97288-3"	"P97288 O89003 O89004 Q3URB5 Q9R2A4"	"366"	"371"	"15466885"	"affinity chromatography technology; confocal microscopy; mutation analysis"	"true positive"	""	"Mus musculus"
"ELMI001594"	"LIG"	"LIG_PDZ_Class_2"	"APBA1_HUMAN"	"Q02410"	"Q02410 O14914 O60570 Q5VYR8"	"832"	"837"	"16007100"	"mutation analysis; nuclear magnetic resonance; two hybrid"	"true positive"	"1U38"	"Homo sapiens"
"ELMI001591"	"LIG"	"LIG_PDZ_Class_2"	"CADH5_MOUSE"	"P55284"	"P55284 O35542"	"779"	"784"	"20047332"	"fluorescence polarization spectroscopy; mutation analysis; nuclear magnetic resonance"	"true positive"	"2KOH"	"Mus musculus"
"ELMI001587"	"LIG"	"LIG_PDZ_Class_2"	"ERBB2_HUMAN"	"P04626"	"P04626 B2RZG3 B4DHN3 Q14256 Q6LDV1 Q9UMK4"	"1250"	"1255"	"12444095"	"isothermal titration calorimetry; x-ray crystallography"	"true positive"	"1MFG 1MFL"	"Homo sapiens"
"ELMI001578"	"LIG"	"LIG_PDZ_Class_2"	"GLPC_HUMAN"	"P04921"	"P04921 B2R522 Q53SV9 Q92642"	"123"	"128"	"9305870 17572384"	"mutation analysis; nuclear magnetic resonance"	"true positive"	"2EJY"	"Homo sapiens"
"ELMI001579"	"LIG"	"LIG_PDZ_Class_2"	"GRIA2_RAT"	"P19491"	"P19491 Q9R174"	"878"	"883"	"17914463"	"nuclear magnetic resonance"	"true positive"	"2PKU"	"Rattus norvegicus"
"ELMI001596"	"LIG"	"LIG_PDZ_Class_2"	"LIPA1_HUMAN"	"Q13136"	"Q13136 A6NLE3 Q13135 Q14567 Q8N4I2"	"1197"	"1202"	"12493751"	"x-ray crystallography"	"true positive"	"1N7F"	"Homo sapiens"
"ELMI002288"	"LIG"	"LIG_PDZ_Class_2"	"NRX3A_HUMAN"	"Q9Y4C0"	"Q9Y4C0 A6NGR4 A7MD34 O95378 Q8IUE3 Q9NS47 Q9P1V3 Q9P1V6 Q9UIE2 Q9UIE3 Q9ULA5 Q9Y486"	"1638"	"1643"	"9707552"	"two hybrid"	"true positive"	""	"Homo sapiens"
"ELMI002036"	"LIG"	"LIG_PDZ_Class_2"	"NRX3A_RAT"	"Q07310"	"Q07310 Q07280 Q07311 Q07312 Q07313 Q07314"	"1573"	"1578"	"9707552"	"two hybrid"	"true positive"	""	"Rattus norvegicus"
"ELMI002184"	"LIG"	"LIG_PDZ_Class_2"	"PSN1_HUMAN"	"P49768"	"P49768 B2R6D3 O95465 Q14762 Q15719 Q15720 Q96P33 Q9UIF0"	"462"	"467"	"11083918 10551805"	"coimmunoprecipitation; colocalization; necessary binding site; pull down; two hybrid"	"true positive"	""	"Homo sapiens"
"ELMI001584"	"LIG"	"LIG_PDZ_Class_2"	"RB6I2_RAT"	"Q811U3"	"Q811U3 Q8CIY9"	"943"	"948"	"16095618"	"isothermal titration calorimetry; nuclear magnetic resonance"	"true positive"	"1ZUB"	"Rattus norvegicus"
"ELMI002122"	"LIG"	"LIG_PDZ_Class_2"	"SDC1_HUMAN"	"P18827"	"P18827 D6W523 Q53QV0 Q546D3 Q96HB7"	"305"	"310"	"19228696"	"glutathione s tranferase tag; mutation analysis; pull down"	"true positive"	""	"Homo sapiens"
"ELMI001586"	"LIG"	"LIG_PDZ_Class_2"	"SDC4_HUMAN"	"P31431"	"P31431 O00773 Q16833 Q53FN9"	"193"	"198"	"12679023 16533050 12842047"	"isothermal titration calorimetry; x-ray crystallography"	"true positive"	"1OBY 1YBO"	"Homo sapiens"
"ELMI001589"	"LIG"	"LIG_PDZ_Class_3"	"MTR1A_HUMAN"	"P48039"	"P48039 A0AVC5 B0M0L2"	"345"	"350"	"10331866"	"nuclear magnetic resonance"	"true positive"	"1B8Q"	"Homo sapiens"
"ELMI003534"	"LIG"	"LIG_PDZ_Wminus1_1"	"A3RLX3_DROME"	"A3RLX3"	"A3RLX3"	"2379"	"2381"	"21703451"	"fluorescence polarization spectroscopy; nuclear magnetic resonance"	"true positive"	"2LA8"	"Drosophila melanogaster"
"ELMI003528"	"LIG"	"LIG_PDZ_Wminus1_1"	"ARVC_HUMAN"	"O00192"	"O00192 B7WNV2"	"960"	"962"	"22889411 22087225 24550280 11821434"	"coimmunoprecipitation; elisa; fluorescence microscopy; phage display; protein array; pull down; sequence based prediction; two hybrid"	"true positive"	""	"Homo sapiens"
"ELMI003530"	"LIG"	"LIG_PDZ_Wminus1_1"	"ARVC_MOUSE"	"P98203"	"P98203 Q6PGJ6 Q8BQ36 Q8BRF2 Q8C3U7 Q924L2 Q924L3 Q924L4 Q924L5"	"960"	"962"	"15456900"	"coimmunoprecipitation; fluorescence microscopy; pull down; two hybrid"	"true positive"	""	"Mus musculus"
"ELMI003527"	"LIG"	"LIG_PDZ_Wminus1_1"	"CAC1A_MOUSE"	"P97445"	"P97445 Q2TPN3"	"2366"	"2368"	"21241895"	"isothermal titration calorimetry; nuclear magnetic resonance; two hybrid"	"true positive"	""	"Mus musculus"
"ELMI003526"	"LIG"	"LIG_PDZ_Wminus1_1"	"CAC1B_HUMAN"	"Q00975"	"Q00975 B1AQK5"	"2337"	"2339"	"21241895"	"isothermal titration calorimetry; nuclear magnetic resonance; two hybrid"	"true positive"	""	"Homo sapiens"
"ELMI003539"	"LIG"	"LIG_PDZ_Wminus1_1"	"CSPG4_MOUSE"	"Q8VHY0"	"Q8VHY0 G5E892 Q5DTG1 Q8BPI8 Q8CE79"	"2325"	"2327"	"12458226"	"coimmunoprecipitation; mutation disrupting interaction; two hybrid"	"true positive"	""	"Mus musculus"
"ELMI003533"	"LIG"	"LIG_PDZ_Wminus1_1"	"CSPG4_RAT"	"Q00657"	"Q00657"	"2324"	"2326"	"21703451"	"fluorescence polarization spectroscopy; x-ray crystallography"	"true positive"	"3R0H"	"Rattus norvegicus"
"ELMI003529"	"LIG"	"LIG_PDZ_Wminus1_1"	"CTND2_HUMAN"	"Q9UQB3"	"Q9UQB3 B0FTZ7 O00379 O15390 O43206 O43840 Q13589 Q9UM66 Q9UPM3"	"1223"	"1225"	"22889411 24550280 10896674 11729199 11821434"	"coimmunoprecipitation; elisa; fluorescence microscopy; phage display; pull down; sequence based prediction; two hybrid"	"true positive"	""	"Homo sapiens"
"ELMI003545"	"LIG"	"LIG_PDZ_Wminus1_1"	"CXD4_HUMAN"	"Q96KN9"	"Q96KN9 Q8N2R7"	"368"	"370"	"22889411"	"sequence based prediction; two hybrid"	"true positive"	""	"Homo sapiens"
"ELMI003532"	"LIG"	"LIG_PDZ_Wminus1_1"	"CXG1_HUMAN"	"P36383"	"P36383 B3KW68 Q4VAY0"	"394"	"396"	"21965684 11557048"	"coimmunoprecipitation; fluorescence microscopy; fluorescence polarization spectroscopy; two hybrid; x-ray crystallography"	"true positive"	""	"Homo sapiens"
"ELMI003544"	"LIG"	"LIG_PDZ_Wminus1_1"	"GA2L2_HUMAN"	"Q8NHY3"	"Q8NHY3 Q8NHY4"	"878"	"880"	"22889411 24550280"	"phage display; sequence based prediction; two hybrid"	"true positive"	""	"Homo sapiens"
"ELMI003541"	"LIG"	"LIG_PDZ_Wminus1_1"	"INKA2_HUMAN"	"Q9NTI7"	"Q9NTI7 B3KP38 B4DF94 Q9NTI6"	"295"	"297"	"22087225"	"protein array"	"true positive"	""	"Homo sapiens"
"ELMI003542"	"LIG"	"LIG_PDZ_Wminus1_1"	"NHLC1_HUMAN"	"Q6VVB1"	"Q6VVB1 Q3SYB1 Q5VUK7 Q6IMH1"	"393"	"395"	"22223637"	"coimmunoprecipitation; fluorescence microscopy; tag visualisation by luciferase assay; two hybrid; ubiquitinase assay"	"true positive"	""	"Homo sapiens"
"ELMI003547"	"LIG"	"LIG_PDZ_Wminus1_1"	"NXPE2_HUMAN"	"Q96DL1-3"	"Q96DL1 Q2NKI8"	"363"	"365"	"24550280"	"fluorescence polarization spectroscopy; phage display"	"true positive"	""	"Homo sapiens"
"ELMI003552"	"LIG"	"LIG_PDZ_Wminus1_1"	"PKN2_HUMAN"	"Q16513"	"Q16513 D3DT24 Q9H1W4"	"982"	"984"	"11356191"	"coimmunoprecipitation; mutation disrupting interaction; two hybrid"	"true positive"	""	"Homo sapiens"
"ELMI003531"	"LIG"	"LIG_PDZ_Wminus1_1"	"PKP4_HUMAN"	"Q99569"	"Q99569 Q86W91"	"1190"	"1192"	"11711544 22889411 24550280 12047349"	"coimmunoprecipitation; colocalization; electron microscopy; fluorescence microscopy; fluorescence polarization spectroscopy; phage display; pull down; sequence based prediction; surface plasmon resonance; two hybrid"	"true positive"	""	"Homo sapiens"
"ELMI003543"	"LIG"	"LIG_PDZ_Wminus1_1"	"Q8NGB0_HUMAN"	"Q8NGB0"	"Q8NGB0"	"1462"	"1464"	"22889411"	"sequence based prediction; two hybrid"	"true positive"	""	"Homo sapiens"
"ELMI003525"	"LIG"	"LIG_PDZ_Wminus1_1"	"RB6I2_RAT"	"Q811U3"	"Q811U3 Q8CIY9"	"946"	"948"	"16095618 12391317 12163476 14734538"	"anti tag coimmunoprecipitation; isothermal titration calorimetry; mutation analysis; nuclear magnetic resonance; pull down; two hybrid"	"true positive"	"1ZUB"	"Rattus norvegicus"
"ELMI003546"	"LIG"	"LIG_PDZ_Wminus1_1"	"TNR18_HUMAN"	"Q9Y5U5"	"Q9Y5U5 B1AME1 O95851 Q5U0I4 Q9NYJ9"	"239"	"241"	"22889411"	"sequence based prediction; two hybrid"	"true positive"	""	"Homo sapiens"
"ELMI003535"	"LIG"	"LIG_PDZ_Wminus1_1"	"TRP_DROME"	"P19334"	"P19334 Q7YU76 Q9VAE1"	"1273"	"1275"	"21703451 10995445"	"coimmunoprecipitation; electron microscopy; fluorescence polarization spectroscopy; mutation disrupting interaction; nuclear magnetic resonance; pull down"	"true positive"	""	"Drosophila melanogaster"
"ELMI003548"	"LIG"	"LIG_PDZ_Wminus1_1"	"VEMP_BCHK4"	"A3EX99"	"A3EX99"	"80"	"82"	"24550280"	"phage display"	"true positive"	""	"Tylonycteris bat coronavirus HKU4"
"ELMI003549"	"LIG"	"LIG_PDZ_Wminus1_1"	"VEMP_BCHK5"	"A3EXD5"	"A3EXD5"	"80"	"82"	"24550280"	"phage display"	"true positive"	""	"Pipistrellus bat coronavirus HKU5"
"ELMI003550"	"LIG"	"LIG_PDZ_Wminus1_1"	"VPU_HV1YB"	"Q9IDV3"	"Q9IDV3"	"72"	"74"	"24550280"	"phage display"	"true positive"	""	"HIV-1 N_YBF106"
"ELMI003551"	"LIG"	"LIG_PDZ_Wminus1_1"	"VPU_SIVEK"	"Q1A244"	"Q1A244"	"77"	"79"	"24550280"	"phage display"	"true positive"	""	"SIVcpz EK505"
"ELMI003553"	"LIG"	"LIG_PDZ_Wminus1_1"	"WWTR1_HUMAN"	"Q9GZV5"	"Q9GZV5 D3DNH7 Q8N3P2 Q9Y3W6"	"398"	"400"	"20412773"	"anti tag coimmunoprecipitation; tag visualisation by luciferase assay"	"true positive"	""	"Homo sapiens"
"ELMI003537"	"LIG"	"LIG_PDZ_Wminus1_1"	"WWTR1_MOUSE"	"Q9EPK5"	"Q9EPK5 Q3UQ69 Q3UQM0 Q99KI4"	"393"	"395"	"11118213"	"classical fluorescence spectroscopy; coimmunoprecipitation; pull down"	"true positive"	""	"Mus musculus"
"ELMI003536"	"LIG"	"LIG_PDZ_Wminus1_1"	"YAP1_HUMAN"	"P46937"	"P46937 Q7Z574 Q8IUY9"	"502"	"504"	"10562288"	"coimmunoprecipitation; pull down; western blot"	"true positive"	""	"Homo sapiens"
"ELMI002231"	"LIG"	"LIG_Pex14_1"	"PEX5_ARATH"	"Q9FMA3"	"Q9FMA3 O82467"	"240"	"244"	"11978862"	"alanine scanning; two hybrid"	"true positive"	""	"Arabidopsis thaliana"
"ELMI002232"	"LIG"	"LIG_Pex14_1"	"PEX5_ARATH"	"Q9FMA3"	"Q9FMA3 O82467"	"257"	"261"	"11978862"	"alanine scanning; two hybrid"	"true positive"	""	"Arabidopsis thaliana"
"ELMI002233"	"LIG"	"LIG_Pex14_1"	"PEX5_ARATH"	"Q9FMA3"	"Q9FMA3 O82467"	"270"	"274"	"11978862"	"alanine scanning; two hybrid"	"true positive"	""	"Arabidopsis thaliana"
"ELMI002234"	"LIG"	"LIG_Pex14_1"	"PEX5_ARATH"	"Q9FMA3"	"Q9FMA3 O82467"	"348"	"352"	"11978862"	"alanine scanning; two hybrid"	"true positive"	""	"Arabidopsis thaliana"
"ELMI002235"	"LIG"	"LIG_Pex14_1"	"PEX5_ARATH"	"Q9FMA3"	"Q9FMA3 O82467"	"362"	"366"	"11978862"	"alanine scanning; two hybrid"	"true positive"	""	"Arabidopsis thaliana"
"ELMI002236"	"LIG"	"LIG_Pex14_1"	"PEX5_ARATH"	"Q9FMA3"	"Q9FMA3 O82467"	"378"	"382"	"11978862"	"alanine scanning; two hybrid"	"true positive"	""	"Arabidopsis thaliana"
"ELMI002237"	"LIG"	"LIG_Pex14_1"	"PEX5_ARATH"	"Q9FMA3"	"Q9FMA3 O82467"	"396"	"400"	"11978862"	"alanine scanning; two hybrid"	"true positive"	""	"Arabidopsis thaliana"
"ELMI002238"	"LIG"	"LIG_Pex14_1"	"PEX5_ARATH"	"Q9FMA3"	"Q9FMA3 O82467"	"408"	"412"	"11978862"	"alanine scanning; two hybrid"	"true positive"	""	"Arabidopsis thaliana"
"ELMI002239"	"LIG"	"LIG_Pex14_1"	"PEX5_ARATH"	"Q9FMA3"	"Q9FMA3 O82467"	"425"	"429"	"11978862"	"alanine scanning; two hybrid"	"true positive"	""	"Arabidopsis thaliana"
"ELMI002213"	"LIG"	"LIG_Pex14_1"	"PEX5_HUMAN"	"P50542"	"P50542 A8K891 B4DZ45 B7ZAD5 D3DUT8 Q15115 Q15266 Q96FN7"	"118"	"122"	"19584060 11865044"	"alanine scanning; circular dichroism; glutathione s tranferase tag; his tag; mutation analysis; protein cleavage; pull down; structure based prediction"	"true positive"	"2W84"	"Homo sapiens"
"ELMI002214"	"LIG"	"LIG_Pex14_1"	"PEX5_HUMAN"	"P50542"	"P50542 A8K891 B4DZ45 B7ZAD5 D3DUT8 Q15115 Q15266 Q96FN7"	"140"	"144"	"19584060 11865044"	"alanine scanning; circular dichroism; glutathione s tranferase tag; his tag; pull down; structure based prediction"	"true positive"	""	"Homo sapiens"
"ELMI002215"	"LIG"	"LIG_Pex14_1"	"PEX5_HUMAN"	"P50542"	"P50542 A8K891 B4DZ45 B7ZAD5 D3DUT8 Q15115 Q15266 Q96FN7"	"159"	"163"	"19584060 11865044"	"alanine scanning; circular dichroism; glutathione s tranferase tag; his tag; pull down; structure based prediction"	"true positive"	""	"Homo sapiens"
"ELMI002216"	"LIG"	"LIG_Pex14_1"	"PEX5_HUMAN"	"P50542"	"P50542 A8K891 B4DZ45 B7ZAD5 D3DUT8 Q15115 Q15266 Q96FN7"	"184"	"188"	"19584060 11865044"	"alanine scanning; circular dichroism; glutathione s tranferase tag; his tag; pull down; structure based prediction"	"true positive"	""	"Homo sapiens"
"ELMI002217"	"LIG"	"LIG_Pex14_1"	"PEX5_HUMAN"	"P50542"	"P50542 A8K891 B4DZ45 B7ZAD5 D3DUT8 Q15115 Q15266 Q96FN7"	"243"	"247"	"19584060 11865044"	"alanine scanning; circular dichroism; glutathione s tranferase tag; his tag; pull down; structure based prediction"	"true positive"	""	"Homo sapiens"
"ELMI002218"	"LIG"	"LIG_Pex14_1"	"PEX5_HUMAN"	"P50542"	"P50542 A8K891 B4DZ45 B7ZAD5 D3DUT8 Q15115 Q15266 Q96FN7"	"257"	"261"	"19584060 11865044"	"alanine scanning; circular dichroism; glutathione s tranferase tag; his tag; pull down; structure based prediction"	"true positive"	""	"Homo sapiens"
"ELMI002219"	"LIG"	"LIG_Pex14_1"	"PEX5_HUMAN"	"P50542"	"P50542 A8K891 B4DZ45 B7ZAD5 D3DUT8 Q15115 Q15266 Q96FN7"	"308"	"312"	"19584060 11865044"	"alanine scanning; circular dichroism; glutathione s tranferase tag; his tag; pull down; structure based prediction"	"true positive"	""	"Homo sapiens"
"ELMI002223"	"LIG"	"LIG_Pex14_1"	"PEX5_PICAN"	"Q01495"	"Q01495 Q01496"	"118"	"122"	"10660573"	"glutathione s tranferase tag; mutation analysis"	"true positive"	""	"Pichia angusta"
"ELMI002224"	"LIG"	"LIG_Pex14_1"	"PEX5_PICAN"	"Q01495"	"Q01495 Q01496"	"183"	"187"	"10660573"	"glutathione s tranferase tag; mutation analysis"	"true positive"	""	"Pichia angusta"
"ELMI002225"	"LIG"	"LIG_Pex14_1"	"PEX5_PICAN"	"Q01495"	"Q01495 Q01496"	"243"	"247"	"10660573"	"glutathione s tranferase tag; mutation analysis"	"true positive"	""	"Pichia angusta"
"ELMI002226"	"LIG"	"LIG_Pex14_1"	"PEX5_YEAST"	"P35056"	"P35056 D6VSM4"	"120"	"124"	"11101511"	"alanine scanning; mutation disrupting interaction; two hybrid"	"true positive"	""	"Saccharomyces cerevisiae S288c"
"ELMI002227"	"LIG"	"LIG_Pex14_1"	"PEX5_YEAST"	"P35056"	"P35056 D6VSM4"	"204"	"208"	"11101511"	"alanine scanning; mutation disrupting interaction; two hybrid"	"true positive"	""	"Saccharomyces cerevisiae S288c"
"ELMI002228"	"LIG"	"LIG_Pex14_1"	"Q9NIR9_LEIDO"	"Q9NIR9"	"Q9NIR9"	"53"	"57"	"15929724"	"chromatography technology; elisa; his tag; mutation analysis; pull down"	"true negative"	""	"Leishmania donovani"
"ELMI002229"	"LIG"	"LIG_Pex14_1"	"Q9NIR9_LEIDO"	"Q9NIR9"	"Q9NIR9"	"176"	"180"	"15929724"	"chromatography technology; elisa; his tag; mutation analysis; pull down"	"true negative"	""	"Leishmania donovani"
"ELMI002230"	"LIG"	"LIG_Pex14_1"	"Q9NIR9_LEIDO"	"Q9NIR9"	"Q9NIR9"	"293"	"297"	"15929724"	"chromatography technology; elisa; his tag; mutation analysis; pull down"	"true negative"	""	"Leishmania donovani"
"ELMI002220"	"LIG"	"LIG_Pex14_1"	"Q9U7C3_9TRYP"	"Q9U7C3"	"Q9U7C3"	"52"	"56"	"12974625"	"fluorescence technology"	"true positive"	""	"Trypanosoma brucei"
"ELMI002221"	"LIG"	"LIG_Pex14_1"	"Q9U7C3_9TRYP"	"Q9U7C3"	"Q9U7C3"	"200"	"204"	"12974625"	"alanine scanning; fluorescence technology"	"true negative"	""	"Trypanosoma brucei"
"ELMI002222"	"LIG"	"LIG_Pex14_1"	"Q9U7C3_9TRYP"	"Q9U7C3"	"Q9U7C3"	"318"	"322"	"12974625"	"fluorescence technology"	"true positive"	""	"Trypanosoma brucei"
"ELMI002240"	"LIG"	"LIG_Pex14_2"	"PEX19_HUMAN"	"P40855"	"D3DVE7 Q5QNY4 Q8NI97"	"71"	"75"	""	""	"true positive"	""	"Homo sapiens"
"ELMI002241"	"LIG"	"LIG_Pex14_2"	"PEX5_YEAST"	"P35056"	"P35056 D6VSM4"	"257"	"261"	""	""	"true positive"	""	"Saccharomyces cerevisiae S288c"
"ELMI002818"	"LIG"	"LIG_Pex14_3"	"PEX5_HUMAN"	"P50542"	"P50542 A8K891 B4DZ45 B7ZAD5 D3DUT8 Q15115 Q15266 Q96FN7"	"62"	"67"	"24235149"	"affinity chromatography technology; alanine scanning; experimental interaction detection; fluorescence microscopy; ion exchange chromatography; isothermal titration calorimetry; nuclear magnetic resonance; surface plasmon resonance; western blot; x-ray crystallography"	"true positive"	"4BXU"	"Homo sapiens"
"ELMI002242"	"LIG"	"LIG_Pex3_1"	"PEX19_HUMAN"	"P40855"	"D3DVE7 Q5QNY4 Q8NI97"	"18"	"29"	""	""	"true positive"	""	"Homo sapiens"
"ELMI003412"	"LIG"	"LIG_PROFILIN_1"	"BNI1_YEAST"	"P41832"	"P41832 D6W0S3 O13450"	"1285"	"1291"	"9082982"	"two hybrid"	"true positive"	""	"Saccharomyces cerevisiae S288c"
"ELMI003409"	"LIG"	"LIG_PROFILIN_1"	"CAPU_DROME"	"Q24120"	"Q24120 Q9VQV8"	"488"	"494"	"8681792"	"two hybrid"	"true positive"	""	"Drosophila melanogaster"
"ELMI003410"	"LIG"	"LIG_PROFILIN_1"	"CAPU_DROME"	"Q24120"	"Q24120 Q9VQV8"	"507"	"513"	"8681792"	"two hybrid"	"true positive"	""	"Drosophila melanogaster"
"ELMI003411"	"LIG"	"LIG_PROFILIN_1"	"CAPU_DROME"	"Q24120"	"Q24120 Q9VQV8"	"520"	"526"	"8681792"	"two hybrid"	"true positive"	""	"Drosophila melanogaster"
"ELMI003413"	"LIG"	"LIG_PROFILIN_1"	"CDC12_SCHPO"	"Q10059"	"Q10059 Q9UTU0"	"948"	"954"	"9105045"	"mutation disrupting interaction"	"true positive"	""	"Schizosaccharomyces pombe 972h-"
"ELMI003402"	"LIG"	"LIG_PROFILIN_1"	"DIAP1_MOUSE"	"O08808"	"O08808"	"589"	"595"	"18001770"	"peptide array"	"true positive"	""	"Mus musculus"
"ELMI003403"	"LIG"	"LIG_PROFILIN_1"	"DIAP1_MOUSE"	"O08808"	"O08808"	"612"	"618"	"18001770"	"peptide array"	"true positive"	""	"Mus musculus"
"ELMI003400"	"LIG"	"LIG_PROFILIN_1"	"DIAP1_MOUSE"	"O08808"	"O08808"	"636"	"642"	"18001770"	"chromatography technology; isothermal titration calorimetry; peptide array; pull down; x-ray crystallography"	"true positive"	"2V8F"	"Mus musculus"
"ELMI003401"	"LIG"	"LIG_PROFILIN_1"	"DIAP1_MOUSE"	"O08808"	"O08808"	"648"	"654"	"18001770"	"chromatography technology; isothermal titration calorimetry; peptide array; pull down; x-ray crystallography"	"true positive"	"2V8F"	"Mus musculus"
"ELMI003404"	"LIG"	"LIG_PROFILIN_1"	"DIAP1_MOUSE"	"O08808"	"O08808"	"660"	"666"	"18001770"	"peptide array"	"true positive"	""	"Mus musculus"
"ELMI003405"	"LIG"	"LIG_PROFILIN_1"	"DIAP1_MOUSE"	"O08808"	"O08808"	"672"	"678"	"18001770"	"peptide array"	"true positive"	""	"Mus musculus"
"ELMI003406"	"LIG"	"LIG_PROFILIN_1"	"DIAP1_MOUSE"	"O08808"	"O08808"	"685"	"691"	"18001770"	"peptide array"	"true positive"	""	"Mus musculus"
"ELMI003407"	"LIG"	"LIG_PROFILIN_1"	"DIAP1_MOUSE"	"O08808"	"O08808"	"697"	"703"	"18001770"	"peptide array"	"true positive"	""	"Mus musculus"
"ELMI003398"	"LIG"	"LIG_PROFILIN_1"	"VASP_HUMAN"	"P50552"	"P50552 B2RBT9 Q6PIZ1 Q93035"	"204"	"210"	"17914456"	"fluorescence technology; isothermal titration calorimetry; x-ray crystallography"	"true positive"	"2PAV"	"Homo sapiens"
"ELMI003399"	"LIG"	"LIG_PROFILIN_1"	"VASP_MOUSE"	"P70460"	"P70460 Q3TAP0 Q3TCD2 Q3U0C2 Q3UDF1 Q91VD2 Q9R214"	"166"	"172"	"18001770"	"chromatography technology; isothermal titration calorimetry; pull down; x-ray crystallography"	"true positive"	"2V8C"	"Mus musculus"
"ELMI003408"	"LIG"	"LIG_PROFILIN_1"	"WASF1_HUMAN"	"Q92558"	"Q92558 E1P5F2 Q5SZK7"	"326"	"332"	"9643499"	"mutation disrupting interaction; pull down"	"true positive"	""	"Homo sapiens"
"ELMI004514"	"LIG"	"LIG_PTAP_UEV_1"	"B5TVE8_TOXGO"	"B5TVE8"	"B5TVE8 B9PNF6 S7US10"	"383"	"388"	"34898650"	"coimmunoprecipitation; fluorescence microscopy; knock out; mutation analysis; proximity ligation assay; sequence based prediction"	"true positive"	""	"Toxoplasma gondii"
"ELMI001327"	"LIG"	"LIG_PTAP_UEV_1"	"CXG1_HUMAN"	"P36383"	"P36383 B3KW68 Q4VAY0"	"283"	"288"	"19210987"	"coimmunoprecipitation; two hybrid"	"unknown"	""	"Homo sapiens"
"ELMI004240"	"LIG"	"LIG_PTAP_UEV_1"	"D0V559_TOXGO"	"D0V559"	"D0V559"	"586"	"591"	"28848228"	"coimmunoprecipitation; isothermal titration calorimetry; mutation analysis; pull down"	"true positive"	""	"Toxoplasma gondii"
"ELMI004241"	"LIG"	"LIG_PTAP_UEV_1"	"D0V559_TOXGO"	"D0V559"	"D0V559"	"620"	"625"	"28848228"	"coimmunoprecipitation; isothermal titration calorimetry; mutation analysis; pull down"	"true positive"	""	"Toxoplasma gondii"
"ELMI001744"	"LIG"	"LIG_PTAP_UEV_1"	"GAG_FOAMV"	"P14349"	"P14349 P89871"	"283"	"288"	"15858022"	"mutation analysis; two hybrid"	"true positive"	""	"Human spumaretrovirus"
"ELMI001323"	"LIG"	"LIG_PTAP_UEV_1"	"GAG_HTL1A"	"P03345"	"P03345 Q85589"	"123"	"128"	"14581525"	"alanine scanning; glutathione s tranferase tag; mutation analysis; pull down; two hybrid; western blot"	"true positive"	""	"Human T-cell lymphotrophic virus type 1 (strain ATK)"
"ELMI001324"	"LIG"	"LIG_PTAP_UEV_1"	"GAG_HV1B1"	"P03347"	"P03347 P03350"	"454"	"459"	"2014240"	"sequence based prediction"	"true positive"	""	"Human immunodeficiency virus type 1 BH10"
"ELMI001325"	"LIG"	"LIG_PTAP_UEV_1"	"GAG_HV1B1"	"P03347"	"P03347 P03350"	"466"	"471"	"2014240"	"sequence based prediction"	"true positive"	""	"Human immunodeficiency virus type 1 BH10"
"ELMI001326"	"LIG"	"LIG_PTAP_UEV_1"	"GAG_HV1H2"	"P04591"	"P04591"	"454"	"459"	"11805336 11595185 11427703 12379843"	"alanine scanning; coimmunoprecipitation; competition binding; electron microscopy; mutation analysis; nuclear magnetic resonance; surface plasmon resonance; two hybrid"	"true positive"	"1M4P"	"HIV-1 M:B_HXB2R"
"ELMI001331"	"LIG"	"LIG_PTAP_UEV_1"	"GAG_HV2BE"	"P18095"	"P18095"	"455"	"460"	"2014240"	"sequence based prediction"	"true positive"	""	"Human immunodeficiency virus type 2 (ISOLATE BEN)"
"ELMI001332"	"LIG"	"LIG_PTAP_UEV_1"	"GAG_MPMV"	"P07567"	"P07567"	"209"	"214"	"12915562"	"electron microscopy; mutation analysis"	"true positive"	""	"Mason-Pfizer monkey virus"
"ELMI001336"	"LIG"	"LIG_PTAP_UEV_1"	"GAG_SIVCZ"	"P17282"	"P17282"	"464"	"469"	"16332383"	"sequence based prediction"	"true positive"	""	"Simian immunodeficiency virus"
"ELMI001341"	"LIG"	"LIG_PTAP_UEV_1"	"HGS_HUMAN"	"O14964"	"O14964 Q9NR36"	"347"	"352"	"21070952 12802020"	"mutation analysis; x-ray crystallography"	"true positive"	"3OBQ"	"Homo sapiens"
"ELMI001342"	"LIG"	"LIG_PTAP_UEV_1"	"LRSM1_HUMAN"	"Q6UWE0"	"Q6UWE0 Q5VVV0 Q8NB40 Q96GT5 Q96MX5 Q96MZ7"	"648"	"653"	"15256501"	"mutation analysis; two hybrid"	"true positive"	""	"Homo sapiens"
"ELMI001343"	"LIG"	"LIG_PTAP_UEV_1"	"LRSM1_HUMAN"	"Q6UWE0"	"Q6UWE0 Q5VVV0 Q8NB40 Q96GT5 Q96MX5 Q96MZ7"	"660"	"665"	"15256501"	"mutation analysis; two hybrid"	"true positive"	""	"Homo sapiens"
"ELMI001339"	"LIG"	"LIG_PTAP_UEV_1"	"MATRX_VSIVA"	"P03519"	"P03519"	"36"	"41"	"16188963"	"electron microscopy; mutation analysis"	"false positive"	""	"Vesicular stomatitis Indiana virus strain San Juan"
"ELMI001328"	"LIG"	"LIG_PTAP_UEV_1"	"MGRN1_HUMAN"	"O60291"	"O60291 A4URL3 A4URL4 Q86W76"	"405"	"410"	"17229889"	"classical fluorescence spectroscopy; coimmunoprecipitation; mutation analysis; pull down; two hybrid"	"true positive"	""	"Homo sapiens"
"ELMI001745"	"LIG"	"LIG_PTAP_UEV_1"	"NCAP_MABVM"	"P27588"	"P27588 Q38L45 Q6T6U3 Q6T6V0"	"602"	"607"	"20504928"	"coimmunoprecipitation; mutation analysis; western blot"	"true positive"	""	"Marburg virus - Musoke, Kenya, 1980"
"ELMI001746"	"LIG"	"LIG_PTAP_UEV_1"	"ORF3_HEVBU"	"P69616"	"P69616 P29325"	"95"	"100"	"21068219"	"coimmunoprecipitation; mutation analysis; western blot"	"true positive"	""	"Hepatitis E virus (strain Burma)"
"ELMI001344"	"LIG"	"LIG_PTAP_UEV_1"	"PDC6I_HUMAN"	"Q8WUM4"	"Q8WUM4 Q9BX86 Q9NUN0 Q9P2H2 Q9UKL5"	"716"	"721"	"18367816"	"coimmunoprecipitation; mutation analysis; two hybrid"	"true positive"	""	"Homo sapiens"
"ELMI001334"	"LIG"	"LIG_PTAP_UEV_1"	"SCAM3_HUMAN"	"O14828"	"O14828 A9Z1W6 B1AVS6 O15128 Q96FR8 Q9BPY0"	"63"	"68"	"19158374"	"mutation analysis; surface plasmon resonance"	"true positive"	""	"Homo sapiens"
"ELMI001335"	"LIG"	"LIG_PTAP_UEV_1"	"TM1L1_HUMAN"	"O75674"	"O75674 Q53G06"	"178"	"183"	"18367816"	"alanine scanning; pull down"	"true positive"	""	"Homo sapiens"
"ELMI001333"	"LIG"	"LIG_PTAP_UEV_1"	"TM1L1_HUMAN"	"O75674"	"O75674 Q53G06"	"309"	"314"	"18367816"	"alanine scanning; pull down"	"true positive"	""	"Homo sapiens"
"ELMI001330"	"LIG"	"LIG_PTAP_UEV_1"	"TS101_HUMAN"	"Q99816"	"Q99816 Q9BUM5"	"319"	"324"	"12802020"	"mutation analysis; two hybrid"	"true positive"	""	"Homo sapiens"
"ELMI001329"	"LIG"	"LIG_PTAP_UEV_1"	"VP37B_HUMAN"	"Q9H9H4"	"Q9H9H4"	"184"	"189"	"15218037"	"mutation analysis; two hybrid"	"true positive"	""	"Homo sapiens"
"ELMI001337"	"LIG"	"LIG_PTAP_UEV_1"	"VP40_EBOZM"	"Q05128"	"Q05128"	"6"	"11"	"12525615"	"mutation analysis"	"true positive"	""	"Ebola virus - Mayinga, Zaire, 1976"
"ELMI001340"	"LIG"	"LIG_PTAP_UEV_1"	"VP8_BTV10"	"P08363"	"P08363"	"40"	"45"	"16352570"	"confocal microscopy; glutathione s tranferase tag; mutation analysis; pull down"	"unknown"	""	"Bluetongue virus (serotype 10 / American isolate)"
"ELMI001338"	"LIG"	"LIG_PTAP_UEV_1"	"Z_LASSJ"	"O73557"	"O73557"	"80"	"85"	"12970458"	"colocalization; mutation analysis"	"true positive"	""	"Lassa virus Josiah"
"ELMI001555"	"LIG"	"LIG_PTB_Apo_2"	"A4_HUMAN"	"P05067"	"P05067 B2R5V1 D3DSD1 D3DSD2 D3DSD3 P09000 P78438 Q13764 Q13778 Q13793 Q16011 Q16014 Q16019 Q16020 Q6GSC0 Q8WZ99 Q9BT38 Q9UC33 Q9UCA9 Q9UCB6 Q9UCC8 Q9UCD1 Q9UQ58"	"756"	"763"	"8887653 10373567 18833287 9321393"	"alanine scanning; glutathione s tranferase tag; isothermal titration calorimetry; mutation analysis; pull down; surface plasmon resonance; two hybrid; x-ray crystallography"	"true positive"	"1AQC 1X11 3DXC 3DXD 3DXE"	"Homo sapiens"
"ELMI001557"	"LIG"	"LIG_PTB_Apo_2"	"A4_MOUSE"	"P12023"	"P12023 P97487 P97942 Q99K32"	"756"	"763"	"18650440"	"isothermal titration calorimetry; mutation analysis; nuclear magnetic resonance"	"true positive"	"2ROZ"	"Mus musculus"
"ELMI001556"	"LIG"	"LIG_PTB_Apo_2"	"A4_RAT"	"P08592"	"P08592 Q547B7"	"756"	"763"	"12826668"	"x-ray crystallography"	"true positive"	"1M7E 1OQN"	"Rattus norvegicus"
"ELMI001561"	"LIG"	"LIG_PTB_Apo_2"	"CED1_CAEEL"	"Q9XWD6"	"Q9XWD6 Q0E7J9 Q8T3A6 Q8T3A7"	"959"	"966"	"11729193"	"coimmunoprecipitation; mutation analysis; two hybrid"	"true positive"	""	"Caenorhabditis elegans"
"ELMI001553"	"LIG"	"LIG_PTB_Apo_2"	"ITB1_HUMAN"	"P05556"	"P05556 A8K6N2 D3DRX9 D3DRY3 D3DRY4 D3DRY5 P78466 P78467 Q13089 Q13090 Q13091 Q13212 Q14622 Q14647 Q29RW2 Q7Z3V1 Q8WUM6"	"777"	"784"	"12606711"	"alanine scanning; surface plasmon resonance"	"true positive"	""	"Homo sapiens"
"ELMI001558"	"LIG"	"LIG_PTB_Apo_2"	"ITB1_HUMAN"	"P05556"	"P05556 A8K6N2 D3DRX9 D3DRY3 D3DRY4 D3DRY5 P78466 P78467 Q13089 Q13090 Q13091 Q13212 Q14622 Q14647 Q29RW2 Q7Z3V1 Q8WUM6"	"789"	"796"	"11741908"	"alanine scanning; coimmunoprecipitation; glutathione s tranferase tag; pull down; two hybrid"	"true positive"	""	"Homo sapiens"
"ELMI001569"	"LIG"	"LIG_PTB_Apo_2"	"ITB2_HUMAN"	"P05107"	"P05107 B3KTS8 D3DSM1 Q16418 Q53HS5 Q9UD72"	"760"	"767"	"10747019"	"alanine scanning; classical fluorescence spectroscopy"	"true positive"	""	"Homo sapiens"
"ELMI001559"	"LIG"	"LIG_PTB_Apo_2"	"ITB3_HUMAN"	"P05106"	"P05106 A0PJW2 D3DXJ8 O15495 Q12806 Q13413 Q14648 Q16499"	"767"	"774"	"12535520 18156175"	"mutation analysis; nuclear magnetic resonance; x-ray crystallography"	"true positive"	"1MK7 1MK9"	"Homo sapiens"
"ELMI001571"	"LIG"	"LIG_PTB_Apo_2"	"ITB3_HUMAN"	"P05106"	"P05106 A0PJW2 D3DXJ8 O15495 Q12806 Q13413 Q14648 Q16499"	"779"	"786"	"9065427"	"two hybrid"	"true positive"	""	"Homo sapiens"
"ELMI001554"	"LIG"	"LIG_PTB_Apo_2"	"ITB7_HUMAN"	"P26010"	"P26010 Q9UCP7 Q9UCS7"	"772"	"779"	"12606711"	"alanine scanning; surface plasmon resonance"	"true positive"	""	"Homo sapiens"
"ELMI001570"	"LIG"	"LIG_PTB_Apo_2"	"LAYN_MOUSE"	"Q8C351"	"Q8C351 E9QQ23 Q3TMU7"	"374"	"381"	"18638481"	"isothermal titration calorimetry; nuclear magnetic resonance"	"true positive"	"2K00"	"Mus musculus"
"ELMI001564"	"LIG"	"LIG_PTB_Apo_2"	"LDLR_HUMAN"	"P01130"	"P01130 C0JYY8 Q53ZD9 Q9UDH7"	"822"	"829"	"9837937"	"coimmunoprecipitation; glutathione s tranferase tag; pull down; two hybrid"	"true positive"	""	"Homo sapiens"
"ELMI001565"	"LIG"	"LIG_PTB_Apo_2"	"LNX1_HUMAN"	"Q8TBB1"	"Q8TBB1 Q4W5K7 Q8N4C2 Q96MJ7 Q9BY20"	"178"	"185"	"9535908 9846878"	"coimmunoprecipitation; competition binding; fluorescence polarization spectroscopy; glutathione s tranferase tag; pull down; two hybrid"	"true positive"	""	"Homo sapiens"
"ELMI001560"	"LIG"	"LIG_PTB_Apo_2"	"LRP1_HUMAN"	"Q07954"	"Q07954 Q2PP12 Q8IVG8"	"4467"	"4474"	"16382151 15115822"	"coimmunoprecipitation; glutathione s tranferase tag; knock out; mutation analysis; pull down"	"true positive"	""	"Homo sapiens"
"ELMI001562"	"LIG"	"LIG_PTB_Apo_2"	"LRP1_HUMAN"	"Q07954"	"Q07954 Q2PP12 Q8IVG8"	"4501"	"4508"	"15115822 11729193"	"coimmunoprecipitation; glutathione s tranferase tag; mutation analysis; pull down; two hybrid"	"true positive"	""	"Homo sapiens"
"ELMI001563"	"LIG"	"LIG_PTB_Apo_2"	"LRP8_HUMAN"	"Q14114"	"Q14114 B1AMT6 B1AMT7 B1AMT8 O14968 Q86V27 Q99876 Q9BR78"	"860"	"867"	"12737822"	"glutathione s tranferase tag; isothermal titration calorimetry; pull down; x-ray crystallography"	"true positive"	"1NTV"	"Homo sapiens"
"ELMI001566"	"LIG"	"LIG_PTB_Apo_2"	"LYAM3_HUMAN"	"P16109"	"P16109 Q5R344 Q8IVD1"	"820"	"827"	"19138666"	"surface plasmon resonance; two hybrid"	"true positive"	""	"Homo sapiens"
"ELMI001567"	"LIG"	"LIG_PTB_Apo_2"	"Q9U485_DROME"	"Q9U485"	"Q9U485"	"1439"	"1446"	"10747019"	"alanine scanning; nuclear magnetic resonance"	"true positive"	"1DDM"	"Drosophila melanogaster"
"ELMI001568"	"LIG"	"LIG_PTB_Apo_2"	"STAB1_HUMAN"	"Q9NY15"	"Q9NY15 A7E297 Q8IUH0 Q8IUH1 Q93072"	"2536"	"2543"	"20599701"	"alanine scanning; competition binding; glutathione s tranferase tag; pull down"	"true positive"	""	"Homo sapiens"
"ELMI001544"	"LIG"	"LIG_PTB_Phospho_1"	"EGFR_HUMAN"	"P00533"	"P00533 O00688 O00732 P06268 Q14225 Q68GS5 Q92795 Q9BZS2 Q9GZX1 Q9H2C9 Q9H3C9 Q9UMD7 Q9UMD8 Q9UMG5"	"1104"	"1110"	"15476828"	"glutathione s tranferase tag; mutation analysis; pull down; two hybrid"	"true positive"	""	"Homo sapiens"
"ELMI002349"	"LIG"	"LIG_PTB_Phospho_1"	"EGFR_HUMAN"	"P00533"	"P00533 O00688 O00732 P06268 Q14225 Q68GS5 Q92795 Q9BZS2 Q9GZX1 Q9H2C9 Q9H3C9 Q9UMD7 Q9UMD8 Q9UMG5"	"1166"	"1172"	"15476828"	"glutathione s tranferase tag; mutation analysis; pull down; two hybrid"	"true positive"	""	"Homo sapiens"
"ELMI001552"	"LIG"	"LIG_PTB_Phospho_1"	"ERBB3_HUMAN"	"P21860"	"P21860"	"1322"	"1328"	"8026468"	"coimmunoprecipitation; mutation analysis; protein kinase assay"	"true positive"	""	"Homo sapiens"
"ELMI001550"	"LIG"	"LIG_PTB_Phospho_1"	"IL2RB_HUMAN"	"P14784"	"P14784 B2R765"	"358"	"364"	"8643566"	"coimmunoprecipitation; glutathione s tranferase tag; mutation analysis; pull down"	"true positive"	""	"Homo sapiens"
"ELMI001542"	"LIG"	"LIG_PTB_Phospho_1"	"IL4RA_HUMAN"	"P24394"	"P24394 B9EKU8 Q96P01 Q9H181 Q9H182 Q9H183 Q9H184 Q9H185 Q9H186 Q9H187 Q9H188"	"491"	"497"	"8599766 9697832"	"coimmunoprecipitation; isothermal titration calorimetry; mutation analysis; nuclear magnetic resonance; two hybrid; western blot"	"true positive"	"1IRS"	"Homo sapiens"
"ELMI001540"	"LIG"	"LIG_PTB_Phospho_1"	"INSR_HUMAN"	"P06213"	"P06213 Q17RW0 Q59H98 Q9UCB7 Q9UCB8 Q9UCB9"	"993"	"999"	"7537849 8626723"	"alanine scanning; protein kinase assay; two hybrid"	"true positive"	""	"Homo sapiens"
"ELMI001539"	"LIG"	"LIG_PTB_Phospho_1"	"ITB3_HUMAN"	"P05106"	"P05106 A0PJW2 D3DXJ8 O15495 Q12806 Q13413 Q14648 Q16499"	"767"	"773"	"12606711 20739287 18156175"	"alanine scanning; nuclear magnetic resonance; surface plasmon resonance"	"true positive"	"2L1C"	"Homo sapiens"
"ELMI001548"	"LIG"	"LIG_PTB_Phospho_1"	"ITB3_HUMAN"	"P05106"	"P05106 A0PJW2 D3DXJ8 O15495 Q12806 Q13413 Q14648 Q16499"	"779"	"785"	"20739287"	"mutation analysis; nuclear magnetic resonance"	"true positive"	"2L1C"	"Homo sapiens"
"ELMI001551"	"LIG"	"LIG_PTB_Phospho_1"	"ITB4_HUMAN"	"P16144"	"P16144 O14690 O14691 O15339 O15340 O15341 Q9UIQ4"	"1590"	"1596"	"11044453"	"coimmunoprecipitation; glutathione s tranferase tag; mutation analysis; pull down"	"true positive"	""	"Homo sapiens"
"ELMI001543"	"LIG"	"LIG_PTB_Phospho_1"	"LRP1_HUMAN"	"Q07954"	"Q07954 Q2PP12 Q8IVG8"	"4467"	"4473"	"18381291"	"mutation analysis; nuclear magnetic resonance"	"true positive"	""	"Homo sapiens"
"ELMI001546"	"LIG"	"LIG_PTB_Phospho_1"	"LRP1_HUMAN"	"Q07954"	"Q07954 Q2PP12 Q8IVG8"	"4501"	"4507"	"12789267"	"coimmunoprecipitation; glutathione s tranferase tag; mutation analysis; nuclear magnetic resonance; protein kinase assay; pull down"	"true positive"	""	"Homo sapiens"
"ELMI001538"	"LIG"	"LIG_PTB_Phospho_1"	"MT_POVMA"	"P03077"	"P03077"	"244"	"250"	"7543098"	"alanine scanning; nuclear magnetic resonance"	"true positive"	""	"Murine polyomavirus strain A2"
"ELMI001547"	"LIG"	"LIG_PTB_Phospho_1"	"MUSK_MOUSE"	"Q61006"	"Q61006 Q61005 Q61987 Q61988"	"547"	"553"	"20603078"	"protein kinase assay; x-ray crystallography"	"true positive"	"3ML4"	"Mus musculus"
"ELMI001541"	"LIG"	"LIG_PTB_Phospho_1"	"NTRK1_HUMAN"	"P04629"	"P04629 B2R6T5 B7ZM34 P08119 Q15655 Q15656 Q5D056 Q5VZS2 Q7Z5C3 Q9UIU7"	"490"	"496"	"8524391"	"isothermal titration calorimetry; mutation analysis; nuclear magnetic resonance"	"true positive"	"1SHC"	"Homo sapiens"
"ELMI001549"	"LIG"	"LIG_PTB_Phospho_1"	"RET_MOUSE"	"P35546"	"P35546 Q8BQ34 Q9QXH9"	"1057"	"1063"	"14607833"	"surface plasmon resonance; x-ray crystallography"	"true positive"	"1UEF"	"Mus musculus"
"ELMI001545"	"LIG"	"LIG_PTB_Phospho_1"	"SHIP1_HUMAN"	"Q92835"	"Q92835 O00145 Q13544 Q13545 Q6P5A4 Q92656 Q9UE80"	"909"	"915"	"9083021"	"coimmunoprecipitation; glutathione s tranferase tag; pull down"	"true positive"	""	"Homo sapiens"
"ELMI001624"	"LIG"	"LIG_PTB_Phospho_1"	"SHIP1_HUMAN"	"Q92835"	"Q92835 O00145 Q13544 Q13545 Q6P5A4 Q92656 Q9UE80"	"1016"	"1022"	"9099679"	"coimmunoprecipitation; glutathione s tranferase tag; mutation analysis; protein kinase assay; pull down"	"true positive"	""	"Homo sapiens"
"ELMI004744"	"LIG"	"LIG_RBL1_LxSxE_2"	"LIN52_HUMAN"	"Q52LA3"	"Q52LA3"	"15"	"28"	"25917549 33513914"	"coimmunoprecipitation; competition binding; fluorescence polarization spectroscopy; isothermal titration calorimetry; mutation analysis; mutation disrupting interaction; protein phosphatase assay; western blot; x-ray crystallography"	"true positive"	"4YOS"	"Homo sapiens"
"ELMI003123"	"LIG"	"LIG_RB_LxCxE_1"	"AHR_HUMAN"	"P35869"	"P35869 A4D130 Q13728 Q13803 Q13804"	"329"	"346"	"9712901 11259609 10644764"	"glutathione s tranferase tag; mutation analysis; pull down; two hybrid"	"false positive"	""	"Homo sapiens"
"ELMI003119"	"LIG"	"LIG_RB_LxCxE_1"	"ARI4A_HUMAN"	"P29374"	"P29374 Q15991 Q15992 Q15993"	"956"	"973"	"1857421 35716663 8414517"	"amplified luminescent proximity homogeneous assay; coimmunoprecipitation; competition binding; glutathione s tranferase tag; isothermal titration calorimetry; mutation analysis; mutation decreasing interaction; pull down; x-ray crystallography"	"true positive"	"7SMC"	"Homo sapiens"
"ELMI003151"	"LIG"	"LIG_RB_LxCxE_1"	"B8ZX42_9POLY"	"B8ZX42"	"B8ZX42"	"211"	"229"	"18812503 26385761 27121059 26383606 21413015 24371076"	"glutathione s tranferase tag; microscale thermophoresis; mutation analysis; pull down; western blot"	"true positive"	""	"Merkel cell polyomavirus"
"ELMI003108"	"LIG"	"LIG_RB_LxCxE_1"	"BRE1B_HUMAN"	"O75150"	"O75150 Q6AHZ6 Q6N005 Q7L3T6 Q8N615 Q96T18 Q9BSV9 Q9HC82"	"106"	"127"	"10944455"	"glutathione s tranferase tag; mutation analysis; pull down; two hybrid"	"false positive"	""	"Homo sapiens"
"ELMI003113"	"LIG"	"LIG_RB_LxCxE_1"	"CBX5_HUMAN"	"P45973"	"P45973 B2R8T9"	"54"	"75"	"11484059 10838613 21047797"	"coimmunoprecipitation; competition binding; two hybrid; x-ray crystallography"	"false positive"	"3FDT"	"Homo sapiens"
"ELMI003147"	"LIG"	"LIG_RB_LxCxE_1"	"CCD11_ARATH"	"P42751"	"P42751 O04525 Q8W2K2"	"21"	"40"	"7923370 7696881 35716663"	"amplified luminescent proximity homogeneous assay; glutathione s tranferase tag; pull down; sequence based prediction"	"true positive"	""	"Arabidopsis thaliana"
"ELMI003148"	"LIG"	"LIG_RB_LxCxE_1"	"CCD21_ARATH"	"P42752"	"P42752 Q0WRQ1 Q1LYY4"	"3"	"22"	"7923370 7696881 35716663"	"amplified luminescent proximity homogeneous assay; glutathione s tranferase tag; mutation analysis; pull down; sequence based prediction"	"true positive"	""	"Arabidopsis thaliana"
"ELMI003149"	"LIG"	"LIG_RB_LxCxE_1"	"CCD31_ARATH"	"P42753"	"P42753 O49489 Q56XG2"	"20"	"38"	"7923370 7696881 35716663"	"amplified luminescent proximity homogeneous assay; glutathione s tranferase tag; mutation analysis; pull down; sequence based prediction"	"true positive"	""	"Arabidopsis thaliana"
"ELMI003118"	"LIG"	"LIG_RB_LxCxE_1"	"CCND1_HUMAN"	"P24385"	"P24385 Q6LEF0"	"2"	"19"	"19237565 8490963"	"coimmunoprecipitation; competition binding; mutation analysis; x-ray crystallography"	"true positive"	"2W96"	"Homo sapiens"
"ELMI003145"	"LIG"	"LIG_RB_LxCxE_1"	"CCND2_HUMAN"	"P30279"	"P30279 A8K531 Q13955 Q5U035"	"2"	"17"	"8343202 8449399"	"coimmunoprecipitation; glutathione s tranferase tag; mutation analysis; pull down"	"true positive"	""	"Homo sapiens"
"ELMI003146"	"LIG"	"LIG_RB_LxCxE_1"	"CCND3_HUMAN"	"P30281"	"P30281 B2RD63 B3KQ22 E9PAS4 E9PB36 Q5T8J0 Q6FG62 Q96F49"	"2"	"18"	"8343202 8449399"	"coimmunoprecipitation; glutathione s tranferase tag; pull down"	"true positive"	""	"Homo sapiens"
"ELMI003132"	"LIG"	"LIG_RB_LxCxE_1"	"CLINK_FBNY1"	"Q9WIJ4"	"Q9WIJ4"	"109"	"127"	"10708410"	"glutathione s tranferase tag; mutation analysis; pull down; two hybrid"	"true positive"	""	"Faba bean necrotic yellows virus"
"ELMI003130"	"LIG"	"LIG_RB_LxCxE_1"	"COM1_HUMAN"	"Q99708"	"Q99708 O75371"	"152"	"169"	"9721205 17214969 10449734 16581787"	"isothermal titration calorimetry; mutation analysis; two hybrid"	"false positive"	""	"Homo sapiens"
"ELMI003112"	"LIG"	"LIG_RB_LxCxE_1"	"E1A_ADE05"	"P03255"	"P03255 P06438 Q64825 Q64826"	"118"	"140"	"8084002 1534854"	"competition binding; glutathione s tranferase tag; mutation analysis; pull down"	"true positive"	""	"Human adenovirus 5"
"ELMI003134"	"LIG"	"LIG_RB_LxCxE_1"	"EID1_HUMAN"	"Q9Y6B2"	"Q9Y6B2 B2RD11 Q8N7I4 Q9BZT9"	"175"	"187"	"11073990 11073989 35716663"	"amplified luminescent proximity homogeneous assay; glutathione s tranferase tag; isothermal titration calorimetry; mutation analysis; mutation decreasing interaction; mutation disrupting interaction; pull down; two hybrid; x-ray crystallography"	"true positive"	"7SMD"	"Homo sapiens"
"ELMI003121"	"LIG"	"LIG_RB_LxCxE_1"	"ELF1_HUMAN"	"P32519"	"P32519 Q8N6F6 Q9UDE1"	"47"	"67"	"8493578"	"competition binding; glutathione s tranferase tag; mutation analysis; pull down"	"false positive"	""	"Homo sapiens"
"ELMI003117"	"LIG"	"LIG_RB_LxCxE_1"	"GCVK_HCMVA"	"P16788"	"P16788 Q7M6J4 Q910D5 Q910F8 Q910W3 Q91B46 Q91B47 Q91B48 Q91B49 Q91B50 Q91B51 Q91B52 Q91B53 Q91B54 Q91B55"	"144"	"167"	"18321963"	"mutation analysis"	"true positive"	""	"Human herpesvirus 5 strain AD169"
"ELMI003140"	"LIG"	"LIG_RB_LxCxE_1"	"HBP1_RAT"	"Q62661"	"Q62661 Q5BK86"	"31"	"51"	"9030690 9178770 9671483"	"coimmunoprecipitation; glutathione s tranferase tag; mutation analysis; pull down; two hybrid"	"true positive"	""	"Rattus norvegicus"
"ELMI003141"	"LIG"	"LIG_RB_LxCxE_1"	"HDAC1_HUMAN"	"Q13547"	"Q13547 Q92534"	"411"	"428"	"9491888 9724731 9468139 16118215 10496602 9468140 35716663"	"amplified luminescent proximity homogeneous assay; anti tag coimmunoprecipitation; coimmunoprecipitation; competition binding; glutathione s tranferase tag; isothermal titration calorimetry; mutation analysis; pull down; two hybrid; x-ray crystallography"	"true positive"	"7SME"	"Homo sapiens"
"ELMI003142"	"LIG"	"LIG_RB_LxCxE_1"	"HDAC2_HUMAN"	"Q92769"	"Q92769 B3KRS5 B4DL58 E1P561 Q5SRI8 Q5SZ86 Q8NEH4"	"412"	"429"	"10496602 9468139"	"coimmunoprecipitation; competition binding; glutathione s tranferase tag; pull down"	"true positive"	""	"Homo sapiens"
"ELMI003131"	"LIG"	"LIG_RB_LxCxE_1"	"IFI2_MOUSE"	"Q9R002"	"Q9R002 E9QLD9 P15091 Q38JF1 Q7TMN6 Q8VEL7"	"413"	"433"	"23850291 7890747"	"glutathione s tranferase tag; mutation analysis; pull down; x-ray crystallography"	"false positive"	"4L5T"	"Mus musculus"
"ELMI003116"	"LIG"	"LIG_RB_LxCxE_1"	"IFI4_MOUSE"	"P15092"	"P15092 Q921V9"	"418"	"434"	"10951565"	"coimmunoprecipitation; mutation analysis"	"false positive"	""	"Mus musculus"
"ELMI003120"	"LIG"	"LIG_RB_LxCxE_1"	"KDM5A_HUMAN"	"P29375"	"P29375 A8MV76 Q4LE72 Q86XZ1"	"1370"	"1388"	"1857421 35716663"	"amplified luminescent proximity homogeneous assay; competition binding; glutathione s tranferase tag; mutation analysis; pull down"	"true positive"	""	"Homo sapiens"
"ELMI003110"	"LIG"	"LIG_RB_LxCxE_1"	"LT_SV40"	"P03070"	"P03070"	"101"	"119"	"11226179 2839300 16118215 24371076 8676470"	"coimmunoprecipitation; glutathione s tranferase tag; isothermal titration calorimetry; microscale thermophoresis; mutation analysis; pull down; x-ray crystallography"	"true positive"	"1GH6"	"Simian virus 40"
"ELMI003143"	"LIG"	"LIG_RB_LxCxE_1"	"NDC80_HUMAN"	"O14777"	"O14777 Q6PJX2"	"229"	"245"	"18455984 10779342"	"glutathione s tranferase tag; mutation analysis; pull down; two hybrid; x-ray crystallography"	"true positive"	"2VE7"	"Homo sapiens"
"ELMI003150"	"LIG"	"LIG_RB_LxCxE_1"	"PPR26_HUMAN"	"Q5T8A7"	"Q5T8A7 Q86WU0 Q8WVV0 Q9Y4D3"	"478"	"493"	"26442585"	"glutathione s tranferase tag; mutation analysis; pull down; western blot"	"true positive"	""	"Homo sapiens"
"ELMI003126"	"LIG"	"LIG_RB_LxCxE_1"	"PRDM2_HUMAN"	"Q13029"	"Q13029 Q13149 Q14550 Q5VUL9"	"309"	"328"	"9223517 25640033 7538672 35716663"	"amplified luminescent proximity homogeneous assay; competition binding; fluorescence polarization spectroscopy; glutathione s tranferase tag; isothermal titration calorimetry; mutation analysis; nuclear magnetic resonance; pull down"	"true positive"	""	"Homo sapiens"
"ELMI003138"	"LIG"	"LIG_RB_LxCxE_1"	"Q63928_9MURI"	"Q63928"	"Q63928"	"730"	"746"	"7923370 35716663"	"amplified luminescent proximity homogeneous assay; competition binding; glutathione s tranferase tag; mutation analysis; pull down; two hybrid"	"true positive"	""	"Mus sp."
"ELMI003136"	"LIG"	"LIG_RB_LxCxE_1"	"Q77J89_WSSVS"	"Q77J89"	"Q77J89"	"213"	"224"	"24027329"	"coimmunoprecipitation; mutation analysis; sequence based prediction"	"true positive"	""	"Shrimp white spot syndrome virus (isolate Tongan)"
"ELMI003137"	"LIG"	"LIG_RB_LxCxE_1"	"Q77J94_WSSVS"	"Q77J94"	"Q77J94"	"214"	"226"	"24027329"	"coimmunoprecipitation; mutation analysis; sequence based prediction"	"true positive"	""	"Shrimp white spot syndrome virus (isolate Tongan)"
"ELMI003129"	"LIG"	"LIG_RB_LxCxE_1"	"Q98178_MCV1"	"Q98178"	"Q98178"	"140"	"158"	"18701596"	"coimmunoprecipitation; mutation analysis"	"true positive"	""	"Molluscum contagiosum virus subtype 1"
"ELMI003128"	"LIG"	"LIG_RB_LxCxE_1"	"Q98178_MCV1"	"Q98178"	"Q98178"	"173"	"196"	"18701596"	"coimmunoprecipitation; mutation analysis"	"true positive"	""	"Molluscum contagiosum virus subtype 1"
"ELMI003133"	"LIG"	"LIG_RB_LxCxE_1"	"Q9WKM8_BBTV"	"Q9WKM8"	"Q9WKM8"	"110"	"126"	"10640570"	"mutation analysis; two hybrid"	"true positive"	""	"Banana bunchy top virus"
"ELMI003135"	"LIG"	"LIG_RB_LxCxE_1"	"R1AB_CVMA5"	"P0C6X9"	"P0C6X9 O39225 O39226 P16342 P19750"	"6857"	"6871"	"16873248 22301153"	"coimmunoprecipitation; mutation analysis; sequence based prediction; x-ray crystallography"	"false positive"	"2GTH"	"Murine hepatitis virus strain A59"
"ELMI003109"	"LIG"	"LIG_RB_LxCxE_1"	"RBBP9_HUMAN"	"O75884"	"O75884 D3DW31 Q5JPH9 Q9H1D8"	"62"	"76"	"9697699 19004028"	"coimmunoprecipitation; mutation analysis; two hybrid; x-ray crystallography"	"false positive"	"2QS9"	"Homo sapiens"
"ELMI003107"	"LIG"	"LIG_RB_LxCxE_1"	"REPA_BEYDV"	"O39521"	"O39521 A4K7Q4"	"180"	"199"	"10191192"	"mutation analysis; two hybrid"	"true positive"	""	"Bean yellow dwarf virus"
"ELMI003115"	"LIG"	"LIG_RB_LxCxE_1"	"REPA_MSVS"	"P14990"	"P14990"	"197"	"216"	"15722542"	"mutation analysis; two hybrid"	"true positive"	""	"Maize streak virus - [South Africa]"
"ELMI003114"	"LIG"	"LIG_RB_LxCxE_1"	"REPA_WDVS"	"P06847"	"P06847"	"191"	"212"	"7664747"	"mutation analysis; two hybrid"	"true positive"	""	"Wheat dwarf virus - [Sweden]"
"ELMI003122"	"LIG"	"LIG_RB_LxCxE_1"	"RFC1_HUMAN"	"P35251"	"P35251 A8K6E7 Q5XKF5 Q6PKU0 Q86V41 Q86V46"	"662"	"680"	"11336696"	"glutathione s tranferase tag; mutation analysis; pull down"	"false positive"	""	"Homo sapiens"
"ELMI003124"	"LIG"	"LIG_RB_LxCxE_1"	"SMCA2_HUMAN"	"P51531"	"P51531 B1ALG3 B1ALG4 D3DRH4 D3DRH5"	"1292"	"1308"	"9326598 35716663 8657132"	"amplified luminescent proximity homogeneous assay; coimmunoprecipitation; glutathione s tranferase tag; mutation analysis; pull down; two hybrid"	"true positive"	""	"Homo sapiens"
"ELMI003139"	"LIG"	"LIG_RB_LxCxE_1"	"SMCA4_HUMAN"	"P51532"	"P51532 B1A8Z4 B1A8Z5 B1A8Z6 B1A8Z7 E9PBR8 O95052 Q9HBD3"	"1355"	"1371"	"8657132"	"glutathione s tranferase tag; mutation analysis; pull down; two hybrid"	"true positive"	""	"Homo sapiens"
"ELMI003125"	"LIG"	"LIG_RB_LxCxE_1"	"TRAP1_HUMAN"	"Q12931"	"Q12931 D3DUC8 O43642 O75235 Q9UHL5"	"523"	"543"	"8756626"	"mutation analysis; two hybrid"	"false positive"	""	"Homo sapiens"
"ELMI003144"	"LIG"	"LIG_RB_LxCxE_1"	"UBF1_HUMAN"	"P17480"	"P17480 A8K6R8"	"306"	"323"	"9234680"	"glutathione s tranferase tag; mutation analysis; pull down"	"false positive"	""	"Homo sapiens"
"ELMI003127"	"LIG"	"LIG_RB_LxCxE_1"	"UBP4_HUMAN"	"Q13107"	"Q13107 A8K6Y0 O43452 O43453 Q08AK8"	"458"	"472"	"11571651 21415856"	"coimmunoprecipitation; mutation analysis; x-ray crystallography"	"false positive"	"2Y6E"	"Homo sapiens"
"ELMI004910"	"LIG"	"LIG_RB_LxCxE_1"	"VE7_HPV11"	"P04020"	"P04020"	"19"	"38"	"20088881"	"competition binding; fluorescence polarization spectroscopy"	"true positive"	""	"Human papillomavirus type 11"
"ELMI003111"	"LIG"	"LIG_RB_LxCxE_1"	"VE7_HPV16"	"P03129"	"P03129"	"21"	"37"	"9495340 21787785 11543887 16118215 1312637 33513914 35716663 20088881"	"amplified luminescent proximity homogeneous assay; coimmunoprecipitation; competition binding; fluorescence polarization spectroscopy; isothermal titration calorimetry; mutation analysis; solid phase assay; western blot; x-ray crystallography"	"true positive"	"1GUX"	"Human papillomavirus type 16"
"ELMI004911"	"LIG"	"LIG_RB_LxCxE_1"	"VE7_HPV18"	"P06788"	"P06788"	"20"	"40"	"20088881"	"competition binding; fluorescence polarization spectroscopy"	"true positive"	""	"Human papillomavirus type 18"
"ELMI004912"	"LIG"	"LIG_RB_LxCxE_1"	"VE7_HPV38"	"Q80908"	"Q80908"	"21"	"38"	"11543887"	"solid phase assay"	"true positive"	""	"Human papillomavirus type 38"
"ELMI001514"	"LIG"	"LIG_RB_pABgroove_1"	"E1A_ADE05"	"P03255"	"P03255 P06438 Q64825 Q64826"	"41"	"49"	"1534854 17974914"	"glutathione s tranferase tag; isothermal titration calorimetry; mutation analysis; pull down; x-ray crystallography"	"true positive"	"2R7G"	"Human adenovirus 5"
"ELMI001516"	"LIG"	"LIG_RB_pABgroove_1"	"E2F1_HUMAN"	"Q01094"	"Q01094 Q13143 Q92768"	"419"	"427"	"8346196 12598654 8413249 12502741 27567532"	"glutathione s tranferase tag; isothermal titration calorimetry; mutation analysis; mutation disrupting interaction; pull down; surface plasmon resonance; x-ray crystallography"	"true positive"	"1O9K"	"Homo sapiens"
"ELMI001515"	"LIG"	"LIG_RB_pABgroove_1"	"E2F2_HUMAN"	"Q14209"	"Q14209 B2R9W1 Q7Z6H1"	"420"	"428"	"12502741 27567532"	"isothermal titration calorimetry; mutation analysis; mutation decreasing interaction; x-ray crystallography"	"true positive"	"1N4M"	"Homo sapiens"
"ELMI004828"	"LIG"	"LIG_RB_pABgroove_1"	"E2F3_HUMAN"	"O00716"	"O00716 Q15000 Q9BZ44"	"442"	"450"	"27567532"	"isothermal titration calorimetry"	"true positive"	""	"Homo sapiens"
"ELMI004829"	"LIG"	"LIG_RB_pABgroove_1"	"E2F4_HUMAN"	"Q16254"	"Q16254 A6NGR8 B5BU56 Q12991 Q15328"	"400"	"408"	"27567532"	"isothermal titration calorimetry; mutation analysis"	"true positive"	""	"Homo sapiens"
"ELMI004830"	"LIG"	"LIG_RB_pABgroove_1"	"E2F5_HUMAN"	"Q15329"	"Q15329 E9PBN9 Q16601 Q92756"	"333"	"341"	"12502741"	"isothermal titration calorimetry"	"true positive"	""	"Homo sapiens"
"ELMI004831"	"LIG"	"LIG_RB_pABgroove_1"	"RB_HUMAN"	"P06400"	"P06400 A8K5E3 P78499 Q5VW46 Q8IZL4"	"600"	"609"	"20223825 22569856"	"competition binding; isothermal titration calorimetry; mutation analysis; mutation disrupting interaction; nuclear magnetic resonance; x-ray crystallography"	"true positive"	"4ELL"	"Homo sapiens"
"ELMI003492"	"LIG"	"LIG_REV1ctd_RIR_1"	"DPOD3_HUMAN"	"Q15054"	"Q15054 B7ZAI6"	"236"	"245"	"26982350"	"nuclear magnetic resonance; surface plasmon resonance; two hybrid"	"true positive"	"2N1G"	"Homo sapiens"
"ELMI003496"	"LIG"	"LIG_REV1ctd_RIR_1"	"MSH6_YEAST"	"Q03834"	"Q03834 D6VS82"	"31"	"38"	"26903512"	"coimmunoprecipitation; elisa; experimental interaction detection; mutation disrupting interaction"	"true positive"	""	"Saccharomyces cerevisiae"
"ELMI003489"	"LIG"	"LIG_REV1ctd_RIR_1"	"POLH_HUMAN"	"Q9Y253"	"Q9Y253 Q7L8E3 Q96BC4 Q9BX13"	"481"	"490"	"19170759"	"alanine scanning; beta galactosidase complementation; mutation disrupting interaction; surface plasmon resonance; two hybrid"	"true positive"	""	"Homo sapiens"
"ELMI003490"	"LIG"	"LIG_REV1ctd_RIR_1"	"POLH_HUMAN"	"Q9Y253"	"Q9Y253 Q7L8E3 Q96BC4 Q9BX13"	"529"	"539"	"22691049 24409475 19170759"	"alanine scanning; beta galactosidase complementation; classical fluorescence spectroscopy; mutation disrupting interaction; nuclear magnetic resonance; surface plasmon resonance; two hybrid"	"true positive"	"2LSK"	"Homo sapiens"
"ELMI003495"	"LIG"	"LIG_REV1ctd_RIR_1"	"POLH_YEAST"	"Q04049"	"Q04049 D6VT49"	"625"	"632"	"26903512"	"alanine scanning; coimmunoprecipitation; elisa; experimental interaction detection; isothermal titration calorimetry; mutation disrupting interaction"	"true positive"	""	"Saccharomyces cerevisiae S288c"
"ELMI003491"	"LIG"	"LIG_REV1ctd_RIR_1"	"POLI_HUMAN"	"Q9UNA4"	"Q9UNA4 Q8N590 Q9H0S1 Q9NYH6"	"569"	"579"	"24409475 19170759"	"alanine scanning; classical fluorescence spectroscopy; mutation disrupting interaction; surface plasmon resonance; two hybrid"	"true positive"	""	"Homo sapiens"
"ELMI003487"	"LIG"	"LIG_REV1ctd_RIR_1"	"POLK_HUMAN"	"Q9UBT6"	"Q9UBT6 B2RBD2 Q5Q9G5 Q5Q9G6 Q5Q9G7 Q5Q9G8 Q86VJ8 Q8IZY0 Q8IZY1 Q8NB30 Q96L01 Q96Q86 Q96Q87 Q9UHC5"	"565"	"576"	"23143872 26982350 23220741 24409475 19170759"	"alanine scanning; beta galactosidase complementation; classical fluorescence spectroscopy; competition binding; confocal microscopy; fluorescence microscopy; isothermal titration calorimetry; mutation disrupting interaction; nuclear magnetic resonance; phenotype-based detection assay; pull down; surface plasmon resonance; two hybrid; x-ray crystallography"	"true positive"	"2LSI 4GK5"	"Homo sapiens"
"ELMI003488"	"LIG"	"LIG_REV1ctd_RIR_1"	"POLK_MOUSE"	"Q9QUG2"	"Q9QUG2 Q7TPY7"	"564"	"575"	"22700975 22859295"	"nuclear magnetic resonance; x-ray crystallography"	"true positive"	"2LSJ 4FJO"	"Mus musculus"
"ELMI003493"	"LIG"	"LIG_REV1ctd_RIR_1"	"SPRTN_HUMAN"	"Q9H040"	"Q9H040 B1AKT0 B5MEF7 Q5TE78 Q6UWW6 Q96BC5 Q96KA0"	"418"	"428"	"26982350"	"nuclear magnetic resonance"	"true positive"	""	"Homo sapiens"
"ELMI003494"	"LIG"	"LIG_REV1ctd_RIR_1"	"XRCC1_MOUSE"	"Q60596"	"Q60596 Q3THC5 Q5U435 Q7TNQ5"	"191"	"200"	"24409475"	"classical fluorescence spectroscopy; competition binding; nuclear magnetic resonance"	"true positive"	""	"Mus musculus"
"ELMI002848"	"LIG"	"LIG_RPA_C_Fungi"	"RAD14_YEAST"	"P28519"	"P28519 D6W026"	"8"	"20"	"24910198"	"inferred by author"	"true positive"	""	"Saccharomyces cerevisiae S288c"
"ELMI002844"	"LIG"	"LIG_RPA_C_Vert"	"SMAL1_HUMAN"	"Q9NZC9"	"Q9NZC9 A6NEH0 Q53R00 Q96AY1 Q9NXQ5 Q9UFH3 Q9UI93"	"12"	"27"	"24910198 19793862"	"coimmunoprecipitation; detection by mass spectrometry; isothermal titration calorimetry; mutation analysis; nuclear magnetic resonance; pull down; western blot; x-ray crystallography"	"true positive"	"4MQV"	"Homo sapiens"
"ELMI002847"	"LIG"	"LIG_RPA_C_Vert"	"TIPIN_HUMAN"	"Q9BVW5"	"Q9BVW5 B2CW64 Q9NWZ6"	"202"	"217"	"17296725 24910198"	"coimmunoprecipitation; identification by antibody; isothermal titration calorimetry; knock out; mutation analysis; nuclear magnetic resonance"	"true positive"	""	"Homo sapiens"
"ELMI002845"	"LIG"	"LIG_RPA_C_Vert"	"UNG_HUMAN"	"P13051"	"P13051 A8K5M6 B2R8Y1 O00637 O00719 Q93028"	"73"	"88"	"24910198 11081631"	"isothermal titration calorimetry; mutation analysis; nuclear magnetic resonance"	"true positive"	"1DPU"	"Homo sapiens"
"ELMI002846"	"LIG"	"LIG_RPA_C_Vert"	"XPA_HUMAN"	"P23025"	"P23025 Q5T1U9 Q6LCW7 Q6LD02"	"27"	"42"	"11081631"	"affinity chromatography technology; chromatography technology; mutation analysis; nuclear magnetic resonance"	"true positive"	""	"Homo sapiens"
"ELMI001036"	"LIG"	"LIG_RRM_PRI_1"	"RAVR1_MOUSE"	"Q9CW46"	"Q9CW46 Q5DTT6 Q811K0 Q8C3Z1 Q8CA14"	"360"	"367"	"16936729"	"glutathione s tranferase tag; pull down"	"true positive"	""	"Mus musculus"
"ELMI001037"	"LIG"	"LIG_RRM_PRI_1"	"RAVR1_MOUSE"	"Q9CW46"	"Q9CW46 Q5DTT6 Q811K0 Q8C3Z1 Q8CA14"	"400"	"407"	"16936729"	"glutathione s tranferase tag; pull down"	"true positive"	""	"Mus musculus"
"ELMI001038"	"LIG"	"LIG_RRM_PRI_1"	"RAVR1_MOUSE"	"Q9CW46"	"Q9CW46 Q5DTT6 Q811K0 Q8C3Z1 Q8CA14"	"499"	"506"	"16936729"	"glutathione s tranferase tag; mutation analysis; nuclear magnetic resonance; pull down"	"true positive"	""	"Mus musculus"
"ELMI003055"	"LIG"	"LIG_Rrp6Rrp47_Mtr4_1"	"MTR4_YEAST"	"P47047"	"P47047 D6VWD3"	"5"	"12"	"25319414"	"isothermal titration calorimetry; mutation analysis; x-ray crystallography"	"true positive"	"4WFD"	"Saccharomyces cerevisiae S288c"
"ELMI003056"	"LIG"	"LIG_Rrp6Rrp47_Mtr4_1"	"MTREX_HUMAN"	"P42285"	"P42285 Q2M386 Q6MZZ8 Q6P170 Q8N5R0 Q8TAG2"	"8"	"14"	"25319414"	"inferred by author; structure based prediction"	"true positive"	""	"Homo sapiens"
"ELMI003057"	"LIG"	"LIG_Rrp6Rrp47_Mtr4_1"	"Q1K502_NEUCR"	"Q1K502"	"Q1K502"	"3"	"10"	"25319414"	"inferred by author; structure based prediction"	"true positive"	""	"Neurospora crassa OR74A"
"ELMI003058"	"LIG"	"LIG_Rrp6Rrp47_Mtr4_1"	"Q6P7X6_DANRE"	"Q6P7X6"	"Q6P7X6"	"8"	"15"	"25319414"	"inferred by author; structure based prediction"	"true positive"	""	"Danio rerio"
"ELMI003059"	"LIG"	"LIG_Rrp6Rrp47_Mtr4_1"	"Q9Y134_DROME"	"Q9Y134"	"Q9Y134"	"5"	"12"	"25319414"	"inferred by author; structure based prediction"	"true positive"	""	"Drosophila melanogaster"
"ELMI004219"	"LIG"	"LIG_RuBisCO_WRxxL_1"	"A0A2K3D7T6_CHLRE"	"A0A2K3D7T6"	"A0A2K3D7T6"	"1585"	"1593"	"33177094"	"Identification by mass spectrometry; coimmunoprecipitation; peptide array; surface plasmon resonance; tag visualisation by fluorescence"	"true positive"	""	"Chlamydomonas reinhardtii"
"ELMI004230"	"LIG"	"LIG_RuBisCO_WRxxL_1"	"A0A2K3D7T6_CHLRE"	"A0A2K3D7T6"	"A0A2K3D7T6"	"1618"	"1626"	"33177094"	"Identification by mass spectrometry; coimmunoprecipitation; surface plasmon resonance; tag visualisation by fluorescence"	"true positive"	""	"Chlamydomonas reinhardtii"
"ELMI004215"	"LIG"	"LIG_RuBisCO_WRxxL_1"	"A0A2K3DA85_CHLRE"	"A0A2K3DA85"	"A0A2K3DA85"	"59"	"67"	"33230314 33177094"	"Identification by mass spectrometry; coimmunoprecipitation; electron microscopy; mutation analysis; peptide array; surface plasmon resonance; tag visualisation by fluorescence; two hybrid"	"true positive"	"7JFO"	"Chlamydomonas reinhardtii"
"ELMI004216"	"LIG"	"LIG_RuBisCO_WRxxL_1"	"A0A2K3DA85_CHLRE"	"A0A2K3DA85"	"A0A2K3DA85"	"122"	"130"	"33230314 33177094"	"Identification by mass spectrometry; coimmunoprecipitation; electron microscopy; mutation analysis; peptide array; surface plasmon resonance; tag visualisation by fluorescence; two hybrid"	"true positive"	"7JSX"	"Chlamydomonas reinhardtii"
"ELMI004217"	"LIG"	"LIG_RuBisCO_WRxxL_1"	"A0A2K3DA85_CHLRE"	"A0A2K3DA85"	"A0A2K3DA85"	"182"	"190"	"33177094"	"Identification by mass spectrometry; coimmunoprecipitation; peptide array; surface plasmon resonance; tag visualisation by fluorescence"	"true positive"	""	"Chlamydomonas reinhardtii"
"ELMI004218"	"LIG"	"LIG_RuBisCO_WRxxL_1"	"A0A2K3DA85_CHLRE"	"A0A2K3DA85"	"A0A2K3DA85"	"243"	"251"	"33177094"	"Identification by mass spectrometry; coimmunoprecipitation; peptide array; surface plasmon resonance; tag visualisation by fluorescence"	"true positive"	""	"Chlamydomonas reinhardtii"
"ELMI004229"	"LIG"	"LIG_RuBisCO_WRxxL_1"	"A0A2K3DA85_CHLRE"	"A0A2K3DA85"	"A0A2K3DA85"	"309"	"317"	"33177094"	"Identification by mass spectrometry; coimmunoprecipitation; surface plasmon resonance; tag visualisation by fluorescence"	"true positive"	""	"Chlamydomonas reinhardtii"
"ELMI004220"	"LIG"	"LIG_RuBisCO_WRxxL_1"	"A0A2K3DEH1_CHLRE"	"A0A2K3DEH1"	"A0A2K3DEH1"	"655"	"663"	"33177094"	"Identification by mass spectrometry; coimmunoprecipitation; peptide array; tag visualisation by fluorescence"	"true positive"	""	"Chlamydomonas reinhardtii"
"ELMI004221"	"LIG"	"LIG_RuBisCO_WRxxL_1"	"A0A2K3DEH1_CHLRE"	"A0A2K3DEH1"	"A0A2K3DEH1"	"1483"	"1491"	"33177094"	"Identification by mass spectrometry; coimmunoprecipitation; peptide array; tag visualisation by fluorescence"	"true positive"	""	"Chlamydomonas reinhardtii"
"ELMI004231"	"LIG"	"LIG_RuBisCO_WRxxL_1"	"A0A2K3DEH1_CHLRE"	"A0A2K3DEH1"	"A0A2K3DEH1"	"1808"	"1816"	"33177094"	"Identification by mass spectrometry; coimmunoprecipitation; surface plasmon resonance; tag visualisation by fluorescence"	"true positive"	""	"Chlamydomonas reinhardtii"
"ELMI004223"	"LIG"	"LIG_RuBisCO_WRxxL_1"	"A0A2K3DG19_CHLRE"	"A0A2K3DG19"	"A0A2K3DG19"	"1123"	"1131"	"33177094"	"Identification by mass spectrometry; coimmunoprecipitation; peptide array; surface plasmon resonance; tag visualisation by fluorescence"	"true positive"	""	"Chlamydomonas reinhardtii"
"ELMI004224"	"LIG"	"LIG_RuBisCO_WRxxL_1"	"A0A2K3DG19_CHLRE"	"A0A2K3DG19"	"A0A2K3DG19"	"1316"	"1324"	"33177094"	"Identification by mass spectrometry; coimmunoprecipitation; peptide array; tag visualisation by fluorescence"	"true positive"	""	"Chlamydomonas reinhardtii"
"ELMI004225"	"LIG"	"LIG_RuBisCO_WRxxL_1"	"A0A2K3DG19_CHLRE"	"A0A2K3DG19"	"A0A2K3DG19"	"1342"	"1350"	"33177094"	"Identification by mass spectrometry; coimmunoprecipitation; peptide array; surface plasmon resonance; tag visualisation by fluorescence"	"true positive"	""	"Chlamydomonas reinhardtii"
"ELMI004226"	"LIG"	"LIG_RuBisCO_WRxxL_1"	"A0A2K3DG19_CHLRE"	"A0A2K3DG19"	"A0A2K3DG19"	"1589"	"1597"	"33177094"	"Identification by mass spectrometry; coimmunoprecipitation; peptide array; tag visualisation by fluorescence"	"true positive"	""	"Chlamydomonas reinhardtii"
"ELMI004227"	"LIG"	"LIG_RuBisCO_WRxxL_1"	"A0A2K3DG19_CHLRE"	"A0A2K3DG19"	"A0A2K3DG19"	"1635"	"1643"	"33177094"	"Identification by mass spectrometry; coimmunoprecipitation; peptide array; surface plasmon resonance; tag visualisation by fluorescence"	"true positive"	""	"Chlamydomonas reinhardtii"
"ELMI004233"	"LIG"	"LIG_RuBisCO_WRxxL_1"	"A0A2K3DG19_CHLRE"	"A0A2K3DG19"	"A0A2K3DG19"	"1682"	"1690"	"33177094"	"Identification by mass spectrometry; coimmunoprecipitation; surface plasmon resonance; tag visualisation by fluorescence"	"true positive"	""	"Chlamydomonas reinhardtii"
"ELMI004222"	"LIG"	"LIG_RuBisCO_WRxxL_1"	"A0A2K3DMS8_CHLRE"	"A0A2K3DMS8"	"A0A2K3DMS8"	"588"	"596"	"33177094"	"Identification by mass spectrometry; coimmunoprecipitation; peptide array; surface plasmon resonance; tag visualisation by fluorescence"	"true positive"	""	"Chlamydomonas reinhardtii"
"ELMI004232"	"LIG"	"LIG_RuBisCO_WRxxL_1"	"A0A2K3DMS8_CHLRE"	"A0A2K3DMS8"	"A0A2K3DMS8"	"660"	"668"	"33177094"	"Identification by mass spectrometry; coimmunoprecipitation; surface plasmon resonance; tag visualisation by fluorescence"	"true positive"	""	"Chlamydomonas reinhardtii"
"ELMI004228"	"LIG"	"LIG_RuBisCO_WRxxL_1"	"A8IIK4_CHLRE"	"A8IIK4"	"A8IIK4"	"401"	"409"	"33177094"	"Identification by mass spectrometry; coimmunoprecipitation; peptide array; surface plasmon resonance; tag visualisation by fluorescence"	"true positive"	""	"Chlamydomonas reinhardtii"
"ELMI004234"	"LIG"	"LIG_RuBisCO_WRxxL_1"	"A8IIK4_CHLRE"	"A8IIK4"	"A8IIK4"	"431"	"439"	"33177094"	"Identification by mass spectrometry; coimmunoprecipitation; surface plasmon resonance; tag visualisation by fluorescence"	"true positive"	""	"Chlamydomonas reinhardtii"
"ELMI003924"	"LIG"	"LIG_SH2_CRK"	"A0A0H3MGJ2_CHLT2"	"A0A0H3MGJ2"	"A0A0H3MGJ2"	"496"	"500"	"24586162"	"coimmunoprecipitation; detection by mass spectrometry; fluorescence microscopy; inhibitor; western blot"	"true positive"	""	"Chlamydia trachomatis 434/Bu"
"ELMI003925"	"LIG"	"LIG_SH2_CRK"	"A0A0H3MGJ2_CHLT2"	"A0A0H3MGJ2"	"A0A0H3MGJ2"	"504"	"508"	"24586162"	"coimmunoprecipitation; detection by mass spectrometry; fluorescence microscopy; inhibitor; western blot"	"true positive"	""	"Chlamydia trachomatis 434/Bu"
"ELMI003732"	"LIG"	"LIG_SH2_CRK"	"BCAR1_HUMAN"	"P56945"	"P56945"	"362"	"366"	"20627867"	"fluorescence polarization spectroscopy; peptide array"	"true positive"	""	"Homo sapiens"
"ELMI003735"	"LIG"	"LIG_SH2_CRK"	"BCAR1_MOUSE"	"Q61140"	"Q61140 Q60869 Q6PFF9"	"169"	"173"	"27686861"	"isothermal titration calorimetry"	"true positive"	""	"Mus musculus"
"ELMI003736"	"LIG"	"LIG_SH2_CRK"	"BCAR1_MOUSE"	"Q61140"	"Q61140 Q60869 Q6PFF9"	"238"	"242"	"27686861"	"isothermal titration calorimetry"	"true positive"	""	"Mus musculus"
"ELMI003737"	"LIG"	"LIG_SH2_CRK"	"BCAR1_MOUSE"	"Q61140"	"Q61140 Q60869 Q6PFF9"	"271"	"275"	"27686861"	"isothermal titration calorimetry"	"true positive"	""	"Mus musculus"
"ELMI003738"	"LIG"	"LIG_SH2_CRK"	"BCAR1_MOUSE"	"Q61140"	"Q61140 Q60869 Q6PFF9"	"291"	"295"	"27686861"	"isothermal titration calorimetry"	"true positive"	""	"Mus musculus"
"ELMI003739"	"LIG"	"LIG_SH2_CRK"	"BCAR1_MOUSE"	"Q61140"	"Q61140 Q60869 Q6PFF9"	"310"	"314"	"27686861"	"isothermal titration calorimetry"	"true positive"	""	"Mus musculus"
"ELMI003740"	"LIG"	"LIG_SH2_CRK"	"BCAR1_MOUSE"	"Q61140"	"Q61140 Q60869 Q6PFF9"	"376"	"380"	"27686861"	"isothermal titration calorimetry"	"true positive"	""	"Mus musculus"
"ELMI003726"	"LIG"	"LIG_SH2_CRK"	"CBLB_HUMAN"	"Q13191"	"Q13191 A8K9S7 B7WNM4 Q13192 Q13193 Q3LIC0 Q63Z43 Q8IVC5"	"665"	"669"	"10022120"	"coimmunoprecipitation; mutation analysis"	"true positive"	""	"Homo sapiens"
"ELMI003727"	"LIG"	"LIG_SH2_CRK"	"CBLB_HUMAN"	"Q13191"	"Q13191 A8K9S7 B7WNM4 Q13192 Q13193 Q3LIC0 Q63Z43 Q8IVC5"	"709"	"713"	"10022120"	"coimmunoprecipitation; mutation analysis"	"true positive"	""	"Homo sapiens"
"ELMI003716"	"LIG"	"LIG_SH2_CRK"	"CBL_HUMAN"	"P22681"	"P22681 A3KMP8"	"774"	"778"	"8626543"	"coimmunoprecipitation; competition binding; western blot"	"true positive"	""	"Homo sapiens"
"ELMI003743"	"LIG"	"LIG_SH2_CRK"	"CRK_HUMAN"	"P46108"	"P46108 A8MWE8 B0LPE8 D3DTH6 Q96GA9 Q96HJ0"	"221"	"225"	"27686861"	"isothermal titration calorimetry"	"true positive"	""	"Homo sapiens"
"ELMI003717"	"LIG"	"LIG_SH2_CRK"	"CRK_MOUSE"	"Q64010"	"Q64010"	"221"	"225"	"12384576"	"nuclear magnetic resonance"	"true positive"	"1JU5"	"Mus musculus"
"ELMI003728"	"LIG"	"LIG_SH2_CRK"	"DAB1_MOUSE"	"P97318"	"P97318 A2A963 A2A964 A2A965 A2A966 A2A967 A2A970 P97316 P97317 Q9DAP9"	"220"	"224"	"15062102"	"mutation analysis; pull down; western blot"	"true positive"	""	"Mus musculus"
"ELMI003729"	"LIG"	"LIG_SH2_CRK"	"DAB1_MOUSE"	"P97318"	"P97318 A2A963 A2A964 A2A965 A2A966 A2A967 A2A970 P97316 P97317 Q9DAP9"	"232"	"236"	"15062102"	"mutation analysis; pull down; western blot"	"true positive"	""	"Mus musculus"
"ELMI003718"	"LIG"	"LIG_SH2_CRK"	"DCBD1_HUMAN"	"Q8N8Z6"	"Q8N8Z6 Q5H992 Q8IYK5 Q8N7L9 Q96NH2"	"540"	"544"	"29025973"	"inhibitor; mutation analysis; pull down"	"false positive"	""	"Homo sapiens"
"ELMI003719"	"LIG"	"LIG_SH2_CRK"	"DCBD1_HUMAN"	"Q8N8Z6"	"Q8N8Z6 Q5H992 Q8IYK5 Q8N7L9 Q96NH2"	"578"	"582"	"29025973"	"inhibitor; mutation analysis; pull down"	"true positive"	""	"Homo sapiens"
"ELMI003720"	"LIG"	"LIG_SH2_CRK"	"DCBD1_HUMAN"	"Q8N8Z6"	"Q8N8Z6 Q5H992 Q8IYK5 Q8N7L9 Q96NH2"	"589"	"593"	"29025973"	"inhibitor; mutation analysis; pull down"	"true positive"	""	"Homo sapiens"
"ELMI003721"	"LIG"	"LIG_SH2_CRK"	"DCBD1_HUMAN"	"Q8N8Z6"	"Q8N8Z6 Q5H992 Q8IYK5 Q8N7L9 Q96NH2"	"621"	"625"	"29025973"	"inhibitor; mutation analysis; pull down"	"true positive"	""	"Homo sapiens"
"ELMI003722"	"LIG"	"LIG_SH2_CRK"	"DCBD1_HUMAN"	"Q8N8Z6"	"Q8N8Z6 Q5H992 Q8IYK5 Q8N7L9 Q96NH2"	"652"	"656"	"29025973"	"inhibitor; mutation analysis; pull down"	"true positive"	""	"Homo sapiens"
"ELMI003723"	"LIG"	"LIG_SH2_CRK"	"DCBD1_HUMAN"	"Q8N8Z6"	"Q8N8Z6 Q5H992 Q8IYK5 Q8N7L9 Q96NH2"	"665"	"669"	"29025973"	"inhibitor; mutation analysis; pull down"	"true positive"	""	"Homo sapiens"
"ELMI003724"	"LIG"	"LIG_SH2_CRK"	"DCBD1_HUMAN"	"Q8N8Z6"	"Q8N8Z6 Q5H992 Q8IYK5 Q8N7L9 Q96NH2"	"696"	"700"	"29025973"	"inhibitor; mutation analysis; pull down"	"true positive"	""	"Homo sapiens"
"ELMI003733"	"LIG"	"LIG_SH2_CRK"	"DOK7_MOUSE"	"Q18PE0"	"Q18PE0 Q3TCZ6 Q5FW70 Q8C8U7"	"396"	"400"	"27686861"	"isothermal titration calorimetry"	"true positive"	""	"Mus musculus"
"ELMI003734"	"LIG"	"LIG_SH2_CRK"	"DOK7_MOUSE"	"Q18PE0"	"Q18PE0 Q3TCZ6 Q5FW70 Q8C8U7"	"406"	"410"	"27686861"	"isothermal titration calorimetry"	"true positive"	""	"Mus musculus"
"ELMI003744"	"LIG"	"LIG_SH2_CRK"	"EPHB6_HUMAN"	"O15197"	"O15197 A4D2I7 A8CDT5 D3DXD3 Q2TB23 Q2TB24"	"635"	"639"	"27686861"	"isothermal titration calorimetry"	"true positive"	""	"Homo sapiens"
"ELMI003725"	"LIG"	"LIG_SH2_CRK"	"IGF1R_HUMAN"	"P08069"	"P08069 B1B5Y2 Q14CV2 Q9UCC0"	"973"	"977"	"9480911"	"coimmunoprecipitation; mutation analysis; pull down"	"false positive"	""	"Homo sapiens"
"ELMI003713"	"LIG"	"LIG_SH2_CRK"	"PAXI_CHICK"	"P49024"	"P49024"	"31"	"35"	"7537852"	"Two dimensional phosphopeptide mapping; phosphatase assay; western blot"	"true positive"	""	"Gallus gallus"
"ELMI003712"	"LIG"	"LIG_SH2_CRK"	"PAXI_CHICK"	"P49024"	"P49024"	"118"	"122"	"7537852"	"Two dimensional phosphopeptide mapping; phosphatase assay; western blot"	"true positive"	""	"Gallus gallus"
"ELMI003741"	"LIG"	"LIG_SH2_CRK"	"PAXI_HUMAN"	"P49023"	"P49023 B2RAI3 B7ZMB4 O14970 O14971 O60360 Q5HYA4"	"118"	"122"	"27686861"	"isothermal titration calorimetry"	"true positive"	""	"Homo sapiens"
"ELMI003714"	"LIG"	"LIG_SH2_CRK"	"PGFRA_HUMAN"	"P16234"	"P16234 B2RE69 E9PBH0 Q6P4H5 Q96KZ7 Q9UD28"	"762"	"766"	"10733900 27686861"	"coimmunoprecipitation; isothermal titration calorimetry; mutation analysis; western blot"	"false positive"	""	"Homo sapiens"
"ELMI003715"	"LIG"	"LIG_SH2_CRK"	"PGFRB_HUMAN"	"P09619"	"P09619 Q8N5L4"	"771"	"775"	"10733900 27686861"	"coimmunoprecipitation; isothermal titration calorimetry; mutation analysis; western blot"	"false positive"	""	"Homo sapiens"
"ELMI003742"	"LIG"	"LIG_SH2_CRK"	"PLCG1_HUMAN"	"P19174"	"P19174 B7ZLY7 B9EGH4 E1P5W4 Q2V575"	"1253"	"1257"	"27686861"	"isothermal titration calorimetry"	"false positive"	""	"Homo sapiens"
"ELMI003745"	"LIG"	"LIG_SH2_CRK"	"ROR1_HUMAN"	"Q01973"	"Q01973 Q5VVX6 Q66K77 Q92776"	"789"	"793"	"27686861"	"isothermal titration calorimetry"	"true positive"	""	"Homo sapiens"
"ELMI003730"	"LIG"	"LIG_SH2_CRK"	"WEE2A_XENLA"	"P47817"	"P47817 Q66J76"	"110"	"114"	"11134069"	"coimmunoprecipitation; mutation analysis; pull down; western blot"	"true positive"	""	"Xenopus laevis"
"ELMI003731"	"LIG"	"LIG_SH2_CRK"	"WEE2A_XENLA"	"P47817"	"P47817 Q66J76"	"403"	"407"	"11134069"	"coimmunoprecipitation; mutation analysis; pull down; western blot"	"false positive"	""	"Xenopus laevis"
"ELMI003686"	"LIG"	"LIG_SH2_GRB2like"	"A4_HUMAN"	"P05067-4"	"P05067 B2R5V1 D3DSD1 D3DSD2 D3DSD3 P09000 P78438 Q13764 Q13778 Q13793 Q16011 Q16014 Q16019 Q16020 Q6GSC0 Q8WZ99 Q9BT38 Q9UC33 Q9UCA9 Q9UCB6 Q9UCC8 Q9UCD1 Q9UQ58"	"682"	"685"	"22001015"	"colocalization; fluorescence technology; x-ray crystallography"	"true positive"	"3MXC"	"Homo sapiens"
"ELMI002125"	"LIG"	"LIG_SH2_GRB2like"	"A4_HUMAN"	"P05067"	"P05067 B2R5V1 D3DSD1 D3DSD2 D3DSD3 P09000 P78438 Q13764 Q13778 Q13793 Q16011 Q16014 Q16019 Q16020 Q6GSC0 Q8WZ99 Q9BT38 Q9UC33 Q9UCA9 Q9UCB6 Q9UCC8 Q9UCD1 Q9UQ58"	"757"	"760"	"19602287"	"glutathione s tranferase tag; pull down; surface plasmon resonance; western blot"	"true positive"	""	"Homo sapiens"
"ELMI000810"	"LIG"	"LIG_SH2_GRB2like"	"ACHD_TORCA"	"P02718"	"P02718"	"393"	"396"	"9185541 9668219"	"far western blotting; not specified; phosphatase assay; surface plasmon resonance; western blot"	"true positive"	""	"Torpedo californica"
"ELMI000408"	"LIG"	"LIG_SH2_GRB2like"	"BCR_HUMAN"	"P11274"	"P11274 P78501 Q12842 Q4LE80 Q6NZI3"	"177"	"180"	"8673601"	"x-ray crystallography"	"true positive"	"1TZE"	"Homo sapiens"
"ELMI000386"	"LIG"	"LIG_SH2_GRB2like"	"CD28_HUMAN"	"P10747"	"P10747 A8KAC1 Q13964 Q52M23 Q8NI54 Q8NI55 Q8NI56 Q8WXJ2 Q9BYV0"	"191"	"194"	"27927989 24098653"	"isothermal titration calorimetry; x-ray crystallography"	"true positive"	"3WA4 5GJH"	"Homo sapiens"
"ELMI003691"	"LIG"	"LIG_SH2_GRB2like"	"CD6_HUMAN"	"P30203"	"P30203 A4KAD4 A4KAD5 Q9UMF2 Q9Y4K7 Q9Y4K8 Q9Y4K9 Q9Y4L0"	"629"	"632"	"28289074"	"coimmunoprecipitation; mutation analysis; pull down; surface plasmon resonance"	"true positive"	""	"Homo sapiens"
"ELMI000406"	"LIG"	"LIG_SH2_GRB2like"	"CSF3R_MOUSE"	"P40223"	"P40223 A2A8Y3"	"788"	"791"	""	""	"unknown"	""	"Mus musculus"
"ELMI003693"	"LIG"	"LIG_SH2_GRB2like"	"EGFR_HUMAN"	"P00533"	"P00533 O00688 O00732 P06268 Q14225 Q68GS5 Q92795 Q9BZS2 Q9GZX1 Q9H2C9 Q9H3C9 Q9UMD7 Q9UMD8 Q9UMG5"	"1092"	"1095"	"7518560"	"biosensor; coimmunoprecipitation; competition binding"	"true positive"	""	"Homo sapiens"
"ELMI003694"	"LIG"	"LIG_SH2_GRB2like"	"EGFR_HUMAN"	"P00533"	"P00533 O00688 O00732 P06268 Q14225 Q68GS5 Q92795 Q9BZS2 Q9GZX1 Q9H2C9 Q9H3C9 Q9UMD7 Q9UMD8 Q9UMG5"	"1110"	"1113"	"7518560"	"biosensor; coimmunoprecipitation; competition binding"	"true positive"	""	"Homo sapiens"
"ELMI000813"	"LIG"	"LIG_SH2_GRB2like"	"ERBB2_HUMAN"	"P04626"	"P04626 B2RZG3 B4DHN3 Q14256 Q6LDV1 Q9UMK4"	"1139"	"1142"	"11500516 12975581 15930003"	"isothermal titration calorimetry; not specified; nuclear magnetic resonance"	"true positive"	"1MW4"	"Homo sapiens"
"ELMI002612"	"LIG"	"LIG_SH2_GRB2like"	"ERBB3_HUMAN"	"P21860"	"P21860"	"1262"	"1265"	"16729043"	"pull down"	"true positive"	""	"Homo sapiens"
"ELMI003697"	"LIG"	"LIG_SH2_GRB2like"	"ERBB3_MOUSE"	"Q61526"	"Q61526 Q3KQR1 Q68J64 Q810U8 Q8K317"	"1259"	"1262"	"17705331"	"isothermal titration calorimetry"	"true positive"	""	"Mus musculus"
"ELMI003701"	"LIG"	"LIG_SH2_GRB2like"	"ERBB4_HUMAN"	"Q15303"	"Q15303 B7ZLD7 B7ZLE2 B7ZLE3 Q2M1W1 Q59EW4"	"1188"	"1191"	"12731860"	"surface plasmon resonance"	"true positive"	""	"Homo sapiens"
"ELMI003702"	"LIG"	"LIG_SH2_GRB2like"	"ERBB4_HUMAN"	"Q15303"	"Q15303 B7ZLD7 B7ZLE2 B7ZLE3 Q2M1W1 Q59EW4"	"1242"	"1245"	"12731860"	"surface plasmon resonance"	"true positive"	""	"Homo sapiens"
"ELMI000405"	"LIG"	"LIG_SH2_GRB2like"	"FAK1_HUMAN"	"Q05397"	"Q05397 Q14291 Q9UD85"	"925"	"928"	""	""	"true positive"	""	"Homo sapiens"
"ELMI000806"	"LIG"	"LIG_SH2_GRB2like"	"FAK2_HUMAN"	"Q14289"	"Q14289 D3DST0 Q13475 Q14290 Q16709"	"881"	"884"	"10880513"	"not specified"	"true positive"	""	"Homo sapiens"
"ELMI003692"	"LIG"	"LIG_SH2_GRB2like"	"IRS1_HUMAN"	"P35568"	"P35568"	"896"	"899"	"8491186"	"biosensor; coimmunoprecipitation; competition binding; western blot"	"true positive"	""	"Homo sapiens"
"ELMI000924"	"LIG"	"LIG_SH2_GRB2like"	"IRS1_RAT"	"P35570"	"P35570"	"895"	"898"	"7504175"	"protein kinase assay; pull down"	"true positive"	""	"Rattus norvegicus"
"ELMI003749"	"LIG"	"LIG_SH2_GRB2like"	"KIT_HUMAN"	"P10721"	"P10721 B5A956 D5LXN2 D5M931 F5H8F8 Q6IQ28 Q99662 Q9UM99"	"936"	"939"	"10377264"	"competition binding; western blot"	"true positive"	""	"Homo sapiens"
"ELMI003746"	"LIG"	"LIG_SH2_GRB2like"	"LAT_HUMAN"	"O43561-2"	"O43561 O43919"	"171"	"174"	"15029250"	"isothermal titration calorimetry; x-ray crystallography"	"true positive"	"1R1P"	"Homo sapiens"
"ELMI003747"	"LIG"	"LIG_SH2_GRB2like"	"LAT_HUMAN"	"O43561-2"	"O43561 O43919"	"191"	"194"	"15029250"	"isothermal titration calorimetry; x-ray crystallography"	"true positive"	"1R1Q"	"Homo sapiens"
"ELMI003748"	"LIG"	"LIG_SH2_GRB2like"	"LAT_HUMAN"	"O43561-2"	"O43561 O43919"	"226"	"229"	"15029250"	"isothermal titration calorimetry; x-ray crystallography"	"true positive"	"1R1S"	"Homo sapiens"
"ELMI000807"	"LIG"	"LIG_SH2_GRB2like"	"LAT_MOUSE"	"O54957"	"O54957"	"175"	"178"	"10811803"	"not specified"	"true positive"	""	"Mus musculus"
"ELMI000808"	"LIG"	"LIG_SH2_GRB2like"	"LAT_MOUSE"	"O54957"	"O54957"	"195"	"198"	"10811803"	"not specified"	"true positive"	""	"Mus musculus"
"ELMI000809"	"LIG"	"LIG_SH2_GRB2like"	"LAT_MOUSE"	"O54957"	"O54957"	"235"	"238"	"10811803"	"not specified"	"true positive"	""	"Mus musculus"
"ELMI000805"	"LIG"	"LIG_SH2_GRB2like"	"MET_HUMAN"	"P08581"	"P08581 O60366 Q12875 Q9UDX7 Q9UPL8"	"1356"	"1359"	"11063574 12475979"	"not specified; x-ray crystallography"	"true positive"	"1FYR"	"Homo sapiens"
"ELMI000814"	"LIG"	"LIG_SH2_GRB2like"	"PGFRB_HUMAN"	"P09619"	"P09619 Q8N5L4"	"716"	"719"	"8940081"	"competition binding; mutation analysis; not specified; western blot"	"true positive"	""	"Homo sapiens"
"ELMI003695"	"LIG"	"LIG_SH2_GRB2like"	"PGFRB_HUMAN"	"P09619"	"P09619 Q8N5L4"	"775"	"778"	"8940081"	"competition binding; mutation analysis; western blot"	"true positive"	""	"Homo sapiens"
"ELMI000815"	"LIG"	"LIG_SH2_GRB2like"	"PTN11_HUMAN"	"Q06124"	"Q06124 A8K1D9 Q96HD7"	"546"	"549"	"11684012"	"not specified"	"true positive"	""	"Homo sapiens"
"ELMI003696"	"LIG"	"LIG_SH2_GRB2like"	"PTN11_HUMAN"	"Q06124"	"Q06124 A8K1D9 Q96HD7"	"584"	"587"	"8959326"	"coimmunoprecipitation; mutation analysis; western blot"	"true positive"	""	"Homo sapiens"
"ELMI003687"	"LIG"	"LIG_SH2_GRB2like"	"SHC1_HUMAN"	"P29353-2"	"P29353 B5BU19 D3DV78 O15290 Q5T180 Q5T183 Q5T184 Q5T185 Q5T186 Q8N4K5 Q96CL1"	"317"	"320"	"8491186 26645482 11827484"	"biosensor; coimmunoprecipitation; competition binding; isothermal titration calorimetry; nuclear magnetic resonance; western blot; x-ray crystallography"	"true positive"	"1JYR 5CDW"	"Homo sapiens"
"ELMI000811"	"LIG"	"LIG_SH2_GRB2like"	"SHC1_HUMAN"	"P29353"	"P29353 B5BU19 D3DV78 O15290 Q5T180 Q5T183 Q5T184 Q5T185 Q5T186 Q8N4K5 Q96CL1"	"349"	"352"	"9710204"	"not specified"	"true positive"	""	"Homo sapiens"
"ELMI000812"	"LIG"	"LIG_SH2_GRB2like"	"SHC1_HUMAN"	"P29353"	"P29353 B5BU19 D3DV78 O15290 Q5T180 Q5T183 Q5T184 Q5T185 Q5T186 Q8N4K5 Q96CL1"	"427"	"430"	"10356320 9710204"	"not specified; nuclear magnetic resonance"	"true positive"	"1QG1"	"Homo sapiens"
"ELMI003700"	"LIG"	"LIG_SH2_GRB2like"	"TEG1_HHV11"	"P10230"	"P10230 B9VQH4 O09799 Q09I88"	"633"	"636"	"23946459"	"coimmunoprecipitation; mutation analysis; pull down"	"true positive"	""	"Herpes simplex virus (type 1 / strain 17)"
"ELMI003699"	"LIG"	"LIG_SH2_GRB2like"	"TIE2_MOUSE"	"Q02858"	"Q02858"	"1100"	"1103"	"10521483"	"coimmunoprecipitation; mutation analysis; peptide array; surface plasmon resonance; two hybrid"	"true positive"	""	"Mus musculus"
"ELMI003875"	"LIG"	"LIG_SH2_NCK_1"	"A36_VACCW"	"P68619"	"P68619 P21059 Q76ZP0"	"110"	"116"	"10553910 16636066"	"fluorescence technology; surface plasmon resonance; western blot"	"true positive"	""	"Vaccinia virus WR"
"ELMI003884"	"LIG"	"LIG_SH2_NCK_1"	"DOK1_HUMAN"	"Q99704"	"Q99704 O43204 Q53TY2 Q9UHG6"	"360"	"366"	"10202139"	"coimmunoprecipitation; mutation analysis"	"true positive"	""	"Homo sapiens"
"ELMI003880"	"LIG"	"LIG_SH2_NCK_1"	"E2AK3_MOUSE"	"Q9Z2B5"	"Q9Z2B5 Q9CTK8 Q9CWT5"	"559"	"565"	"24928514"	"coimmunoprecipitation; mutation analysis; pull down; western blot"	"true positive"	""	"Mus musculus"
"ELMI003874"	"LIG"	"LIG_SH2_NCK_1"	"EFNB1_HUMAN"	"P98172"	"P98172 D3DVU0"	"315"	"321"	"16636066"	"surface plasmon resonance"	"true positive"	""	"Homo sapiens"
"ELMI003879"	"LIG"	"LIG_SH2_NCK_1"	"EFNB2_HUMAN"	"P52799"	"P52799 Q5JV56"	"302"	"308"	"15764601"	"nuclear magnetic resonance"	"true positive"	""	"Homo sapiens"
"ELMI003883"	"LIG"	"LIG_SH2_NCK_1"	"HCLS1_HUMAN"	"P14317"	"P14317 B4DQ69 Q53Y93 Q6IBK9 Q9UDK0"	"376"	"382"	"25359136"	"coimmunoprecipitation; mutation analysis; pull down; western blot"	"true positive"	""	"Homo sapiens"
"ELMI003886"	"LIG"	"LIG_SH2_NCK_1"	"LCP2_HUMAN"	"Q13094"	"Q13094 A8KA25 Q53XV4"	"111"	"117"	"9846482"	"coimmunoprecipitation; mutation analysis; western blot"	"true positive"	""	"Homo sapiens"
"ELMI003887"	"LIG"	"LIG_SH2_NCK_1"	"LCP2_HUMAN"	"Q13094"	"Q13094 A8KA25 Q53XV4"	"126"	"132"	"9846482"	"coimmunoprecipitation; mutation analysis; western blot"	"true positive"	""	"Homo sapiens"
"ELMI003888"	"LIG"	"LIG_SH2_NCK_1"	"LCP2_HUMAN"	"Q13094"	"Q13094 A8KA25 Q53XV4"	"143"	"149"	"9846482"	"coimmunoprecipitation; mutation analysis; western blot"	"true positive"	""	"Homo sapiens"
"ELMI003876"	"LIG"	"LIG_SH2_NCK_1"	"NPHN_MOUSE"	"Q9QZS7-2"	"Q9QZS7 D2KXA7 Q811S5 Q925S5 Q9ESC6 Q9ET59 Q9JIX1"	"1175"	"1181"	"18212058"	"coimmunoprecipitation; fluorescence technology; mutation analysis; western blot"	"true positive"	""	"Mus musculus"
"ELMI003877"	"LIG"	"LIG_SH2_NCK_1"	"NPHN_MOUSE"	"Q9QZS7-2"	"Q9QZS7 D2KXA7 Q811S5 Q925S5 Q9ESC6 Q9ET59 Q9JIX1"	"1192"	"1198"	"18212058"	"coimmunoprecipitation; fluorescence technology; mutation analysis; western blot"	"true positive"	""	"Mus musculus"
"ELMI003878"	"LIG"	"LIG_SH2_NCK_1"	"NPHN_MOUSE"	"Q9QZS7-2"	"Q9QZS7 D2KXA7 Q811S5 Q925S5 Q9ESC6 Q9ET59 Q9JIX1"	"1216"	"1222"	"18212058"	"coimmunoprecipitation; fluorescence technology; mutation analysis; western blot"	"true positive"	""	"Mus musculus"
"ELMI003873"	"LIG"	"LIG_SH2_NCK_1"	"PGFRB_HUMAN"	"P09619"	"P09619 Q8N5L4"	"1007"	"1013"	"16636066"	"surface plasmon resonance"	"true positive"	""	"Homo sapiens"
"ELMI003881"	"LIG"	"LIG_SH2_NCK_1"	"SH22A_HUMAN"	"Q9NP31"	"Q9NP31 O43817 Q5UBZ1 Q5VZS4 Q5VZS5 Q9UPA7"	"278"	"284"	"26163016"	"coimmunoprecipitation; mutation analysis; peptide array; pull down"	"true positive"	""	"Homo sapiens"
"ELMI003882"	"LIG"	"LIG_SH2_NCK_1"	"SRC8_HUMAN"	"Q14247"	"Q14247 Q8N707 Q96H99"	"419"	"425"	"20971703"	"coimmunoprecipitation; fluorescent resonance energy transfer; mutation analysis; pull down"	"true positive"	""	"Homo sapiens"
"ELMI003872"	"LIG"	"LIG_SH2_NCK_1"	"TIR_ECO27"	"B7UM99"	"B7UM99 O50190 O52147"	"472"	"478"	"16636066 11533668"	"far western blotting; fluorescence technology; mutation analysis; pull down; surface plasmon resonance; x-ray crystallography"	"true positive"	"2CI9 2CIA"	"Escherichia coli O127:H6 str. E2348/69"
"ELMI003885"	"LIG"	"LIG_SH2_NCK_1"	"VGFR1_HUMAN"	"P17948"	"P17948 A3E342 A3E344 A8KA71 B0LPF1 B2BF46 B2BF47 B2BF48 B3FR89 B5A923 F5H5L6 O60722 P16057 Q12954"	"1331"	"1337"	"9600074"	"mutation analysis; two hybrid"	"true positive"	""	"Homo sapiens"
"ELMI000925"	"LIG"	"LIG_SH2_PTP2"	"IRS1_RAT"	"P35570"	"P35570"	"1172"	"1175"	"11572799"	"polyclonal antibody; pull down"	"true positive"	""	"Rattus norvegicus"
"ELMI004898"	"LIG"	"LIG_SH2_SFK_2"	"AFAP1_CHICK"	"Q90738"	"Q90738 Q90917"	"451"	"457"	"9655255"	"coimmunoprecipitation; mutation analysis"	"true positive"	""	"Gallus gallus"
"ELMI004895"	"LIG"	"LIG_SH2_SFK_2"	"BCAR1_HUMAN"	"P56945"	"P56945"	"662"	"668"	"9360983 10542110"	"coimmunoprecipitation; competition binding; fluorescence polarization spectroscopy; mutation analysis; pull down"	"true positive"	""	"Homo sapiens"
"ELMI004896"	"LIG"	"LIG_SH2_SFK_2"	"BCAR1_RAT"	"Q63767"	"Q63767 Q63766"	"760"	"766"	"16245368"	"pull down; surface plasmon resonance; x-ray crystallography"	"true positive"	"1X27"	"Rattus norvegicus"
"ELMI004888"	"LIG"	"LIG_SH2_SFK_2"	"CASL_HUMAN"	"Q14511"	"Q14511 A8MSJ9 Q5T9R4 Q5XKI0"	"627"	"633"	"11604500"	"coimmunoprecipitation; inhibitor"	"true positive"	""	"Homo sapiens"
"ELMI004890"	"LIG"	"LIG_SH2_SFK_2"	"CASL_MOUSE"	"O35177"	"O35177 Q8BJL8 Q8BK90 Q8BL52 Q8BM94 Q8BMI9 Q99KE7"	"626"	"632"	"11604500"	"coimmunoprecipitation; inhibitor"	"true positive"	""	"Mus musculus"
"ELMI004901"	"LIG"	"LIG_SH2_SFK_2"	"CSF1R_HUMAN"	"P07333"	"P07333 B5A955 D3DQG2 Q6LDW5 Q6LDY4 Q86VW7"	"559"	"565"	"7730365"	"mutation analysis; pull down"	"true positive"	""	"Homo sapiens"
"ELMI004889"	"LIG"	"LIG_SH2_SFK_2"	"DAG1_HUMAN"	"Q14118"	"Q14118 A8K6M7 Q969J9"	"890"	"895"	"11724572"	"coimmunoprecipitation; glutathione s tranferase tag; mutation analysis; pull down"	"true positive"	""	"Homo sapiens"
"ELMI004891"	"LIG"	"LIG_SH2_SFK_2"	"EGFR_HUMAN"	"P00533"	"P00533 O00688 O00732 P06268 Q14225 Q68GS5 Q92795 Q9BZS2 Q9GZX1 Q9H2C9 Q9H3C9 Q9UMD7 Q9UMD8 Q9UMG5"	"1090"	"1096"	"9153411"	"elisa"	"true positive"	""	"Homo sapiens"
"ELMI004887"	"LIG"	"LIG_SH2_SFK_2"	"FAK1_MOUSE"	"P34152-3"	"P34152 O08578 Q5DTH7 Q8C513 Q8CFH7 Q8CHM2 Q8K2S0 Q9DAW3"	"395"	"404"	"11604500 9148935 7739563"	"coimmunoprecipitation; mutation analysis; protein kinase assay; protein kinase assay; western blot"	"true positive"	""	"Mus musculus"
"ELMI004897"	"LIG"	"LIG_SH2_SFK_2"	"FAK2_HUMAN"	"Q14289"	"Q14289 D3DST0 Q13475 Q14290 Q16709"	"400"	"408"	"8849729 11149930 10521452 10867021"	"coimmunoprecipitation; mutation analysis; pull down"	"true positive"	""	"Homo sapiens"
"ELMI004886"	"LIG"	"LIG_SH2_SFK_2"	"MT_POVHA"	"P03079"	"P03079"	"322"	"328"	"8985339 7730365 12706723 7680435 7680960 9351806 9636054 7527393"	"coimmunoprecipitation; competition binding; elisa; isothermal titration calorimetry; mutation analysis; nuclear magnetic resonance; x-ray crystallography"	"true positive"	"1AOT 1AOU 1LCJ 1NZL 1SHD 1SPS"	"Hamster polyomavirus"
"ELMI004892"	"LIG"	"LIG_SH2_SFK_2"	"PGFRB_HUMAN"	"P09619"	"P09619 Q8N5L4"	"579"	"585"	"12706723 7685273 7687537 7730365"	"competition binding; isothermal titration calorimetry; pull down; x-ray crystallography"	"true positive"	"1NZV"	"Homo sapiens"
"ELMI004893"	"LIG"	"LIG_SH2_SFK_2"	"PGFRB_HUMAN"	"P09619"	"P09619 Q8N5L4"	"749"	"756"	"1379696 9636054"	"isothermal titration calorimetry; x-ray crystallography"	"true positive"	"1SHA"	"Homo sapiens"
"ELMI004894"	"LIG"	"LIG_SH2_SFK_2"	"PGFRB_MOUSE"	"P05622"	"P05622 E9QPE2"	"748"	"755"	"7730365"	"competition binding; pull down"	"true positive"	""	"Mus musculus"
"ELMI004902"	"LIG"	"LIG_SH2_SFK_2"	"PHAG1_HUMAN"	"Q9NWQ8"	"Q9NWQ8 A8K1A3 Q2M1Z9 Q5BKU4 Q9NYK0"	"161"	"168"	"18056706"	"coimmunoprecipitation; mutation decreasing interaction; peptide array"	"true positive"	""	"Homo sapiens"
"ELMI004903"	"LIG"	"LIG_SH2_SFK_2"	"PHAG1_HUMAN"	"Q9NWQ8"	"Q9NWQ8 A8K1A3 Q2M1Z9 Q5BKU4 Q9NYK0"	"179"	"186"	"18056706"	"coimmunoprecipitation; mutation decreasing interaction; peptide array"	"true positive"	""	"Homo sapiens"
"ELMI004899"	"LIG"	"LIG_SH2_SFK_2"	"PTPRA_HUMAN"	"P18433"	"P18433 A8K2G8 D3DVX5 Q14513 Q7Z2I2 Q96TD9"	"796"	"802"	"10698938"	"coimmunoprecipitation; mutation analysis; pull down"	"true positive"	""	"Homo sapiens"
"ELMI004900"	"LIG"	"LIG_SH2_SFK_2"	"PTPRA_MOUSE"	"P18052"	"P18052 A2AHF2 Q61808"	"823"	"829"	"12834342"	"fluorescence polarization spectroscopy; x-ray crystallography"	"true positive"	"1P13"	"Mus musculus"
"ELMI004904"	"LIG"	"LIG_SH2_SFK_2"	"VAV_HUMAN"	"P15498"	"P15498 B4DVK9 M0QXX6 Q15860"	"158"	"167"	"17050525"	"pull down"	"true positive"	""	"Homo sapiens"
"ELMI004905"	"LIG"	"LIG_SH2_SFK_2"	"VAV_HUMAN"	"P15498"	"P15498 B4DVK9 M0QXX6 Q15860"	"172"	"181"	"17050525"	"pull down"	"true positive"	""	"Homo sapiens"
"ELMI004907"	"LIG"	"LIG_SH2_SFK_CTail_3"	"FYN_HUMAN"	"P06241"	"P06241 B5BU57 E1P557 Q16248 Q5R3A6 Q5R3A7 Q8N5D7"	"531"	"535"	"27692963"	"nuclear magnetic resonance"	"true positive"	"2MRK"	"Homo sapiens"
"ELMI004909"	"LIG"	"LIG_SH2_SFK_CTail_3"	"HCK_HUMAN"	"P08631"	"P08631 B4DQB6 E1P5M2 Q29RX1 Q2VPE2 Q504R5 Q5T7K1 Q5T7K2 Q96CC0 Q9H5Y5 Q9NUA4 Q9UMJ5"	"522"	"526"	"9024658"	"x-ray crystallography"	"true positive"	"2HCK"	"Homo sapiens"
"ELMI004908"	"LIG"	"LIG_SH2_SFK_CTail_3"	"LCK_HUMAN"	"P06239"	"P06239 D3DPP8 P07100 Q12850 Q13152 Q5TDH8 Q5TDH9 Q7RTZ3 Q96DW4 Q9NYT8"	"505"	"509"	"7512222"	"x-ray crystallography"	"true positive"	"1LCK"	"Homo sapiens"
"ELMI004906"	"LIG"	"LIG_SH2_SFK_CTail_3"	"SRC_HUMAN"	"P12931"	"P12931 E1P5V4 Q76P87 Q86VB9 Q9H5A8"	"530"	"534"	"9024657 10360179 9636054 7527393"	"deletion analysis; elisa; isothermal titration calorimetry; x-ray crystallography"	"true positive"	"1FMK 2SRC"	"Homo sapiens"
"ELMI003903"	"LIG"	"LIG_SH2_STAP1"	"AOC2_HUMAN"	"O75106"	"O75106 A5PKW2 O00120 O75105 Q4TTW5 Q9UNY0"	"465"	"469"	"20442417"	"fluorescence polarization spectroscopy"	"false positive"	""	"Homo sapiens"
"ELMI003707"	"LIG"	"LIG_SH2_STAP1"	"CBLB_HUMAN"	"Q13191"	"Q13191 A8K9S7 B7WNM4 Q13192 Q13193 Q3LIC0 Q63Z43 Q8IVC5"	"802"	"806"	"17956856"	"fluorescence polarization spectroscopy; pull down"	"true positive"	""	"Homo sapiens"
"ELMI003894"	"LIG"	"LIG_SH2_STAP1"	"CD22_HUMAN"	"P20273"	"P20273 O95699 O95701 O95702 O95703 Q01665 Q92872 Q92873 Q9UQA6 Q9UQA7 Q9UQA8 Q9UQA9 Q9UQB0 Q9Y2A6"	"807"	"811"	"20442417"	"fluorescence polarization spectroscopy"	"true positive"	""	"Homo sapiens"
"ELMI003895"	"LIG"	"LIG_SH2_STAP1"	"CD22_HUMAN"	"P20273"	"P20273 O95699 O95701 O95702 O95703 Q01665 Q92872 Q92873 Q9UQA6 Q9UQA7 Q9UQA8 Q9UQA9 Q9UQB0 Q9Y2A6"	"822"	"826"	"20442417"	"fluorescence polarization spectroscopy"	"true positive"	""	"Homo sapiens"
"ELMI003905"	"LIG"	"LIG_SH2_STAP1"	"COBA2_HUMAN"	"P13942"	"P13942 A6NLX2 E7ER90 Q07751 Q13271 Q13272 Q13273 Q5JP94 Q5SUI8 Q7Z6C3 Q99866 Q9UIP9"	"344"	"348"	"20442417"	"fluorescence polarization spectroscopy"	"true positive"	""	"Homo sapiens"
"ELMI003705"	"LIG"	"LIG_SH2_STAP1"	"EP15R_HUMAN"	"Q9UBC2"	"Q9UBC2"	"564"	"568"	"17956856"	"fluorescence polarization spectroscopy; pull down"	"true positive"	""	"Homo sapiens"
"ELMI003901"	"LIG"	"LIG_SH2_STAP1"	"FCG2B_HUMAN"	"P31994"	"P31994 A6H8N3 O95649 Q53X85 Q5VXA9 Q8NIA1"	"292"	"296"	"20442417"	"fluorescence polarization spectroscopy"	"true positive"	""	"Homo sapiens"
"ELMI003709"	"LIG"	"LIG_SH2_STAP1"	"HCLS1_HUMAN"	"P14317"	"P14317 B4DQ69 Q53Y93 Q6IBK9 Q9UDK0"	"397"	"401"	"17956856"	"fluorescence polarization spectroscopy"	"true positive"	""	"Homo sapiens"
"ELMI003708"	"LIG"	"LIG_SH2_STAP1"	"KS6A5_HUMAN"	"O75582"	"O75582 B7Z2Y5 O95316 Q96AF7"	"423"	"427"	"17956856"	"fluorescence polarization spectroscopy"	"true positive"	""	"Homo sapiens"
"ELMI003710"	"LIG"	"LIG_SH2_STAP1"	"MALT1_HUMAN"	"Q9UDY8"	"Q9UDY8 Q9NTB7 Q9ULX4"	"470"	"474"	"17956856"	"fluorescence polarization spectroscopy"	"true positive"	""	"Homo sapiens"
"ELMI003906"	"LIG"	"LIG_SH2_STAP1"	"NPHN_HUMAN"	"O60500"	"O60500 A6NDH2 C3RX61"	"1217"	"1221"	"20442417"	"fluorescence polarization spectroscopy"	"true positive"	""	"Homo sapiens"
"ELMI003703"	"LIG"	"LIG_SH2_STAP1"	"NTAL_HUMAN"	"Q9GZY6"	"Q9GZY6 A6NFK6 A8K209 A8K4F1 D3DXF9 Q9BXX8 Q9NZY9"	"136"	"140"	"20442417"	"alanine scanning; coimmunoprecipitation; fluorescence polarization spectroscopy; pull down; western blot; x-ray crystallography"	"true positive"	"3MAZ"	"Homo sapiens"
"ELMI003897"	"LIG"	"LIG_SH2_STAP1"	"PTPM1_HUMAN"	"Q8WUK0"	"Q8WUK0 E9PAT8 Q7Z557 Q96CR2 Q9BXV8"	"75"	"79"	"20442417"	"fluorescence polarization spectroscopy"	"false positive"	""	"Homo sapiens"
"ELMI003900"	"LIG"	"LIG_SH2_STAP1"	"RET_HUMAN"	"P07949-1"	"P07949 A8K6Z2 Q15250 Q9BTB0 Q9H4A2"	"1096"	"1100"	"20442417"	"fluorescence polarization spectroscopy"	"true positive"	""	"Homo sapiens"
"ELMI003904"	"LIG"	"LIG_SH2_STAP1"	"SBP2L_HUMAN"	"Q93073-1"	"Q93073 Q8N767"	"874"	"878"	"20442417"	"fluorescence polarization spectroscopy"	"true positive"	""	"Homo sapiens"
"ELMI003899"	"LIG"	"LIG_SH2_STAP1"	"SLAF5_HUMAN"	"Q9UIB8-3"	"Q9UIB8 B2R8T1 B7Z3R8 O15430 O95266 O95660 Q5H9R1 Q6FHA8 Q8WLP1 Q8WWI8 Q9UF04 Q9UIB6 Q9UIB7 Q9UIT7"	"262"	"266"	"20442417"	"fluorescence polarization spectroscopy"	"false positive"	""	"Homo sapiens"
"ELMI003898"	"LIG"	"LIG_SH2_STAP1"	"STAT1_HUMAN"	"P42224"	"P42224 A8K989 B2RCA0 D2KFR8 D3DPI7 Q53S88 Q53XW4 Q68D00 Q9UDL5"	"22"	"26"	"20442417"	"fluorescence polarization spectroscopy"	"false positive"	""	"Homo sapiens"
"ELMI003896"	"LIG"	"LIG_SH2_STAP1"	"TITIN_HUMAN"	"Q8WZ42"	"Q8WZ42 A6NKB1 E7EQE6 E7ET18 K7ENY1 Q10465 Q10466 Q15598 Q2XUS3 Q32Q60 Q4U1Z6 Q4ZG20 Q6NSG0 Q6PDB1 Q6PJP0 Q7KYM2 Q7KYN4 Q7KYN5 Q7LDM3 Q7Z2X3 Q8TCG8 Q8WZ51 Q8WZ52 Q8WZ53 Q8WZB3 Q92761 Q92762 Q9UD97 Q9UP84 Q9Y6L9"	"23044"	"23048"	"20442417"	"fluorescence polarization spectroscopy"	"false positive"	""	"Homo sapiens"
"ELMI003711"	"LIG"	"LIG_SH2_STAP1"	"TRAF3_HUMAN"	"Q13114"	"Q13114 B7Z8C4 Q12990 Q13076 Q13947 Q6AZX1 Q9UNL1"	"482"	"486"	"17956856"	"fluorescence polarization spectroscopy"	"false positive"	""	"Homo sapiens"
"ELMI003706"	"LIG"	"LIG_SH2_STAP1"	"TRAF7_HUMAN"	"Q6Q0C0"	"Q6Q0C0 Q9H073"	"275"	"279"	"17956856"	"fluorescence polarization spectroscopy; pull down"	"false positive"	""	"Homo sapiens"
"ELMI003704"	"LIG"	"LIG_SH2_STAP1"	"UBS3B_HUMAN"	"Q8TF42"	"Q8TF42 Q53GT5 Q53GT8 Q8NBV7 Q96IG9 Q96NZ2"	"546"	"550"	"17956856"	"fluorescence polarization spectroscopy"	"false positive"	""	"Homo sapiens"
"ELMI003902"	"LIG"	"LIG_SH2_STAP1"	"ZN598_HUMAN"	"Q86UK7"	"Q86UK7 Q8IW49 Q8N3D9 Q96FG3 Q9H7J3"	"159"	"163"	"20442417"	"fluorescence polarization spectroscopy"	"false positive"	""	"Homo sapiens"
"ELMI000227"	"LIG"	"LIG_SH2_STAT3"	"CSF3R_HUMAN"	"Q99062"	"Q99062"	"727"	"730"	"9864141"	"competition binding"	"true positive"	""	"Homo sapiens"
"ELMI000441"	"LIG"	"LIG_SH2_STAT3"	"CSF3R_MOUSE"	"P40223"	"P40223 A2A8Y3"	"728"	"731"	""	""	"unknown"	""	"Mus musculus"
"ELMI000442"	"LIG"	"LIG_SH2_STAT3"	"IL6RB_HUMAN"	"P40189"	"P40189 A0N0L4 Q9UQ41"	"767"	"770"	""	""	"unknown"	""	"Homo sapiens"
"ELMI000443"	"LIG"	"LIG_SH2_STAT3"	"IL6RB_HUMAN"	"P40189"	"P40189 A0N0L4 Q9UQ41"	"814"	"817"	""	""	"unknown"	""	"Homo sapiens"
"ELMI000444"	"LIG"	"LIG_SH2_STAT3"	"IL6RB_HUMAN"	"P40189"	"P40189 A0N0L4 Q9UQ41"	"905"	"908"	""	""	"unknown"	""	"Homo sapiens"
"ELMI000445"	"LIG"	"LIG_SH2_STAT3"	"IL6RB_HUMAN"	"P40189"	"P40189 A0N0L4 Q9UQ41"	"915"	"918"	""	""	"unknown"	""	"Homo sapiens"
"ELMI000446"	"LIG"	"LIG_SH2_STAT3"	"LEPR_MOUSE"	"P48356"	"P48356 O35686 O54986 Q61215 Q64309 Q9QWG3 Q9QWV5"	"1138"	"1141"	""	""	"unknown"	""	"Mus musculus"
"ELMI001752"	"LIG"	"LIG_SH2_STAT3"	"TIP_SHV24"	"P25049"	"P25049"	"72"	"75"	"10747948"	"coimmunoprecipitation; mutation analysis"	"true positive"	""	"Herpesvirus saimiri (strain 484-77)"
"ELMI000440"	"LIG"	"LIG_SH2_STAT3"	"TPOR_HUMAN"	"P40238"	"P40238 Q5JUZ0"	"631"	"634"	""	""	"unknown"	""	"Homo sapiens"
"ELMI002193"	"LIG"	"LIG_SH2_STAT5"	"CTLA4_MOUSE"	"P09793"	"P09793 Q9QZZ7"	"201"	"204"	"8638161"	"coimmunoprecipitation; competition binding"	"true positive"	""	"Mus musculus"
"ELMI000422"	"LIG"	"LIG_SH2_STAT5"	"EPOR_HUMAN"	"P19235"	"P19235 B2RCG4 Q15443 Q2M205"	"368"	"371"	""	""	"unknown"	""	"Homo sapiens"
"ELMI000421"	"LIG"	"LIG_SH2_STAT5"	"EPOR_HUMAN"	"P19235"	"P19235 B2RCG4 Q15443 Q2M205"	"426"	"429"	""	""	"unknown"	""	"Homo sapiens"
"ELMI002194"	"LIG"	"LIG_SH2_STAT5"	"ERBB4_HUMAN"	"Q15303"	"Q15303 B7ZLD7 B7ZLE2 B7ZLE3 Q2M1W1 Q59EW4"	"1056"	"1059"	"8617750 18721752"	"coimmunoprecipitation; competition binding; mass detection of residue modification; protein array"	"true positive"	""	"Homo sapiens"
"ELMI002573"	"LIG"	"LIG_SH2_STAT5"	"GAB1_HUMAN"	"Q13480-2"	"Q13480 A8K152 Q4W5G2 Q6P1W2"	"447"	"450"	"10978177"	"detection by mass spectrometry; edman degradation; glutathione s tranferase tag; mutation analysis; pull down"	"true positive"	""	"Homo sapiens"
"ELMI002574"	"LIG"	"LIG_SH2_STAT5"	"GAB1_HUMAN"	"Q13480-2"	"Q13480 A8K152 Q4W5G2 Q6P1W2"	"472"	"475"	"10978177"	"detection by mass spectrometry; edman degradation; glutathione s tranferase tag; mutation analysis; pull down"	"true positive"	""	"Homo sapiens"
"ELMI002575"	"LIG"	"LIG_SH2_STAT5"	"GAB1_HUMAN"	"Q13480-2"	"Q13480 A8K152 Q4W5G2 Q6P1W2"	"619"	"622"	"10978177"	"detection by mass spectrometry; edman degradation; glutathione s tranferase tag; mutation analysis; pull down"	"true positive"	""	"Homo sapiens"
"ELMI000425"	"LIG"	"LIG_SH2_STAT5"	"GHR_HUMAN"	"P10912"	"P10912 Q9HCX2"	"534"	"537"	"9121492"	"mutation analysis"	"unknown"	""	"Homo sapiens"
"ELMI000424"	"LIG"	"LIG_SH2_STAT5"	"GHR_HUMAN"	"P10912"	"P10912 Q9HCX2"	"566"	"569"	"9121492"	"mutation analysis"	"unknown"	""	"Homo sapiens"
"ELMI000423"	"LIG"	"LIG_SH2_STAT5"	"GHR_HUMAN"	"P10912"	"P10912 Q9HCX2"	"627"	"630"	"9121492"	"mutation analysis"	"unknown"	""	"Homo sapiens"
"ELMI000429"	"LIG"	"LIG_SH2_STAT5"	"IL2RB_HUMAN"	"P14784"	"P14784 B2R765"	"418"	"421"	""	""	"unknown"	""	"Homo sapiens"
"ELMI000427"	"LIG"	"LIG_SH2_STAT5"	"IL3RB_HUMAN"	"P32927"	"P32927 Q5JZI1 Q6ICE0"	"628"	"631"	"10362354"	"mutation analysis"	"unknown"	""	"Homo sapiens"
"ELMI000428"	"LIG"	"LIG_SH2_STAT5"	"IL3RB_HUMAN"	"P32927"	"P32927 Q5JZI1 Q6ICE0"	"766"	"769"	"9257712"	"mutation analysis"	"unknown"	""	"Homo sapiens"
"ELMI000430"	"LIG"	"LIG_SH2_STAT5"	"IL7RA_HUMAN"	"P16871"	"P16871 B2RCS6 B4DVT1 Q05CU8 Q6NSP4 Q6NWM0 Q6NWM1 Q6NWM2 Q6NWM3 Q6SV45 Q9UPC1"	"449"	"452"	""	""	"unknown"	""	"Homo sapiens"
"ELMI000431"	"LIG"	"LIG_SH2_STAT5"	"IL9R_HUMAN"	"Q01113"	"Q01113 Q14634 Q8WWU1 Q96TF0"	"407"	"410"	""	""	"unknown"	""	"Homo sapiens"
"ELMI002130"	"LIG"	"LIG_SH2_STAT5"	"INSR_HUMAN"	"P06213"	"P06213 Q17RW0 Q59H98 Q9UCB7 Q9UCB8 Q9UCB9"	"1361"	"1364"	"7983060"	"coimmunoprecipitation; mutation analysis"	"true positive"	""	"Homo sapiens"
"ELMI002201"	"LIG"	"LIG_SH2_STAT5"	"LAT_HUMAN"	"O43561-2"	"O43561 O43919"	"132"	"135"	"11368773 10811803"	"coimmunoprecipitation; far western blotting; glutathione s tranferase tag; mutation analysis; pull down"	"true positive"	""	"Homo sapiens"
"ELMI001110"	"LIG"	"LIG_SH2_STAT5"	"PGFRB_HUMAN"	"P09619"	"P09619 Q8N5L4"	"751"	"754"	""	""	"unknown"	""	"Homo sapiens"
"ELMI000426"	"LIG"	"LIG_SH2_STAT5"	"PRLR_HUMAN"	"P16471"	"P16471 B2R882 Q16354 Q8TD75 Q8TD78 Q96P35 Q96P36 Q9BX87 Q9UHJ5"	"342"	"345"	"7537382"	"mutation analysis"	"unknown"	""	"Homo sapiens"
"ELMI000420"	"LIG"	"LIG_SH2_STAT6"	"IL4RA_HUMAN"	"P24394"	"P24394 B9EKU8 Q96P01 Q9H181 Q9H182 Q9H183 Q9H184 Q9H185 Q9H186 Q9H187 Q9H188"	"602"	"606"	"9712048"	"mutation analysis"	"unknown"	""	"Homo sapiens"
"ELMI003766"	"LIG"	"LIG_SH3_1"	"B7UM88_ECO27"	"B7UM88"	"B7UM88"	"75"	"81"	"17893247"	"coimmunoprecipitation; comigration in sds page; fluorescence polarization spectroscopy; isotope label; mutation analysis; phage display; phenotype-based detection assay; pull down; two hybrid"	"true positive"	""	"Escherichia coli O127:H6 str. E2348/69"
"ELMI003767"	"LIG"	"LIG_SH3_1"	"B7UM88_ECO27"	"B7UM88"	"B7UM88"	"122"	"128"	"17893247"	"coimmunoprecipitation; comigration in sds page; fluorescence polarization spectroscopy; isotope label; mutation analysis; phage display; phenotype-based detection assay; pull down; two hybrid"	"true positive"	""	"Escherichia coli O127:H6 str. E2348/69"
"ELMI003768"	"LIG"	"LIG_SH3_1"	"B7UM88_ECO27"	"B7UM88"	"B7UM88"	"169"	"175"	"17893247"	"coimmunoprecipitation; comigration in sds page; mutation analysis; phage display; phenotype-based detection assay; pull down; two hybrid"	"true positive"	""	"Escherichia coli O127:H6 str. E2348/69"
"ELMI000176"	"LIG"	"LIG_SH3_1"	"BTK_HUMAN"	"Q06187"	"Q06187 Q32ML5"	"186"	"192"	"11707259"	"alanine scanning"	"true positive"	""	"Homo sapiens"
"ELMI000177"	"LIG"	"LIG_SH3_1"	"BTK_HUMAN"	"Q06187"	"Q06187 Q32ML5"	"200"	"206"	"11707259"	"alanine scanning"	"true positive"	""	"Homo sapiens"
"ELMI000172"	"LIG"	"LIG_SH3_1"	"P85A_HUMAN"	"P27986"	"P27986 D3DWA0 Q15747 Q4VBZ7 Q53EM6 Q8IXA2 Q8N1C5"	"88"	"94"	"8294442"	"competition binding; pull down"	"true positive"	""	"Homo sapiens"
"ELMI000151"	"LIG"	"LIG_SH3_1"	"RAD51_HUMAN"	"Q06609"	"Q06609 B2R8T6 Q6FHX9 Q9BV60"	"315"	"321"	"21653319"	"glutathione s tranferase tag; mutation analysis; pull down"	"true positive"	""	"Homo sapiens"
"ELMI000175"	"LIG"	"LIG_SH3_1"	"TAU_HUMAN"	"P10636"	"P10636 P18518 Q14799 Q15549 Q15550 Q15551 Q1RMF6 Q53YB1 Q5CZI7 Q5XWF0 Q6QT54 Q9UDJ3 Q9UMH0 Q9UQ96"	"547"	"553"	"9763511"	"mutation analysis"	"true positive"	""	"Homo sapiens"
"ELMI002435"	"LIG"	"LIG_SH3_2"	"ADA15_HUMAN"	"Q13444"	"Q13444 B3KQU5 B4DLB5 E9PN65 Q13493 Q53XQ0 Q5SR68 Q5SR69 Q6R267 Q71S61 Q71S62 Q71S63 Q71S64 Q71S65 Q71S66 Q71S67 Q71S68 Q71S69 Q96C78"	"767"	"772"	"19718658"	"mutation analysis; peptide array; solid phase assay"	"true positive"	""	"Homo sapiens"
"ELMI000178"	"LIG"	"LIG_SH3_2"	"DYN1_HUMAN"	"Q05193"	"Q05193 A6NLM6 Q5SYX0 Q5SYX2 Q6P3T6 Q86VD2"	"833"	"838"	"9148966"	"mutation analysis"	"true positive"	""	"Homo sapiens"
"ELMI002131"	"LIG"	"LIG_SH3_2"	"DYN2_HUMAN"	"P50570"	"P50570 Q5I0Y0 Q7Z5S3 Q9UPH4"	"829"	"834"	"15483625"	"competition binding; glutathione s tranferase tag; nuclear magnetic resonance; pull down; surface plasmon resonance"	"true positive"	""	"Homo sapiens"
"ELMI002195"	"LIG"	"LIG_SH3_2"	"FAK1_HUMAN"	"Q05397"	"Q05397 Q14291 Q9UD85"	"712"	"717"	"8662921"	"coimmunoprecipitation; colocalization; far western blotting; mutation analysis"	"true positive"	""	"Homo sapiens"
"ELMI000182"	"LIG"	"LIG_SH3_2"	"FAK1_MOUSE"	"P34152"	"P34152 O08578 Q5DTH7 Q8C513 Q8CFH7 Q8CHM2 Q8K2S0 Q9DAW3"	"750"	"755"	"7479864 8662921"	"glutathione s tranferase tag; mutation analysis; pull down; two hybrid"	"true positive"	""	"Mus musculus"
"ELMI002132"	"LIG"	"LIG_SH3_2"	"MYC_HUMAN"	"P01106"	"P01106 A8WFE7 P01107 Q14026"	"60"	"65"	"15992821"	"nuclear magnetic resonance; two hybrid"	"true positive"	"1MV0"	"Homo sapiens"
"ELMI000180"	"LIG"	"LIG_SH3_2"	"NCF1_HUMAN"	"P14598"	"P14598 A6NEH2 A8K7S9 O43842 Q2PP07 Q53FR5 Q9BU90 Q9BXI7 Q9BXI8 Q9UDV9 Q9UMU2"	"363"	"368"	"15657040 9121467"	"glutathione s tranferase tag; pull down; x-ray crystallography"	"true positive"	"1W70"	"Homo sapiens"
"ELMI000194"	"LIG"	"LIG_SH3_2"	"NEF_HV1BR"	"P03406"	"P03406"	"72"	"77"	"8681387 7859737"	"alanine scanning; western blot; x-ray crystallography"	"true positive"	"1EFN"	"Human immunodeficiency virus type 1 (BRU ISOLATE)"
"ELMI000173"	"LIG"	"LIG_SH3_2"	"P85A_HUMAN"	"P27986"	"P27986 D3DWA0 Q15747 Q4VBZ7 Q53EM6 Q8IXA2 Q8N1C5"	"305"	"310"	"8294442"	"competition binding; pull down"	"true positive"	""	"Homo sapiens"
"ELMI000174"	"LIG"	"LIG_SH3_2"	"P85A_HUMAN"	"P27986"	"P27986 D3DWA0 Q15747 Q4VBZ7 Q53EM6 Q8IXA2 Q8N1C5"	"308"	"313"	"8294442"	"pull down"	"true positive"	""	"Homo sapiens"
"ELMI002173"	"LIG"	"LIG_SH3_2"	"PAK1_HUMAN"	"Q13153"	"Q13153 O75561 Q13567 Q32M53 Q32M54 Q86W79"	"13"	"18"	"8798379"	"glutathione s tranferase tag; mutation analysis; pull down; two hybrid"	"true positive"	""	"Homo sapiens"
"ELMI000179"	"LIG"	"LIG_SH3_2"	"PAK1_RAT"	"P35465"	"P35465 Q62934"	"13"	"18"	"10805734"	"glutathione s tranferase tag; pull down"	"true positive"	""	"Rattus norvegicus"
"ELMI000181"	"LIG"	"LIG_SH3_2"	"PEX14_YEAST"	"P53112"	"P53112 D6VTZ8"	"87"	"92"	"10087260 12453410"	"mutation analysis; two hybrid; x-ray crystallography"	"true positive"	"1N5Z"	"Saccharomyces cerevisiae"
"ELMI001755"	"LIG"	"LIG_SH3_2"	"POLG_HCVJA"	"P26662"	"P26662 P89966 Q81755"	"2323"	"2328"	"19656877 16530520"	"coimmunoprecipitation; confocal microscopy; glutathione s tranferase tag; mutation analysis; pull down; sequence based prediction; two hybrid"	"true positive"	""	"Hepatitis C virus (isolate Japanese)"
"ELMI000185"	"LIG"	"LIG_SH3_2"	"PTN22_MOUSE"	"P29352"	"P29352 Q7TMP9"	"614"	"619"	"11685249 9582365"	"mutation analysis; nuclear magnetic resonance"	"true positive"	"1JEG"	"Mus musculus"
"ELMI001098"	"LIG"	"LIG_SH3_2"	"RPGF1_HUMAN"	"Q13905"	"Q13905 Q5JUE4"	"284"	"289"	"7735837"	"x-ray crystallography"	"true positive"	"1CKA"	"Homo sapiens"
"ELMI000183"	"LIG"	"LIG_SH3_2"	"SOS1_HUMAN"	"Q07889"	"Q07889 A8K2G3"	"1151"	"1156"	"23334917 8479541"	"coimmunoprecipitation; competition binding; isothermal titration calorimetry; pull down"	"true positive"	""	"Homo sapiens"
"ELMI000184"	"LIG"	"LIG_SH3_2"	"SOS1_HUMAN"	"Q07889"	"Q07889 A8K2G3"	"1152"	"1157"	"8479541"	"coimmunoprecipitation; pull down"	"true positive"	""	"Homo sapiens"
"ELMI002584"	"LIG"	"LIG_SH3_2"	"SYNJ2_RAT"	"O55207"	"O55207 Q91ZD8 Q91ZD9"	"1120"	"1125"	"11498538"	"affinity chromatography technology; far western blotting; mutation analysis; two hybrid"	"true positive"	""	"Rattus norvegicus"
"ELMI002443"	"LIG"	"LIG_SH3_3"	"BIN1_HUMAN"	"O00499-6"	"O00499 O00297 O00545 O43867 O60552 O60553 O60554 O60555 O75514 O75515 O75516 O75517 O75518 Q659B7 Q92944 Q99688"	"308"	"314"	"15992821"	"classical fluorescence spectroscopy; competition binding; mutation analysis; nuclear magnetic resonance; two hybrid"	"true positive"	""	"Homo sapiens"
"ELMI002165"	"LIG"	"LIG_SH3_3"	"CD2_HUMAN"	"P06729"	"P06729 Q96TE5"	"294"	"300"	"12426371"	"competition binding; nuclear magnetic resonance"	"true positive"	""	"Homo sapiens"
"ELMI000201"	"LIG"	"LIG_SH3_3"	"CY24A_TURTR"	"Q9N2H0"	"Q9N2H0"	"149"	"155"	"9121467"	"glutathione s tranferase tag; pull down"	"true positive"	""	"Tursiops truncatus"
"ELMI000202"	"LIG"	"LIG_SH3_3"	"CY24A_TURTR"	"Q9N2H0"	"Q9N2H0"	"153"	"159"	"9121467"	"glutathione s tranferase tag; pull down"	"true positive"	""	"Tursiops truncatus"
"ELMI000200"	"LIG"	"LIG_SH3_3"	"CY24A_TURTR"	"Q9N2H0"	"Q9N2H0"	"154"	"160"	"9121467"	"glutathione s tranferase tag; pull down"	"true positive"	""	"Tursiops truncatus"
"ELMI002281"	"LIG"	"LIG_SH3_3"	"DAG1_HUMAN"	"Q14118"	"Q14118 A8K6M7 Q969J9"	"888"	"894"	"10903901"	"solid phase assay; surface plasmon resonance"	"true positive"	""	"Homo sapiens"
"ELMI003807"	"LIG"	"LIG_SH3_3"	"EPS8_HUMAN"	"Q12929"	"Q12929 A6NMC3 A8K6W2 A8KA66 B4DX66 Q8N6J0"	"210"	"216"	"21098279 22921828"	"isothermal titration calorimetry; peptide array"	"true positive"	""	"Homo sapiens"
"ELMI003806"	"LIG"	"LIG_SH3_3"	"EPS8_HUMAN"	"Q12929"	"Q12929 A6NMC3 A8K6W2 A8KA66 B4DX66 Q8N6J0"	"215"	"221"	"21098279 22921828"	"isothermal titration calorimetry; peptide array"	"true positive"	""	"Homo sapiens"
"ELMI003793"	"LIG"	"LIG_SH3_3"	"ESPFU_ECO5T"	"C6UYI3"	"C6UYI3"	"107"	"113"	"21098279"	"sequence based prediction"	"true positive"	""	"Escherichia coli O157:H7 str. TW14359"
"ELMI003794"	"LIG"	"LIG_SH3_3"	"ESPFU_ECO5T"	"C6UYI3"	"C6UYI3"	"112"	"118"	"21098279"	"sequence based prediction"	"true positive"	""	"Escherichia coli O157:H7 str. TW14359"
"ELMI003795"	"LIG"	"LIG_SH3_3"	"ESPFU_ECO5T"	"C6UYI3"	"C6UYI3"	"154"	"160"	"21098279"	"sequence based prediction"	"true positive"	""	"Escherichia coli O157:H7 str. TW14359"
"ELMI003796"	"LIG"	"LIG_SH3_3"	"ESPFU_ECO5T"	"C6UYI3"	"C6UYI3"	"159"	"165"	"21098279"	"sequence based prediction"	"true positive"	""	"Escherichia coli O157:H7 str. TW14359"
"ELMI003797"	"LIG"	"LIG_SH3_3"	"ESPFU_ECO5T"	"C6UYI3"	"C6UYI3"	"201"	"207"	"21098279"	"sequence based prediction"	"true positive"	""	"Escherichia coli O157:H7 str. TW14359"
"ELMI003798"	"LIG"	"LIG_SH3_3"	"ESPFU_ECO5T"	"C6UYI3"	"C6UYI3"	"206"	"212"	"21098279"	"sequence based prediction"	"true positive"	""	"Escherichia coli O157:H7 str. TW14359"
"ELMI003799"	"LIG"	"LIG_SH3_3"	"ESPFU_ECO5T"	"C6UYI3"	"C6UYI3"	"248"	"254"	"21098279"	"alanine scanning; deletion analysis; mutation analysis; peptide array"	"true positive"	""	"Escherichia coli O157:H7 str. TW14359"
"ELMI003801"	"LIG"	"LIG_SH3_3"	"ESPFU_ECO5T"	"C6UYI3"	"C6UYI3"	"292"	"298"	"21098279"	"alanine scanning; deletion analysis; mutation analysis; peptide array"	"true positive"	""	"Escherichia coli O157:H7 str. TW14359"
"ELMI000204"	"LIG"	"LIG_SH3_3"	"LAS17_YEAST"	"Q12446"	"Q12446 D6W2N7"	"216"	"222"	"10648568"	"glutathione s tranferase tag; pull down; two hybrid"	"true positive"	""	"Saccharomyces cerevisiae"
"ELMI001753"	"LIG"	"LIG_SH3_3"	"NS1_I72A2"	"P03495"	"P03495 Q1K9D5"	"161"	"167"	"17881440"	"coimmunoprecipitation; glutathione s tranferase tag; mutation analysis; pull down; western blot"	"true positive"	""	"Influenza A virus (A/Udorn/307/1972(H3N2))"
"ELMI002289"	"LIG"	"LIG_SH3_3"	"ORF3_HEVBU"	"P69616"	"P69616 P29325"	"93"	"99"	"11518702"	"glutathione s tranferase tag; mutation analysis; pull down; two hybrid"	"true positive"	""	"Hepatitis E virus (strain Burma)"
"ELMI001754"	"LIG"	"LIG_SH3_3"	"ORF3_HEVBU"	"P69616"	"P69616 P29325"	"102"	"108"	"11518702"	"glutathione s tranferase tag; mutation analysis; pull down; two hybrid"	"true positive"	""	"Hepatitis E virus (strain Burma)"
"ELMI000199"	"LIG"	"LIG_SH3_3"	"P73_HUMAN"	"O15350"	"O15350 B7Z9C1 O15351 Q17RN8 Q5TBV5 Q5TBV6 Q8NHW9 Q8TDY5 Q8TDY6 Q9NTK8"	"407"	"413"	"10391251"	"glutathione s tranferase tag; pull down"	"true positive"	""	"Homo sapiens"
"ELMI001115"	"LIG"	"LIG_SH3_3"	"SOS1_MOUSE"	"Q62245"	"Q62245 Q62244"	"1135"	"1141"	"9135122"	"nuclear magnetic resonance"	"true positive"	"2GBQ"	"Mus musculus"
"ELMI002590"	"LIG"	"LIG_SH3_3"	"TAU_HUMAN"	"P10636-8"	"P10636 P18518 Q14799 Q15549 Q15550 Q15551 Q1RMF6 Q53YB1 Q5CZI7 Q5XWF0 Q6QT54 Q9UDJ3 Q9UMH0 Q9UQ96"	"213"	"219"	"18467332"	"glutathione s tranferase tag; mutation analysis; pull down"	"true positive"	""	"Homo sapiens"
"ELMI002290"	"LIG"	"LIG_SH3_3"	"TIP_SHV24"	"P25049"	"P25049"	"132"	"138"	"11040125"	"mutation analysis"	"true positive"	""	"Herpesvirus saimiri (strain 484-77)"
"ELMI001756"	"LIG"	"LIG_SH3_3"	"TIP_SHV24"	"P25049"	"P25049"	"135"	"141"	"11040125"	"mutation analysis"	"true positive"	""	"Herpesvirus saimiri (strain 484-77)"
"ELMI000205"	"LIG"	"LIG_SH3_3"	"WASF1_MOUSE"	"Q8R5H6"	"Q8R5H6 Q91W51 Q9ERQ9"	"319"	"325"	"10970852"	"glutathione s tranferase tag; pull down"	"true positive"	""	"Mus musculus"
"ELMI000198"	"LIG"	"LIG_SH3_4"	"HCK_HUMAN"	"P08631"	"P08631 B4DQB6 E1P5M2 Q29RX1 Q2VPE2 Q504R5 Q5T7K1 Q5T7K2 Q96CC0 Q9H5Y5 Q9NUA4 Q9UMJ5"	"248"	"255"	""	""	"true positive"	""	"Homo sapiens"
"ELMI000197"	"LIG"	"LIG_SH3_4"	"SRC_HUMAN"	"P12931"	"P12931 E1P5V4 Q76P87 Q86VB9 Q9H5A8"	"252"	"259"	""	""	"true positive"	""	"Homo sapiens"
"ELMI004389"	"LIG"	"LIG_SH3_CIN85_PxpxPR_1"	"3BP2_HUMAN"	"P78314"	"P78314 A6NNC2 B2R5R6 D3DVR0 O00500 O15373 P78315"	"208"	"213"	"17306257"	"coimmunoprecipitation; glutathione s tranferase tag; pull down; two hybrid; western blot"	"true positive"	""	"Homo sapiens"
"ELMI004369"	"LIG"	"LIG_SH3_CIN85_PxpxPR_1"	"A0A1B0SZV8_ORENI"	"A0A1B0SZV8"	"A0A1B0SZV8"	"328"	"333"	"32247045"	"pull down; two hybrid"	"true positive"	""	"Oreochromis niloticus"
"ELMI004370"	"LIG"	"LIG_SH3_CIN85_PxpxPR_1"	"A0A1B0SZV8_ORENI"	"A0A1B0SZV8"	"A0A1B0SZV8"	"352"	"357"	"32247045"	"pull down; two hybrid"	"true positive"	""	"Oreochromis niloticus"
"ELMI004410"	"LIG"	"LIG_SH3_CIN85_PxpxPR_1"	"ARAP3_HUMAN"	"Q8WWN8"	"Q8WWN8 B4DIT1 D3DQE3"	"94"	"99"	"15090612"	"anti tag coimmunoprecipitation; mutation analysis"	"true positive"	""	"Homo sapiens"
"ELMI004411"	"LIG"	"LIG_SH3_CIN85_PxpxPR_1"	"ARAP3_HUMAN"	"Q8WWN8"	"Q8WWN8 B4DIT1 D3DQE3"	"129"	"134"	"15090612"	"anti tag coimmunoprecipitation; mutation analysis"	"false positive"	""	"Homo sapiens"
"ELMI004422"	"LIG"	"LIG_SH3_CIN85_PxpxPR_1"	"ASAP1_HUMAN"	"Q9ULH1"	"Q9ULH1 B2RNV3"	"1055"	"1060"	"15090612"	"anti tag coimmunoprecipitation; mutation analysis"	"true positive"	""	"Homo sapiens"
"ELMI004419"	"LIG"	"LIG_SH3_CIN85_PxpxPR_1"	"ASAP1_MOUSE"	"Q9QWY8"	"Q9QWY8 O08612 Q505F0 Q80TG8 Q80UV6 Q99LV8 Q9Z2B6"	"1073"	"1078"	"15632162"	"affinity chromatography technology; coimmunoprecipitation; glutathione s tranferase tag; pull down"	"true positive"	""	"Mus musculus"
"ELMI004408"	"LIG"	"LIG_SH3_CIN85_PxpxPR_1"	"BLNK_HUMAN"	"Q8WV28"	"Q8WV28 O75498 O75499 Q2MD49"	"242"	"247"	"11071869 32051419 27353366"	"anti tag coimmunoprecipitation; colocalization; nuclear magnetic resonance; silac; two hybrid"	"true positive"	""	"Homo sapiens"
"ELMI004409"	"LIG"	"LIG_SH3_CIN85_PxpxPR_1"	"BLNK_HUMAN"	"Q8WV28"	"Q8WV28 O75498 O75499 Q2MD49"	"307"	"312"	"32051419 27353366"	"colocalization; mutation analysis; nuclear magnetic resonance; silac"	"true positive"	""	"Homo sapiens"
"ELMI004428"	"LIG"	"LIG_SH3_CIN85_PxpxPR_1"	"CBLB_HUMAN"	"Q13191"	"Q13191 A8K9S7 B7WNM4 Q13192 Q13193 Q3LIC0 Q63Z43 Q8IVC5"	"906"	"911"	"12177062 16228008 23663663 12874286 19268472 17020880"	"anti tag coimmunoprecipitation; coimmunoprecipitation; glutathione s tranferase tag; isothermal titration calorimetry; mutation analysis; nuclear magnetic resonance; over expressed level; pull down; two hybrid; western blot; x-ray crystallography"	"true positive"	"2BZ8 2J6F"	"Homo sapiens"
"ELMI004429"	"LIG"	"LIG_SH3_CIN85_PxpxPR_1"	"CBL_HUMAN"	"P22681"	"P22681 A3KMP8"	"824"	"829"	"11067845 16228008 11071869 10679202 12874286 19268472"	"affinity chromatography technology; anti tag coimmunoprecipitation; coimmunoprecipitation; colocalization; fluorescence technology; isothermal titration calorimetry; mutation analysis; nuclear magnetic resonance; two hybrid; western blot"	"true positive"	""	"Homo sapiens"
"ELMI004426"	"LIG"	"LIG_SH3_CIN85_PxpxPR_1"	"CD2_HUMAN"	"P06729"	"P06729 Q96TE5"	"327"	"332"	"23663663 17020880 12690097"	"anti tag coimmunoprecipitation; coimmunoprecipitation; comigration in sds page; glutathione s tranferase tag; isothermal titration calorimetry; molecular weight estimation by coomasie staining; nuclear magnetic resonance; over expressed level; protein array; pull down; western blot; x-ray crystallography"	"true positive"	"2J6O 2J7I"	"Homo sapiens"
"ELMI004382"	"LIG"	"LIG_SH3_CIN85_PxpxPR_1"	"CD2_MOUSE"	"P08920"	"P08920 Q61394"	"320"	"325"	"9741631"	"coimmunoprecipitation; mutation analysis; surface plasmon resonance; two hybrid"	"true positive"	""	"Mus musculus"
"ELMI004376"	"LIG"	"LIG_SH3_CIN85_PxpxPR_1"	"DAB1_HUMAN"	"O75553"	"O75553 A4FU90 B3KTG3 Q4LE59 Q5T6M6 Q5T6M9 Q5T835 Q5T836 Q5T837 Q6NWS9 Q6NWT0 Q6NWT1 Q9NYA8"	"516"	"521"	"14596919"	"glutathione s tranferase tag; pull down"	"true positive"	""	"Homo sapiens"
"ELMI004393"	"LIG"	"LIG_SH3_CIN85_PxpxPR_1"	"DAB1_MOUSE"	"P97318"	"P97318 A2A963 A2A964 A2A965 A2A966 A2A967 A2A970 P97316 P97317 Q9DAP9"	"516"	"521"	"18076569"	"anti tag coimmunoprecipitation; deletion analysis; glutathione s tranferase tag; mutation analysis; pull down; western blot"	"true positive"	""	"Mus musculus"
"ELMI004394"	"LIG"	"LIG_SH3_CIN85_PxpxPR_1"	"DAB2_HUMAN"	"P98082"	"P98082 A6NES5 Q13598 Q9BTY0 Q9UK04"	"620"	"625"	"14596919"	"experimental interaction detection; glutathione s tranferase tag; pull down"	"false positive"	""	"Homo sapiens"
"ELMI004395"	"LIG"	"LIG_SH3_CIN85_PxpxPR_1"	"DAB2_HUMAN"	"P98082"	"P98082 A6NES5 Q13598 Q9BTY0 Q9UK04"	"715"	"720"	"14596919"	"coimmunoprecipitation; experimental interaction detection; glutathione s tranferase tag; mutation analysis; pull down; two hybrid"	"true positive"	""	"Homo sapiens"
"ELMI004377"	"LIG"	"LIG_SH3_CIN85_PxpxPR_1"	"DEND_HUMAN"	"O94850"	"O94850"	"143"	"148"	"16751601"	"coimmunoprecipitation; glutathione s tranferase tag; pull down; western blot"	"true positive"	""	"Homo sapiens"
"ELMI004417"	"LIG"	"LIG_SH3_CIN85_PxpxPR_1"	"HIP1R_MOUSE"	"Q9JKY5"	"Q9JKY5 Q3UJ14"	"1026"	"1031"	"15090612"	"anti tag coimmunoprecipitation; mutation analysis"	"true positive"	""	"Mus musculus"
"ELMI004378"	"LIG"	"LIG_SH3_CIN85_PxpxPR_1"	"ICP0_HHV11"	"P08393"	"P08393"	"253"	"258"	"15824310"	"anti tag coimmunoprecipitation; glutathione s tranferase tag; identification by antibody; pull down; tag visualisation by luciferase assay"	"true positive"	""	"Herpes simplex virus (type 1 / strain 17)"
"ELMI004379"	"LIG"	"LIG_SH3_CIN85_PxpxPR_1"	"ICP0_HHV11"	"P08393"	"P08393"	"414"	"419"	"15824310"	"anti tag coimmunoprecipitation; glutathione s tranferase tag; identification by antibody; pull down; tag visualisation by luciferase assay"	"true positive"	""	"Herpes simplex virus (type 1 / strain 17)"
"ELMI004415"	"LIG"	"LIG_SH3_CIN85_PxpxPR_1"	"ITCH_HUMAN"	"Q96J02"	"Q96J02 A6NEW4 E1P5P3 O43584 Q5QP37 Q5TEL0 Q96F66 Q9BY75 Q9H451 Q9H4U5"	"260"	"265"	"17652093"	"pull down"	"true positive"	""	"Homo sapiens"
"ELMI004414"	"LIG"	"LIG_SH3_CIN85_PxpxPR_1"	"MB12A_HUMAN"	"Q96EY5"	"Q96EY5 Q96I18"	"155"	"160"	"16895919"	"Identification by mass spectrometry; anti tag coimmunoprecipitation; comigration in sds page; western blot"	"true positive"	""	"Homo sapiens"
"ELMI004388"	"LIG"	"LIG_SH3_CIN85_PxpxPR_1"	"P85A_HUMAN"	"P27986"	"P27986 D3DWA0 Q15747 Q4VBZ7 Q53EM6 Q8IXA2 Q8N1C5"	"85"	"90"	"31723006"	"colocalization; deletion analysis; microscale thermophoresis"	"true positive"	""	"Homo sapiens"
"ELMI004407"	"LIG"	"LIG_SH3_CIN85_PxpxPR_1"	"PDC6I_HUMAN"	"Q8WUM4"	"Q8WUM4 Q9BX86 Q9NUN0 Q9P2H2 Q9UKL5"	"740"	"745"	"26296892"	"anti tag coimmunoprecipitation; chromatography technology; comigration in sds page; far western blotting; fluorescence microscopy; glutathione s tranferase tag; isothermal titration calorimetry; molecular weight estimation by coomasie staining; peptide array; pull down; western blot; x-ray crystallography"	"true positive"	""	"Homo sapiens"
"ELMI004420"	"LIG"	"LIG_SH3_CIN85_PxpxPR_1"	"PDC6I_RAT"	"Q9QZA2"	"Q9QZA2"	"744"	"749"	"10858458 11152963"	"anti tag coimmunoprecipitation; coimmunoprecipitation; glutathione s tranferase tag; pull down; two hybrid; western blot"	"true positive"	""	"Rattus norvegicus"
"ELMI004416"	"LIG"	"LIG_SH3_CIN85_PxpxPR_1"	"POLG_HCVJF"	"Q99IB8"	"Q99IB8"	"2323"	"2328"	"25872741"	"glutathione s tranferase tag; phage display; pull down"	"true positive"	""	"Hepatitis C virus JFH-1"
"ELMI004390"	"LIG"	"LIG_SH3_CIN85_PxpxPR_1"	"POLN_BFV"	"P87515"	"P87515"	"1693"	"1698"	"29702546"	"coimmunoprecipitation; western blot"	"true positive"	""	"Barmah Forest virus"
"ELMI004391"	"LIG"	"LIG_SH3_CIN85_PxpxPR_1"	"POLN_BFV"	"P87515"	"P87515"	"1703"	"1708"	"29702546"	"coimmunoprecipitation; western blot"	"true positive"	""	"Barmah Forest virus"
"ELMI004392"	"LIG"	"LIG_SH3_CIN85_PxpxPR_1"	"POLN_BFV"	"P87515"	"P87515"	"1737"	"1742"	"29702546"	"coimmunoprecipitation; western blot"	"true positive"	""	"Barmah Forest virus"
"ELMI004406"	"LIG"	"LIG_SH3_CIN85_PxpxPR_1"	"POLN_CHIKS"	"Q8JUX6"	"Q8JUX6"	"1731"	"1736"	"31493651"	"mutation analysis; nuclear magnetic resonance; western blot"	"true positive"	""	"Chikungunya virus strain S27-African prototype"
"ELMI004386"	"LIG"	"LIG_SH3_CIN85_PxpxPR_1"	"POLN_EEVVT"	"P27282"	"P27282 A0A0M3T9D8 O90163 Q5XQC5 Q66592 Q66594"	"1787"	"1792"	"31694937"	"coimmunoprecipitation; detection by mass spectrometry; western blot"	"true positive"	""	"Venezuelan equine encephalitis virus (strain Trinidad donkey)"
"ELMI004387"	"LIG"	"LIG_SH3_CIN85_PxpxPR_1"	"POLN_EEVVT"	"P27282"	"P27282 A0A0M3T9D8 O90163 Q5XQC5 Q66592 Q66594"	"1799"	"1804"	"31694937"	"coimmunoprecipitation; detection by mass spectrometry; western blot"	"true positive"	""	"Venezuelan equine encephalitis virus (strain Trinidad donkey)"
"ELMI004380"	"LIG"	"LIG_SH3_CIN85_PxpxPR_1"	"POLN_SFV"	"P08411"	"P08411 Q3LRQ3 Q3LRQ4 Q3LRQ6 Q3LRQ7 Q3LRQ9 Q3LRR0 Q3LRR1 Q3LRR2 Q8JMP6 Q9QBM1"	"1764"	"1769"	"29702546"	"coimmunoprecipitation; detection by mass spectrometry; mutation analysis; western blot"	"true positive"	""	"Semliki forest virus"
"ELMI004381"	"LIG"	"LIG_SH3_CIN85_PxpxPR_1"	"POLN_SFV"	"P08411"	"P08411 Q3LRQ3 Q3LRQ4 Q3LRQ6 Q3LRQ7 Q3LRQ9 Q3LRR0 Q3LRR1 Q3LRR2 Q8JMP6 Q9QBM1"	"1771"	"1776"	"29702546"	"coimmunoprecipitation; detection by mass spectrometry; mutation analysis; western blot"	"true positive"	""	"Semliki forest virus"
"ELMI004401"	"LIG"	"LIG_SH3_CIN85_PxpxPR_1"	"PTCRA_HUMAN"	"Q6ISU1"	"Q6ISU1 Q5TFZ7"	"211"	"216"	"17823309"	"anti tag coimmunoprecipitation; deletion analysis; glutathione s tranferase tag; mutation analysis; pull down; western blot"	"true positive"	""	"Homo sapiens"
"ELMI004396"	"LIG"	"LIG_SH3_CIN85_PxpxPR_1"	"Q4UGW0_THEAN"	"Q4UGW0"	"Q4UGW0"	"188"	"193"	"29520916"	"Identification by mass spectrometry; coimmunoprecipitation; proximity ligation assay; western blot"	"unknown"	""	"Theileria annulata"
"ELMI004397"	"LIG"	"LIG_SH3_CIN85_PxpxPR_1"	"Q4UGW0_THEAN"	"Q4UGW0"	"Q4UGW0"	"204"	"209"	"29520916"	"Identification by mass spectrometry; coimmunoprecipitation; proximity ligation assay; western blot"	"unknown"	""	"Theileria annulata"
"ELMI004398"	"LIG"	"LIG_SH3_CIN85_PxpxPR_1"	"Q4UGW0_THEAN"	"Q4UGW0"	"Q4UGW0"	"220"	"225"	"29520916"	"Identification by mass spectrometry; coimmunoprecipitation; proximity ligation assay"	"unknown"	""	"Theileria annulata"
"ELMI004399"	"LIG"	"LIG_SH3_CIN85_PxpxPR_1"	"Q64ET4_HCMV"	"Q64ET4"	"Q64ET4"	"209"	"214"	"30089695"	"coimmunoprecipitation; detection by mass spectrometry; mutation analysis; western blot"	"unknown"	""	"Human herpesvirus 5"
"ELMI004400"	"LIG"	"LIG_SH3_CIN85_PxpxPR_1"	"Q64ET4_HCMV"	"Q64ET4"	"Q64ET4"	"277"	"282"	"30089695"	"coimmunoprecipitation; detection by mass spectrometry; mutation analysis; western blot"	"unknown"	""	"Human herpesvirus 5"
"ELMI004404"	"LIG"	"LIG_SH3_CIN85_PxpxPR_1"	"RHG27_RAT"	"Q6TLK4"	"Q6TLK4"	"448"	"453"	"15147912"	"coimmunoprecipitation; glutathione s tranferase tag; pull down; two hybrid"	"true positive"	""	"Rattus norvegicus"
"ELMI004424"	"LIG"	"LIG_SH3_CIN85_PxpxPR_1"	"RIN3_HUMAN"	"Q8TB24"	"Q8TB24 Q76LB3 Q8NF30 Q8TEE8 Q8WYP4 Q9H6A5 Q9HAG1"	"383"	"388"	"26296892"	"anti tag coimmunoprecipitation; chromatography technology; comigration in sds page; far western blotting; fluorescence microscopy; glutathione s tranferase tag; isothermal titration calorimetry; molecular weight estimation by coomasie staining; peptide array; pull down; western blot; x-ray crystallography"	"true positive"	"4WCI"	"Homo sapiens"
"ELMI004425"	"LIG"	"LIG_SH3_CIN85_PxpxPR_1"	"RIN3_HUMAN"	"Q8TB24"	"Q8TB24 Q76LB3 Q8NF30 Q8TEE8 Q8WYP4 Q9H6A5 Q9HAG1"	"457"	"462"	"26296892"	"anti tag coimmunoprecipitation; chromatography technology; comigration in sds page; far western blotting; fluorescence microscopy; glutathione s tranferase tag; isothermal titration calorimetry; molecular weight estimation by coomasie staining; peptide array; pull down; western blot; x-ray crystallography"	"true positive"	"3U23"	"Homo sapiens"
"ELMI004374"	"LIG"	"LIG_SH3_CIN85_PxpxPR_1"	"RON2_TOXGM"	"B6KV60"	"B6KV60 F6KDI4 Q45WA8 S8EWN0"	"59"	"64"	"28848228"	"coimmunoprecipitation; fluorescence microscopy; glutathione s tranferase tag; mutation analysis; pull down; western blot"	"true positive"	""	"Toxoplasma gondii ME49"
"ELMI004371"	"LIG"	"LIG_SH3_CIN85_PxpxPR_1"	"RON4_TOXGO"	"B6KJ32"	"B6KJ32 B9PI02 B9Q636 Q27914 Q45WA5 Q6XNE6"	"115"	"120"	"28848228"	"two hybrid"	"true positive"	""	"Toxoplasma gondii"
"ELMI004372"	"LIG"	"LIG_SH3_CIN85_PxpxPR_1"	"RON4_TOXGO"	"B6KJ32"	"B6KJ32 B9PI02 B9Q636 Q27914 Q45WA5 Q6XNE6"	"131"	"136"	"28848228"	"two hybrid"	"true positive"	""	"Toxoplasma gondii"
"ELMI004373"	"LIG"	"LIG_SH3_CIN85_PxpxPR_1"	"RON4_TOXGO"	"B6KJ32"	"B6KJ32 B9PI02 B9Q636 Q27914 Q45WA5 Q6XNE6"	"260"	"265"	"28848228"	"two hybrid"	"true positive"	""	"Toxoplasma gondii"
"ELMI004423"	"LIG"	"LIG_SH3_CIN85_PxpxPR_1"	"S8ERS3_TOXGM"	"S8ERS3"	"S8ERS3 V4ZS24"	"94"	"99"	"28848228"	"coimmunoprecipitation; fluorescence microscopy; glutathione s tranferase tag; mutation analysis; pull down; western blot"	"true positive"	""	"Toxoplasma gondii ME49"
"ELMI004421"	"LIG"	"LIG_SH3_CIN85_PxpxPR_1"	"SEPT9_HUMAN"	"Q9UHD8"	"Q9UHD8 A8K2V3 B3KPM0 B4DTL9 B4E0N2 B4E274 B7Z654 Q96QF3 Q96QF4 Q96QF5 Q9HA04 Q9UG40 Q9Y5W4"	"143"	"148"	"25472714"	"coimmunoprecipitation; comigration in sds page; glutathione s tranferase tag; nuclear magnetic resonance"	"true positive"	""	"Homo sapiens"
"ELMI004412"	"LIG"	"LIG_SH3_CIN85_PxpxPR_1"	"SHIP1_HUMAN"	"Q92835"	"Q92835 O00145 Q13544 Q13545 Q6P5A4 Q92656 Q9UE80"	"1029"	"1034"	"15090612"	"anti tag coimmunoprecipitation; mutation analysis"	"true positive"	""	"Homo sapiens"
"ELMI004413"	"LIG"	"LIG_SH3_CIN85_PxpxPR_1"	"SHIP1_HUMAN"	"Q92835"	"Q92835 O00145 Q13544 Q13545 Q6P5A4 Q92656 Q9UE80"	"1135"	"1140"	"15090612"	"anti tag coimmunoprecipitation; mutation analysis"	"true positive"	""	"Homo sapiens"
"ELMI004402"	"LIG"	"LIG_SH3_CIN85_PxpxPR_1"	"SHKB1_MOUSE"	"Q6P7W2"	"Q6P7W2 Q3TUN8 Q9ES31"	"618"	"623"	"21830225"	"coimmunoprecipitation; two hybrid"	"true positive"	""	"Mus musculus"
"ELMI004403"	"LIG"	"LIG_SH3_CIN85_PxpxPR_1"	"SHKB1_MOUSE"	"Q6P7W2"	"Q6P7W2 Q3TUN8 Q9ES31"	"678"	"683"	"21830225"	"coimmunoprecipitation; two hybrid"	"true positive"	""	"Mus musculus"
"ELMI004383"	"LIG"	"LIG_SH3_CIN85_PxpxPR_1"	"SHKB1_RAT"	"P0C5J9"	"P0C5J9"	"618"	"623"	"11152963"	"coimmunoprecipitation; glutathione s tranferase tag; pull down; two hybrid"	"true positive"	""	"Rattus norvegicus"
"ELMI004384"	"LIG"	"LIG_SH3_CIN85_PxpxPR_1"	"SHKB1_RAT"	"P0C5J9"	"P0C5J9"	"678"	"683"	"11152963"	"coimmunoprecipitation; glutathione s tranferase tag; pull down; two hybrid"	"true positive"	""	"Rattus norvegicus"
"ELMI004418"	"LIG"	"LIG_SH3_CIN85_PxpxPR_1"	"STAP1_MOUSE"	"Q9JM90"	"Q9JM90 A6H6C6 Q3TRM1 Q6PES6"	"7"	"12"	"15090612"	"anti tag coimmunoprecipitation; mutation analysis"	"true positive"	""	"Mus musculus"
"ELMI004405"	"LIG"	"LIG_SH3_CIN85_PxpxPR_1"	"SYNJ1_MOUSE"	"Q8CHC4"	"Q8CHC4"	"1282"	"1287"	"12829691"	"coimmunoprecipitation; glutathione s tranferase tag; pull down"	"true positive"	""	"Mus musculus"
"ELMI004375"	"LIG"	"LIG_SH3_CIN85_PxpxPR_1"	"SYNJ2_RAT"	"O55207-2"	"O55207 Q91ZD8 Q91ZD9"	"1244"	"1249"	"15090612"	"anti tag coimmunoprecipitation; mutation analysis"	"true positive"	""	"Rattus norvegicus"
"ELMI004385"	"LIG"	"LIG_SH3_CIN85_PxpxPR_1"	"TTP_HUMAN"	"P26651"	"P26651 B2RA54"	"309"	"314"	"20221403"	"coimmunoprecipitation; confocal microscopy; mutation analysis; over expressed level; two hybrid; western blot"	"true positive"	""	"Homo sapiens"
"ELMI004795"	"LIG"	"LIG_SH3_PxRPPK_7"	"ARHG5_HUMAN"	"Q12774"	"Q12774 A6NNJ2 Q6ZML7"	"631"	"638"	"24189400"	"anti bait coimmunoprecipitation; tandem affinity purification"	"true positive"	""	"Homo sapiens"
"ELMI004793"	"LIG"	"LIG_SH3_PxRPPK_7"	"CBL_HUMAN"	"P22681"	"P22681 A3KMP8"	"819"	"826"	"11314042"	"classical fluorescence spectroscopy"	"true positive"	""	"Homo sapiens"
"ELMI004791"	"LIG"	"LIG_SH3_PxRPPK_7"	"GAB1_HUMAN"	"Q13480"	"Q13480 A8K152 Q4W5G2 Q6P1W2"	"341"	"348"	"12773374 11314042"	"classical fluorescence spectroscopy; competition binding; isothermal titration calorimetry"	"true positive"	""	"Homo sapiens"
"ELMI004792"	"LIG"	"LIG_SH3_PxRPPK_7"	"GAB2_HUMAN"	"Q9UQC2"	"Q9UQC2 A2RRM2 A6NEW9 A7MD36 O60317"	"351"	"358"	"19523899 11314042"	"classical fluorescence spectroscopy; competition binding; isothermal titration calorimetry; mutation analysis; peptide array; x-ray crystallography"	"true positive"	"2W0Z"	"Homo sapiens"
"ELMI004794"	"LIG"	"LIG_SH3_PxRPPK_7"	"GAB3_HUMAN"	"Q8WWW8"	"Q8WWW8 A6NHF8 E9PB44"	"307"	"314"	"12773374"	"isothermal titration calorimetry"	"true positive"	""	"Homo sapiens"
"ELMI004797"	"LIG"	"LIG_SH3_PxRPPK_7"	"M4K1_MOUSE"	"P70218"	"P70218 Q8R3R0 Q99K62"	"392"	"399"	"10903746"	"coimmunoprecipitation; glutathione s tranferase tag; mutation analysis; phenotype-based detection assay; pull down"	"true positive"	""	"Mus musculus"
"ELMI004796"	"LIG"	"LIG_SH3_PxRPPK_7"	"THMS1_HUMAN"	"Q8N1K5"	"Q8N1K5 A1L4F0 A8K7N1 B3KT31 B3KW32 B3KY07 F5H1J9 Q5T3C4 Q5T3C5 Q6MZT7"	"553"	"560"	"23460737"	"alanine scanning; fluorescence microscopy; green fluorescent protein tag; peptide array; pull down"	"true positive"	""	"Homo sapiens"
"ELMI000206"	"LIG"	"LIG_SH3_PxxDY_5"	"ABI1_HUMAN"	"Q8IZP0"	"Q8IZP0 A9Z1Y6 O15147 O76049 O95060 Q5T2R3 Q5T2R4 Q5T2R6 Q5T2R7 Q5W070 Q5W072 Q8TB63 Q96S81 Q9NXZ9 Q9NYB8"	"417"	"421"	"10508163"	"glutathione s tranferase tag; pull down"	"true positive"	""	"Homo sapiens"
"ELMI004816"	"LIG"	"LIG_SH3_PxxDY_5"	"B7ULW4_ECO27"	"B7ULW4"	"B7ULW4"	"115"	"119"	"35976880"	"anti tag coimmunoprecipitation; isothermal titration calorimetry; mutation analysis"	"true positive"	""	"Escherichia coli O127:H6 str. E2348/69"
"ELMI004815"	"LIG"	"LIG_SH3_PxxDY_5"	"B7ULW4_ECO27"	"B7ULW4"	"B7ULW4"	"125"	"129"	"35976880"	"anti tag coimmunoprecipitation; isothermal titration calorimetry; mutation analysis; x-ray crystallography"	"true positive"	"7TZK"	"Escherichia coli O127:H6 str. E2348/69"
"ELMI002133"	"LIG"	"LIG_SH3_PxxDY_5"	"CD3E_HUMAN"	"P07766"	"P07766 A8K997"	"184"	"188"	"18644376 17617578"	"alanine scanning; anti tag coimmunoprecipitation; coimmunoprecipitation; display technology; glutathione s tranferase tag; isothermal titration calorimetry; mutation analysis; nuclear magnetic resonance; peptide array; phage display; pull down"	"true positive"	"2ROL"	"Homo sapiens"
"ELMI004818"	"LIG"	"LIG_SH3_PxxDY_5"	"Q8XAL6_ECO57"	"Q8XAL6"	"Q8XAL6 A0A0H3JE77 A0A6M0JRG2 Q7AEN0"	"115"	"119"	"35976880"	"anti tag coimmunoprecipitation; isothermal titration calorimetry; mutation analysis"	"true positive"	""	"Escherichia coli O157:H7"
"ELMI004817"	"LIG"	"LIG_SH3_PxxDY_5"	"Q8XAL6_ECO57"	"Q8XAL6"	"Q8XAL6 A0A0H3JE77 A0A6M0JRG2 Q7AEN0"	"125"	"129"	"35976880"	"anti tag coimmunoprecipitation; isothermal titration calorimetry; mutation analysis"	"true positive"	""	"Escherichia coli O157:H7"
"ELMI000207"	"LIG"	"LIG_SH3_PxxDY_5"	"US6NL_HUMAN"	"Q92738"	"Q92738 A8KA79 Q15400 Q5VV10 Q7L0K9"	"725"	"729"	"10508163"	"glutathione s tranferase tag; pull down"	"true positive"	""	"Homo sapiens"
"ELMI004798"	"LIG"	"LIG_SH3_PxxPPRxxK_8"	"FYB1_MOUSE"	"O35601"	"O35601 Q9Z2H3"	"404"	"413"	"12176364"	"coimmunoprecipitation; glutathione s tranferase tag; peptide array; pull down"	"true positive"	""	"Mus musculus"
"ELMI004801"	"LIG"	"LIG_SH3_PxxPPRxxK_8"	"GARE1_HUMAN"	"Q9H706"	"Q9H706 Q0VAG3 Q0VAG4 Q8ND03 Q9BSF5"	"532"	"541"	"32296183 19509291"	"alanine scanning; coimmunoprecipitation; glutathione s tranferase tag; mutation analysis; pull down; two hybrid"	"true positive"	""	"Homo sapiens"
"ELMI004800"	"LIG"	"LIG_SH3_PxxPPRxxK_8"	"M4K1_HUMAN"	"Q92918"	"Q92918"	"469"	"478"	"15100220"	"isothermal titration calorimetry"	"true positive"	""	"Homo sapiens"
"ELMI004799"	"LIG"	"LIG_SH3_PxxPPRxxK_8"	"M4K1_MOUSE"	"P70218"	"P70218 Q8R3R0 Q99K62"	"467"	"476"	"15100220 10903746"	"alanine scanning; coimmunoprecipitation; deletion analysis; glutathione s tranferase tag; isothermal titration calorimetry; mutation analysis; phenotype-based detection assay; pull down; x-ray crystallography"	"true positive"	"1UTI"	"Mus musculus"
"ELMI004802"	"LIG"	"LIG_SH3_PxxPPRxxK_8"	"RAVR1_HUMAN"	"Q8IY67"	"Q8IY67 A6NMU4 Q8IY60 Q8TF24"	"425"	"434"	"32296183"	"two hybrid"	"true positive"	""	"Homo sapiens"
"ELMI004804"	"LIG"	"LIG_SH3_PxxPPRxxK_8"	"SOS1_HUMAN"	"Q07889"	"Q07889 A8K2G3"	"1302"	"1311"	"31970984"	"nuclear magnetic resonance"	"true positive"	""	"Homo sapiens"
"ELMI004787"	"LIG"	"LIG_SH3_PxxxRxxKP_6"	"BLNK_HUMAN"	"Q8WV28"	"Q8WV28 O75498 O75499 Q2MD49"	"204"	"212"	"12773374"	"isothermal titration calorimetry"	"true positive"	""	"Homo sapiens"
"ELMI004780"	"LIG"	"LIG_SH3_PxxxRxxKP_6"	"BLNK_MOUSE"	"Q9QUN3"	"Q9QUN3 O88504"	"204"	"212"	"12176364"	"deletion analysis; fluorescence polarization spectroscopy; glutathione s tranferase tag; identification by antibody; mutation disrupting interaction; pull down; western blot"	"true positive"	""	"Mus musculus"
"ELMI004788"	"LIG"	"LIG_SH3_PxxxRxxKP_6"	"DOS_DROME"	"Q9VZZ9"	"Q9VZZ9 Q24452 Q9W000"	"640"	"648"	"12128212 12773374"	"coimmunoprecipitation; competition binding; deletion analysis; isothermal titration calorimetry; mutation analysis; pull down; western blot"	"true positive"	""	"Drosophila melanogaster"
"ELMI004789"	"LIG"	"LIG_SH3_PxxxRxxKP_6"	"DOS_DROME"	"Q9VZZ9"	"Q9VZZ9 Q24452 Q9W000"	"692"	"700"	"12128212 12773374"	"coimmunoprecipitation; competition binding; deletion analysis; isothermal titration calorimetry; mutation analysis; pull down; western blot"	"true positive"	""	"Drosophila melanogaster"
"ELMI004782"	"LIG"	"LIG_SH3_PxxxRxxKP_6"	"GAB1_HUMAN"	"Q13480"	"Q13480 A8K152 Q4W5G2 Q6P1W2"	"517"	"525"	"12773374 11314042 10871282"	"anti tag coimmunoprecipitation; classical fluorescence spectroscopy; competition binding; deletion analysis; glutathione s tranferase tag; isothermal titration calorimetry; mutation analysis; pull down; two hybrid; western blot"	"true positive"	""	"Homo sapiens"
"ELMI004775"	"LIG"	"LIG_SH3_PxxxRxxKP_6"	"GAB1_MOUSE"	"Q9QYY0"	"Q9QYY0 Q91VW7"	"518"	"526"	"12176364"	"deletion analysis; fluorescence polarization spectroscopy; glutathione s tranferase tag; identification by antibody; mutation disrupting interaction; pull down; western blot"	"true positive"	""	"Mus musculus"
"ELMI004783"	"LIG"	"LIG_SH3_PxxxRxxKP_6"	"GAB2_HUMAN"	"Q9UQC2"	"Q9UQC2 A2RRM2 A6NEW9 A7MD36 O60317"	"511"	"519"	"19523899 11314042"	"classical fluorescence spectroscopy; competition binding; isothermal titration calorimetry; mutation analysis; peptide array; x-ray crystallography"	"true positive"	"2VWF"	"Homo sapiens"
"ELMI004779"	"LIG"	"LIG_SH3_PxxxRxxKP_6"	"GAB2_MOUSE"	"Q9Z1S8"	"Q9Z1S8 Q9R1X3"	"500"	"508"	"12176364"	"glutathione s tranferase tag; identification by antibody; pull down; western blot"	"true positive"	""	"Mus musculus"
"ELMI004784"	"LIG"	"LIG_SH3_PxxxRxxKP_6"	"GAB3_HUMAN"	"Q8WWW8"	"Q8WWW8 A6NHF8 E9PB44"	"436"	"444"	"12773374"	"isothermal titration calorimetry"	"true positive"	""	"Homo sapiens"
"ELMI004774"	"LIG"	"LIG_SH3_PxxxRxxKP_6"	"LCP2_HUMAN"	"Q13094"	"Q13094 A8KA25 Q53XV4"	"233"	"241"	"11314042 20736164 12176364 17235283 12773374 20159979 12620234"	"alanine scanning; classical fluorescence spectroscopy; coimmunoprecipitation; competition binding; deletion analysis; fluorescence polarization spectroscopy; glutathione s tranferase tag; identification by antibody; isothermal titration calorimetry; mutation analysis; nuclear magnetic resonance; peptide array; phenotype-based detection assay; protein array; pull down; surface plasmon resonance; two hybrid; x-ray crystallography"	"true positive"	"1H3H 1OEB"	"Homo sapiens"
"ELMI004781"	"LIG"	"LIG_SH3_PxxxRxxKP_6"	"STABP_HUMAN"	"O95630"	"O95630 B5M0B6 D6W5H7 Q3MJE7"	"231"	"239"	"12773374 11314042 10982817"	"classical fluorescence spectroscopy; competition binding; deletion analysis; glutathione s tranferase tag; identification by antibody; isothermal titration calorimetry; pull down"	"true positive"	""	"Homo sapiens"
"ELMI004778"	"LIG"	"LIG_SH3_PxxxRxxKP_6"	"STABP_MOUSE"	"Q9CQ26"	"Q9CQ26 Q3UTI9"	"231"	"239"	"12176364 20159979"	"coimmunoprecipitation; colocalization; deletion analysis; fluorescence polarization spectroscopy; glutathione s tranferase tag; identification by antibody; mutation analysis; peptide array; pull down; western blot"	"true positive"	""	"Mus musculus"
"ELMI004785"	"LIG"	"LIG_SH3_PxxxRxxKP_6"	"UBP8_HUMAN"	"P40818"	"P40818 B4DKA8 Q2TB31 Q7Z3U2 Q86VA0 Q8IWI7"	"405"	"413"	"12773374"	"isothermal titration calorimetry"	"true positive"	""	"Homo sapiens"
"ELMI004786"	"LIG"	"LIG_SH3_PxxxRxxKP_6"	"UBP8_HUMAN"	"P40818"	"P40818 B4DKA8 Q2TB31 Q7Z3U2 Q86VA0 Q8IWI7"	"738"	"746"	"12773374"	"isothermal titration calorimetry"	"true positive"	""	"Homo sapiens"
"ELMI004776"	"LIG"	"LIG_SH3_PxxxRxxKP_6"	"UBP8_MOUSE"	"Q80U87"	"Q80U87 A2AI53 Q80YP2 Q8R0D3 Q9EQU1 Q9WVP5"	"405"	"413"	"12176364 20736164 10982817"	"alanine scanning; anti tag coimmunoprecipitation; coimmunoprecipitation; colocalization; deletion analysis; far western blotting; fluorescence polarization spectroscopy; glutathione s tranferase tag; identification by antibody; mutation analysis; peptide array; pull down; western blot"	"true positive"	""	"Mus musculus"
"ELMI004777"	"LIG"	"LIG_SH3_PxxxRxxKP_6"	"UBP8_MOUSE"	"Q80U87"	"Q80U87 A2AI53 Q80YP2 Q8R0D3 Q9EQU1 Q9WVP5"	"700"	"708"	"12176364 13129930 10982817 20736164"	"alanine scanning; anti tag coimmunoprecipitation; classical fluorescence spectroscopy; coimmunoprecipitation; colocalization; deletion analysis; far western blotting; fluorescence polarization spectroscopy; glutathione s tranferase tag; identification by antibody; mutation analysis; peptide array; pull down; western blot; x-ray crystallography"	"true positive"	"1UJ0"	"Mus musculus"
"ELMI000271"	"LIG"	"LIG_Sin3_1"	"MAD1_HUMAN"	"Q05195"	"Q05195 B2R6V8 D6W5G2 Q6FI41"	"9"	"19"	"15235594 11101889"	"mutation analysis; nuclear magnetic resonance"	"true positive"	"1S5Q"	"Homo sapiens"
"ELMI000274"	"LIG"	"LIG_Sin3_1"	"MAD4_HUMAN"	"Q14582"	"Q14582 A2A335 Q5TZX4"	"6"	"16"	"11106735 14705930 10551834"	"mutation analysis; nuclear magnetic resonance"	"true positive"	"1G1E 1PD7"	"Homo sapiens"
"ELMI000273"	"LIG"	"LIG_Sin3_1"	"MNT_HUMAN"	"Q99583"	"Q99583 A8K6D1 D3DTI7 Q1ED38"	"3"	"13"	"9000049"	"mutation analysis"	"true positive"	""	"Homo sapiens"
"ELMI000272"	"LIG"	"LIG_Sin3_1"	"MXI1_HUMAN"	"P50539"	"P50539 B1ANN7 D3DR25 D3DRA9 Q15887 Q6FHW2"	"9"	"19"	"10918583"	"mutation analysis"	"true positive"	""	"Homo sapiens"
"ELMI000638"	"LIG"	"LIG_Sin3_2"	"KLF10_HUMAN"	"Q13118"	"Q13118 B2R794 Q503B2"	"39"	"48"	"11438660"	"glutathione s tranferase tag; pull down"	"true positive"	""	"Homo sapiens"
"ELMI000639"	"LIG"	"LIG_Sin3_2"	"KLF11_HUMAN"	"O14901"	"O14901 Q9EPF4"	"45"	"54"	"11438660"	"glutathione s tranferase tag; pull down"	"true positive"	""	"Homo sapiens"
"ELMI000640"	"LIG"	"LIG_Sin3_2"	"KLF13_HUMAN"	"Q9Y2Y9"	"Q9Y2Y9 Q9Y356"	"9"	"18"	"11477107"	"mutation analysis"	"true positive"	""	"Homo sapiens"
"ELMI000636"	"LIG"	"LIG_Sin3_3"	"TGIF1_HUMAN"	"Q15583"	"Q15583 Q6ICR0 Q8N5X9 Q9NRS0"	"379"	"386"	"11571228"	"two hybrid"	"true positive"	""	"Homo sapiens"
"ELMI000637"	"LIG"	"LIG_Sin3_3"	"UME6_YEAST"	"P39001"	"P39001 D6VSI8"	"523"	"530"	"11238941"	"mutation analysis"	"true positive"	""	"Saccharomyces cerevisiae"
"ELMI002205"	"LIG"	"LIG_SPRY_1"	"PAWR_HUMAN"	"Q96IZ0"	"Q96IZ0 O75796 Q6FHY9 Q8N700"	"68"	"73"	"20561531"	"x-ray crystallography"	"true positive"	"2JK9 2V24 3EMW"	"Homo sapiens"
"ELMI002204"	"LIG"	"LIG_SPRY_1"	"VASA1_DROME"	"P09052"	"P09052 Q24582 Q8SXU8 Q9V3Q8"	"184"	"189"	"20561531"	"x-ray crystallography"	"true positive"	"2IHS 3F2O"	"Drosophila melanogaster"
"ELMI002629"	"LIG"	"LIG_SUFU_1"	"CI_DROME"	"P19538"	"P19538 O18525 Q8T6T1 Q9V4A8"	"255"	"262"	"24217340"	"isothermal titration calorimetry; mutation analysis"	"true positive"	""	"Drosophila melanogaster"
"ELMI002625"	"LIG"	"LIG_SUFU_1"	"GLI1_HUMAN"	"P08151"	"P08151 D0EUY3 E9PQQ9 Q8TDN9"	"120"	"127"	"24311597 12426310 24217340"	"alanine scanning; anti tag coimmunoprecipitation; coimmunoprecipitation; his tag; isothermal titration calorimetry; microscale thermophoresis; mutation analysis; pull down; western blot; x-ray crystallography"	"true positive"	"4BLB 4KMD"	"Homo sapiens"
"ELMI002628"	"LIG"	"LIG_SUFU_1"	"GLI2_MOUSE"	"Q0VGT2"	"Q0VGT2 E9PYJ4"	"268"	"275"	"24217340"	"anti tag coimmunoprecipitation; mutation analysis"	"true positive"	""	"Mus musculus"
"ELMI002627"	"LIG"	"LIG_SUFU_1"	"GLI3_HUMAN"	"P10071"	"P10071 A4D1W1 O75219 Q17RW4 Q75MT0 Q75MU9 Q9UDT5 Q9UJ39"	"333"	"340"	"24311597"	"x-ray crystallography"	"true positive"	"4BLD"	"Homo sapiens"
"ELMI002626"	"LIG"	"LIG_SUFU_1"	"GLIS3_MOUSE"	"Q6XP49-2"	"Q6XP49 Q8BI60"	"348"	"355"	"21543335"	"coimmunoprecipitation; mutation analysis; two hybrid"	"true positive"	""	"Mus musculus"
"ELMI002801"	"LIG"	"LIG_SUMO_SIM_anti_2"	"CBX4_HUMAN"	"O00257"	"O00257 Q6TPI8 Q96C04"	"461"	"468"	"20176810"	"glutathione s tranferase tag; mutation analysis; pull down"	"true positive"	""	"Homo sapiens"
"ELMI002814"	"LIG"	"LIG_SUMO_SIM_anti_2"	"CR025_HUMAN"	"Q96B23"	"Q96B23 A8K123 A8KAB6 Q5XG78 Q6N058 Q86TB5 Q8TCQ5"	"327"	"335"	"16524884"	"two hybrid"	"true positive"	""	"Homo sapiens"
"ELMI002802"	"LIG"	"LIG_SUMO_SIM_anti_2"	"DAXX_HUMAN"	"Q9UER7"	"Q9UER7 O14747 O15141 O15208 Q5STK9 Q9BWI3"	"732"	"740"	"17081986 21474068"	"glutathione s tranferase tag; mutation analysis; mutation disrupting interaction; nuclear magnetic resonance; pull down; western blot"	"true positive"	"2KQS"	"Homo sapiens"
"ELMI002803"	"LIG"	"LIG_SUMO_SIM_anti_2"	"FIR1_YEAST"	"P40020"	"P40020 D3DLT1"	"758"	"767"	"15590687"	"two hybrid"	"true positive"	""	"Saccharomyces cerevisiae S288c"
"ELMI002804"	"LIG"	"LIG_SUMO_SIM_anti_2"	"HIPK2_HUMAN"	"Q9H2X6"	"Q9H2X6 Q75MR7 Q8WWI4 Q9H2Y1"	"884"	"889"	"12565818 21192925"	"coimmunoprecipitation; glutathione s tranferase tag; mutation analysis; pull down"	"true positive"	""	"Homo sapiens"
"ELMI002807"	"LIG"	"LIG_SUMO_SIM_anti_2"	"PML_HUMAN"	"P29590"	"P29590 P29591 P29592 P29593 Q00755 Q15959 Q59FP9 Q8WUA0 Q96S41 Q9BPW2 Q9BWP7 Q9BZX6 Q9BZX7 Q9BZX8 Q9BZX9 Q9BZY0 Q9BZY2 Q9BZY3"	"554"	"565"	"17081985"	"coimmunoprecipitation; mutation analysis; western blot"	"true positive"	""	"Homo sapiens"
"ELMI002805"	"LIG"	"LIG_SUMO_SIM_anti_2"	"Q99AM3_HHV8"	"Q99AM3"	"Q99AM3"	"472"	"478"	"19553342"	"alanine scanning; glutathione s tranferase tag; pull down"	"false positive"	""	"Human herpesvirus 8"
"ELMI002817"	"LIG"	"LIG_SUMO_SIM_anti_2"	"RBP2_HUMAN"	"P49792"	"P49792 Q13074 Q15280 Q53TE2 Q59FH7"	"2629"	"2637"	"15388847 15931224 16524884"	"glutathione s tranferase tag; mutation analysis; pull down; two hybrid; x-ray crystallography"	"true positive"	"1Z5S"	"Homo sapiens"
"ELMI002809"	"LIG"	"LIG_SUMO_SIM_anti_2"	"RNF4_HUMAN"	"P78317"	"P78317 B2R6D6 Q49AR8"	"34"	"41"	"18408734"	"mutation analysis"	"true positive"	""	"Homo sapiens"
"ELMI002810"	"LIG"	"LIG_SUMO_SIM_anti_2"	"RNF4_HUMAN"	"P78317"	"P78317 B2R6D6 Q49AR8"	"66"	"72"	"18408734"	"mutation analysis"	"true positive"	""	"Homo sapiens"
"ELMI002806"	"LIG"	"LIG_SUMO_SIM_anti_2"	"SAE2_HUMAN"	"Q9UBT2"	"Q9UBT2 O95605 Q59H87 Q6IBP6 Q9NTJ1 Q9UED2"	"586"	"596"	"15388847 10961991"	"nuclear magnetic resonance; two hybrid"	"true positive"	""	"Homo sapiens"
"ELMI002811"	"LIG"	"LIG_SUMO_SIM_anti_2"	"SP100_HUMAN"	"P23497"	"P23497 E9PH61 O75450 Q13343 Q8TE34 Q96F70 Q96T24 Q96T95 Q9NP33 Q9UE32"	"322"	"332"	"16524884 18691969"	"glutathione s tranferase tag; mutation analysis; pull down; surface plasmon resonance; two hybrid"	"true positive"	""	"Homo sapiens"
"ELMI002816"	"LIG"	"LIG_SUMO_SIM_anti_2"	"TDG_HUMAN"	"Q13569"	"Q13569 Q8IUZ6 Q8IZM3"	"133"	"138"	"17060459"	"alanine scanning; glutathione s tranferase tag; pull down"	"false positive"	""	"Homo sapiens"
"ELMI002808"	"LIG"	"LIG_SUMO_SIM_anti_2"	"ULS1_YEAST"	"Q08562"	"Q08562 D6W2P7"	"370"	"380"	"15590687"	"two hybrid"	"true positive"	""	"Saccharomyces cerevisiae S288c"
"ELMI002815"	"LIG"	"LIG_SUMO_SIM_anti_2"	"ZCH12_HUMAN"	"Q6PEW1"	"Q6PEW1 B3KV48 Q6PID5 Q8N1C1"	"275"	"282"	"19416967"	"glutathione s tranferase tag; mutation analysis; pull down"	"true positive"	""	"Homo sapiens"
"ELMI002812"	"LIG"	"LIG_SUMO_SIM_anti_2"	"ZCHC7_HUMAN"	"Q8N3Z6"	"Q8N3Z6 B2RCI4 D3DRQ0 Q5T0Q8 Q5T0Q9 Q5T0R0 Q8N2M1 Q8N4J2 Q8TBK8 Q9H648 Q9P0F0"	"151"	"156"	"16524884"	"two hybrid"	"true positive"	""	"Homo sapiens"
"ELMI002813"	"LIG"	"LIG_SUMO_SIM_anti_2"	"ZN451_HUMAN"	"Q9Y4E5"	"Q9Y4E5 Q5VVE9 Q5VVF1 Q86YE4 Q8N380 Q8TD15 Q9C0G1 Q9NQM1"	"44"	"55"	"18656483"	"glutathione s tranferase tag; mutation analysis; pull down"	"true positive"	""	"Homo sapiens"
"ELMI002768"	"LIG"	"LIG_SUMO_SIM_par_1"	"CBX4_HUMAN"	"O00257"	"O00257 Q6TPI8 Q96C04"	"461"	"468"	"20176810"	"glutathione s tranferase tag; mutation analysis; pull down"	"true positive"	""	"Homo sapiens"
"ELMI002794"	"LIG"	"LIG_SUMO_SIM_par_1"	"DAXX_HUMAN"	"Q9UER7"	"Q9UER7 O14747 O15141 O15208 Q5STK9 Q9BWI3"	"732"	"740"	"17081986 21474068"	"glutathione s tranferase tag; mutation analysis; mutation disrupting interaction; nuclear magnetic resonance; pull down; western blot"	"true positive"	"2KQS"	"Homo sapiens"
"ELMI002780"	"LIG"	"LIG_SUMO_SIM_par_1"	"EXOS9_HUMAN"	"Q06265"	"Q06265 Q12883 Q4W5P5 Q86Y41 Q86Y48"	"393"	"403"	"10961991"	"alanine scanning"	"true positive"	""	"Homo sapiens"
"ELMI002775"	"LIG"	"LIG_SUMO_SIM_par_1"	"FIR1_YEAST"	"P40020"	"P40020 D3DLT1"	"758"	"767"	"15590687"	"two hybrid"	"true positive"	""	"Saccharomyces cerevisiae S288c"
"ELMI002783"	"LIG"	"LIG_SUMO_SIM_par_1"	"KLF4_MOUSE"	"Q60793"	"Q60793 P70421 Q3U2D6 Q3URS6 Q78K30 Q9R255"	"99"	"104"	"20584900"	"his tag; mutation analysis; pull down"	"true positive"	""	"Mus musculus"
"ELMI002786"	"LIG"	"LIG_SUMO_SIM_par_1"	"MCAF1_HUMAN"	"Q6VMQ6"	"Q6VMQ6 Q4G0T9 Q6P3T3 Q86XW5 Q9NVJ9 Q9NWC2 Q9Y4X8"	"965"	"970"	"16524884 18842587"	"nuclear magnetic resonance; two hybrid"	"true positive"	""	"Homo sapiens"
"ELMI002782"	"LIG"	"LIG_SUMO_SIM_par_1"	"MTA1_HUMAN"	"Q13330"	"Q13330 A5PLK4 Q86SW2 Q8NFI8 Q96GI8"	"709"	"715"	"21965678"	"alanine scanning; glutathione s tranferase tag; pull down"	"true positive"	""	"Homo sapiens"
"ELMI002770"	"LIG"	"LIG_SUMO_SIM_par_1"	"PIAS1_HUMAN"	"O75925"	"O75925 B2RB67 Q147X4 Q99751 Q9UN02"	"458"	"463"	"16524884"	"glutathione s tranferase tag; pull down; two hybrid"	"true positive"	""	"Homo sapiens"
"ELMI002771"	"LIG"	"LIG_SUMO_SIM_par_1"	"PIAS2_HUMAN"	"O75928"	"O75928 O75927 Q96BT5 Q96KE3"	"468"	"473"	"15388847 16524884 16204249"	"alanine scanning; isothermal titration calorimetry; mutation analysis; nuclear magnetic resonance"	"true positive"	"2ASQ"	"Homo sapiens"
"ELMI002800"	"LIG"	"LIG_SUMO_SIM_par_1"	"PIAS3_HUMAN"	"Q9Y6X2"	"Q9Y6X2 Q9UFI3"	"446"	"451"	"16524884"	"glutathione s tranferase tag; pull down; two hybrid"	"true positive"	""	"Homo sapiens"
"ELMI002788"	"LIG"	"LIG_SUMO_SIM_par_1"	"PIAS4_HUMAN"	"Q8N2W9"	"Q8N2W9 O75926 Q96G19 Q9UN16"	"464"	"469"	"21199872 16524884"	"coimmunoprecipitation; mutation analysis; two hybrid"	"true positive"	""	"Homo sapiens"
"ELMI002773"	"LIG"	"LIG_SUMO_SIM_par_1"	"PML_HUMAN"	"P29590"	"P29590 P29591 P29592 P29593 Q00755 Q15959 Q59FP9 Q8WUA0 Q96S41 Q9BPW2 Q9BWP7 Q9BZX6 Q9BZX7 Q9BZX8 Q9BZX9 Q9BZY0 Q9BZY2 Q9BZY3"	"555"	"566"	"25497731 17081985"	"coimmunoprecipitation; mutation analysis; nuclear magnetic resonance; western blot"	"true positive"	"4WJN 4WJO"	"Homo sapiens"
"ELMI002791"	"LIG"	"LIG_SUMO_SIM_par_1"	"Q99AM3_HHV8"	"Q99AM3"	"Q99AM3"	"475"	"481"	"19553342"	"alanine scanning; glutathione s tranferase tag; pull down"	"false positive"	""	"Human herpesvirus 8"
"ELMI002776"	"LIG"	"LIG_SUMO_SIM_par_1"	"RBP2_HUMAN"	"P49792"	"P49792 Q13074 Q15280 Q53TE2 Q59FH7"	"2631"	"2637"	"15388847 15931224 16524884"	"glutathione s tranferase tag; mutation analysis; pull down; two hybrid; x-ray crystallography"	"true positive"	"1Z5S"	"Homo sapiens"
"ELMI002769"	"LIG"	"LIG_SUMO_SIM_par_1"	"RFP1_SCHPO"	"O13826"	"O13826"	"13"	"18"	"17762865 17762864"	"glutathione s tranferase tag; mutation analysis; pull down; two hybrid"	"true positive"	""	"Schizosaccharomyces pombe 972h-"
"ELMI002798"	"LIG"	"LIG_SUMO_SIM_par_1"	"RFP2_SCHPO"	"Q9UT72"	"Q9UT72"	"18"	"25"	"17762865 17762864"	"glutathione s tranferase tag; mutation analysis; pull down; two hybrid"	"true positive"	""	"Schizosaccharomyces pombe 972h-"
"ELMI002799"	"LIG"	"LIG_SUMO_SIM_par_1"	"RFP2_SCHPO"	"Q9UT72"	"Q9UT72"	"37"	"42"	"17762865 17762864"	"glutathione s tranferase tag; mutation analysis; pull down; two hybrid"	"true positive"	""	"Schizosaccharomyces pombe 972h-"
"ELMI002779"	"LIG"	"LIG_SUMO_SIM_par_1"	"RNF4_HUMAN"	"P78317"	"P78317 B2R6D6 Q49AR8"	"45"	"50"	"18408734"	"mutation analysis"	"true positive"	""	"Homo sapiens"
"ELMI002777"	"LIG"	"LIG_SUMO_SIM_par_1"	"RNF4_HUMAN"	"P78317"	"P78317 B2R6D6 Q49AR8"	"57"	"62"	"18408734"	"mutation analysis"	"true positive"	""	"Homo sapiens"
"ELMI002778"	"LIG"	"LIG_SUMO_SIM_par_1"	"RNF4_HUMAN"	"P78317"	"P78317 B2R6D6 Q49AR8"	"66"	"72"	"18408734"	"mutation analysis"	"true positive"	""	"Homo sapiens"
"ELMI002793"	"LIG"	"LIG_SUMO_SIM_par_1"	"SAE2_HUMAN"	"Q9UBT2"	"Q9UBT2 O95605 Q59H87 Q6IBP6 Q9NTJ1 Q9UED2"	"586"	"598"	"15388847 10961991"	"nuclear magnetic resonance; two hybrid"	"true positive"	""	"Homo sapiens"
"ELMI002774"	"LIG"	"LIG_SUMO_SIM_par_1"	"SAP1_YEAST"	"P39955"	"P39955 D3DLU8"	"231"	"237"	"15590687"	"two hybrid"	"true positive"	""	"Saccharomyces cerevisiae S288c"
"ELMI002787"	"LIG"	"LIG_SUMO_SIM_par_1"	"SETX_HUMAN"	"Q7Z333"	"Q7Z333 A2A396 B2RPB2 B5ME16 C9JQ10 O75120 Q3KQX4 Q5JUJ1 Q68DW5 Q6AZD7 Q7Z3J6 Q8WX33 Q9H9D1 Q9NVP9"	"1012"	"1025"	"16524884"	"mutation analysis; two hybrid"	"true positive"	""	"Homo sapiens"
"ELMI002772"	"LIG"	"LIG_SUMO_SIM_par_1"	"SP100_HUMAN"	"P23497"	"P23497 E9PH61 O75450 Q13343 Q8TE34 Q96F70 Q96T24 Q96T95 Q9NP33 Q9UE32"	"322"	"332"	"16524884 18691969"	"glutathione s tranferase tag; mutation analysis; pull down; surface plasmon resonance; two hybrid"	"true positive"	""	"Homo sapiens"
"ELMI002792"	"LIG"	"LIG_SUMO_SIM_par_1"	"TOPRS_HUMAN"	"Q9NS56"	"Q9NS56 O43273 Q6P987 Q9NS55 Q9UNR9"	"906"	"915"	"16524884"	"mutation analysis; two hybrid"	"false positive"	""	"Homo sapiens"
"ELMI002795"	"LIG"	"LIG_SUMO_SIM_par_1"	"UBP25_HUMAN"	"Q9UHP3"	"Q9UHP3 C0LSZ0 Q6DHZ9 Q9H9W1"	"90"	"95"	"18538659"	"his tag; mutation analysis; pull down"	"true positive"	""	"Homo sapiens"
"ELMI002781"	"LIG"	"LIG_SUMO_SIM_par_1"	"ULS1_YEAST"	"Q08562"	"Q08562 D6W2P7"	"370"	"380"	"15590687"	"two hybrid"	"true positive"	""	"Saccharomyces cerevisiae S288c"
"ELMI002784"	"LIG"	"LIG_SUMO_SIM_par_1"	"ZCH12_HUMAN"	"Q6PEW1"	"Q6PEW1 B3KV48 Q6PID5 Q8N1C1"	"262"	"269"	"19416967"	"glutathione s tranferase tag; mutation analysis; pull down"	"true positive"	""	"Homo sapiens"
"ELMI002785"	"LIG"	"LIG_SUMO_SIM_par_1"	"ZCH12_HUMAN"	"Q6PEW1"	"Q6PEW1 B3KV48 Q6PID5 Q8N1C1"	"276"	"282"	"19416967"	"glutathione s tranferase tag; mutation analysis; pull down"	"true positive"	""	"Homo sapiens"
"ELMI002789"	"LIG"	"LIG_SUMO_SIM_par_1"	"ZCHC7_HUMAN"	"Q8N3Z6"	"Q8N3Z6 B2RCI4 D3DRQ0 Q5T0Q8 Q5T0Q9 Q5T0R0 Q8N2M1 Q8N4J2 Q8TBK8 Q9H648 Q9P0F0"	"73"	"81"	"16524884"	"two hybrid"	"true positive"	""	"Homo sapiens"
"ELMI002790"	"LIG"	"LIG_SUMO_SIM_par_1"	"ZCHC7_HUMAN"	"Q8N3Z6"	"Q8N3Z6 B2RCI4 D3DRQ0 Q5T0Q8 Q5T0Q9 Q5T0R0 Q8N2M1 Q8N4J2 Q8TBK8 Q9H648 Q9P0F0"	"153"	"166"	"16524884"	"two hybrid"	"true positive"	""	"Homo sapiens"
"ELMI002797"	"LIG"	"LIG_SUMO_SIM_par_1"	"ZHX1_HUMAN"	"Q9UKY1"	"Q9UKY1 Q8IWD8"	"536"	"549"	"16524884"	"two hybrid"	"true positive"	""	"Homo sapiens"
"ELMI002796"	"LIG"	"LIG_SUMO_SIM_par_1"	"ZMYM5_HUMAN"	"Q9UJ78"	"Q9UJ78 B2R6V1 Q5T6E1 Q5T6E2 Q5T6E4 Q96IY6 Q9NZY5 Q9UBW0 Q9UJ77"	"115"	"124"	"16524884"	"two hybrid"	"true positive"	""	"Homo sapiens"
"ELMI001285"	"LIG"	"LIG_SxIP_EBH_1"	"APC_HUMAN"	"P25054"	"P25054 D3DT03 Q15162 Q15163 Q93042"	"2801"	"2811"	"15616574"	"classical fluorescence spectroscopy; glutathione s tranferase tag; isothermal titration calorimetry; mutation analysis; nuclear magnetic resonance; pull down"	"true positive"	""	"Homo sapiens"
"ELMI001287"	"LIG"	"LIG_SxIP_EBH_1"	"CLAP2_HUMAN"	"O75122"	"O75122 Q7L8F6 Q8N6R6 Q9BQT3 Q9BQT4 Q9H7A3 Q9NSZ2"	"492"	"502"	"19632184"	"classical fluorescence spectroscopy; glutathione s tranferase tag; mutation analysis; pull down"	"true positive"	""	"Homo sapiens"
"ELMI001288"	"LIG"	"LIG_SxIP_EBH_1"	"CLAP2_HUMAN"	"O75122"	"O75122 Q7L8F6 Q8N6R6 Q9BQT3 Q9BQT4 Q9H7A3 Q9NSZ2"	"515"	"525"	"19632184"	"classical fluorescence spectroscopy; glutathione s tranferase tag; mutation analysis; pull down"	"true positive"	""	"Homo sapiens"
"ELMI001286"	"LIG"	"LIG_SxIP_EBH_1"	"DYST_HUMAN"	"Q03001"	"Q03001 B7Z3H1 O94833 Q12825 Q13266 Q13267 Q13775 Q5TBT0 Q5TBT2 Q5TF23 Q8N1T8 Q8N8J3 Q8WXK8 Q8WXK9 Q96AK9 Q96DQ5 Q96J76 Q96QT5 Q9H555 Q9UGD7 Q9UGD8 Q9UN10"	"7545"	"7558"	"19632184"	"classical fluorescence spectroscopy; glutathione s tranferase tag; isothermal titration calorimetry; mutation analysis; pull down; x-ray crystallography"	"true positive"	"3GJO"	"Homo sapiens"
"ELMI001290"	"LIG"	"LIG_SxIP_EBH_1"	"KIF2C_HUMAN"	"Q99661"	"Q99661 B3ITR9 Q5JR88 Q6ICU1 Q96C18 Q96HB8 Q9BWV8"	"93"	"104"	"19632184"	"classical fluorescence spectroscopy; glutathione s tranferase tag; mutation analysis; pull down"	"true positive"	""	"Homo sapiens"
"ELMI001292"	"LIG"	"LIG_SxIP_EBH_1"	"MELPH_MOUSE"	"Q91V27"	"Q91V27 Q3UFV7 Q99N53"	"493"	"506"	""	"sequence based prediction"	"true positive"	""	"Mus musculus"
"ELMI001293"	"LIG"	"LIG_SxIP_EBH_1"	"PSRC1_HUMAN"	"Q6PGN9"	"Q6PGN9 Q5T2Z3 Q6ZTI8 Q71MG3 Q9BV77"	"276"	"289"	""	"sequence based prediction"	"true positive"	""	"Homo sapiens"
"ELMI001291"	"LIG"	"LIG_SxIP_EBH_1"	"SRCN1_HUMAN"	"Q9C0H9"	"Q9C0H9 Q75T46 Q8N4W8"	"1032"	"1046"	""	"sequence based prediction"	"true positive"	""	"Homo sapiens"
"ELMI001289"	"LIG"	"LIG_SxIP_EBH_1"	"STIM1_HUMAN"	"Q13586"	"Q13586 Q8N382"	"637"	"651"	"19632184"	"classical fluorescence spectroscopy; glutathione s tranferase tag; mutation analysis; pull down"	"true positive"	""	"Homo sapiens"
"ELMI000043"	"LIG"	"LIG_TPR"	"H90A1_DANRE"	"Q90474"	"Q90474 Q5RG13 Q6DI33"	"722"	"725"	"18182494"	"mutation analysis; sequence based prediction"	"true positive"	""	"Danio rerio"
"ELMI001097"	"LIG"	"LIG_TPR"	"HS71L_HUMAN"	"P34931"	"P34931 A6NNB0 B0UXW8 O75634 Q2HXR3 Q8NE72 Q96QC9 Q9UQM1"	"638"	"641"	"10786835"	"x-ray crystallography"	"true positive"	"1ELW"	"Homo sapiens"
"ELMI000041"	"LIG"	"LIG_TPR"	"HS90A_HUMAN"	"P07900"	"P07900 A8K500 B3KPJ9 Q2PP14 Q5CAQ6 Q5CAQ7 Q9BVQ5"	"729"	"732"	"11877417 16531226 10786835 10567422"	"alanine scanning; mutation analysis; nuclear magnetic resonance; x-ray crystallography"	"true positive"	"1ELR 2BUG"	"Homo sapiens"
"ELMI000042"	"LIG"	"LIG_TPR"	"HS90A_MOUSE"	"P07901"	"P07901"	"730"	"733"	""	"sequence based prediction"	"true positive"	""	"Mus musculus"
"ELMI000040"	"LIG"	"LIG_TPR"	"HSP72_DROME"	"Q8INI8"	"Q8INI8 P02824 Q95NK0 Q95W08 Q9BIS1 Q9BIS3 Q9BIS4 Q9I7J6"	"638"	"641"	""	"sequence based prediction"	"true positive"	""	"Drosophila melanogaster"
"ELMI000038"	"LIG"	"LIG_TPR"	"HSP72_HUMAN"	"P54652"	"P54652 Q15508 Q53XM3 Q9UE78"	"636"	"639"	"11877417"	"alanine scanning; competition binding; sequence based prediction; surface plasmon resonance"	"true positive"	""	"Homo sapiens"
"ELMI000036"	"LIG"	"LIG_TPR"	"HSP72_MOUSE"	"P17156"	"P17156 Q99KD7"	"630"	"633"	"11877417 10593983"	"alanine scanning; mutation analysis"	"true positive"	""	"Mus musculus"
"ELMI000037"	"LIG"	"LIG_TPR"	"HSP72_RAT"	"P14659"	"P14659 Q66HL1"	"630"	"633"	"10786835"	"sequence based prediction; structure based prediction"	"true positive"	""	"Rattus norvegicus"
"ELMI000039"	"LIG"	"LIG_TPR"	"HSP76_PIG"	"Q04967"	"Q04967"	"640"	"643"	""	"sequence based prediction"	"true positive"	""	"Sus scrofa"
"ELMI004696"	"LIG"	"LIG_TRAF2like_MATH_loPxQ_2"	"LMP1_EBVB9"	"P03230"	"P03230 Q777A4"	"204"	"209"	"10518213"	"mutation analysis; x-ray crystallography"	"true positive"	"1CZY"	"Human herpesvirus 4 (strain B95-8)"
"ELMI004698"	"LIG"	"LIG_TRAF2like_MATH_loPxQ_2"	"LMP1_EBVR"	"P13198"	"P13198"	"204"	"209"	"16009714"	"coimmunoprecipitation; mutation analysis; western blot; x-ray crystallography"	"true positive"	"1ZMS"	"Human herpesvirus 4 (strain RAJI)"
"ELMI004697"	"LIG"	"LIG_TRAF2like_MATH_loPxQ_2"	"TANK_HUMAN"	"Q92844"	"Q92844 D3DPB5 Q7Z4J6 Q92885"	"180"	"185"	"28155233 12005438"	"coimmunoprecipitation; isothermal titration calorimetry; mutation analysis; surface plasmon resonance; x-ray crystallography"	"true positive"	"1KZZ 1L0A 5H10"	"Homo sapiens"
"ELMI004695"	"LIG"	"LIG_TRAF2like_MATH_loPxQ_2"	"TNR1B_HUMAN"	"P20333"	"P20333 B1AJZ3 Q16042 Q6YI29 Q9UIH1"	"422"	"427"	"10206649 10518213"	"sequence based prediction; x-ray crystallography"	"true positive"	"1CA9"	"Homo sapiens"
"ELMI004694"	"LIG"	"LIG_TRAF2like_MATH_loPxQ_2"	"TNR8_HUMAN"	"P28908"	"P28908 B1AN79 Q6P4D9"	"576"	"581"	"9168896 8662842 10518213"	"coimmunoprecipitation; mutation analysis; x-ray crystallography"	"true positive"	"1D01"	"Homo sapiens"
"ELMI000048"	"LIG"	"LIG_TRAF2like_MATH_shPxQ_1"	"CD27_HUMAN"	"P26842"	"P26842 B2RDZ0"	"246"	"249"	"958283"	"mutation analysis"	"true positive"	""	"Homo sapiens"
"ELMI004702"	"LIG"	"LIG_TRAF2like_MATH_shPxQ_1"	"DYR1A_HUMAN"	"Q13627"	"Q13627 O60769 Q92582 Q92810 Q9UNM5"	"583"	"586"	"34117217"	"coimmunoprecipitation; mutation analysis; pull down"	"true positive"	""	"Homo sapiens"
"ELMI004704"	"LIG"	"LIG_TRAF2like_MATH_shPxQ_1"	"MAVS_HUMAN"	"Q7Z434"	"Q7Z434 A8K6X0 B2BD33 B2BD34 F5H6C8 M1P2Z0 Q2HWT5 Q3I0Y2 Q5T7I6 Q86VY7 Q9H1H3 Q9H4Y1 Q9H8D3 Q9ULE9"	"143"	"146"	"16153868"	"coimmunoprecipitation; mutation analysis; two hybrid"	"true positive"	""	"Homo sapiens"
"ELMI004706"	"LIG"	"LIG_TRAF2like_MATH_shPxQ_1"	"MAVS_MOUSE"	"Q8VCF0"	"Q8VCF0"	"143"	"146"	"23150880"	"mutation analysis; pull down; western blot; x-ray crystallography"	"true positive"	"4GHU"	"Mus musculus"
"ELMI004703"	"LIG"	"LIG_TRAF2like_MATH_shPxQ_1"	"PKN1_HUMAN"	"Q16512"	"Q16512 A8K7W5 B2R9R4 B3KVN3 Q15143 Q504U4 Q8IUV5 Q9UD44"	"580"	"583"	"14741690"	"coimmunoprecipitation; mutation analysis; pull down; two hybrid; western blot"	"true positive"	""	"Homo sapiens"
"ELMI004705"	"LIG"	"LIG_TRAF2like_MATH_shPxQ_1"	"TNR11_HUMAN"	"Q9Y6Q6"	"Q9Y6Q6"	"607"	"610"	"9685412"	"coimmunoprecipitation; deletion analysis; western blot"	"true positive"	""	"Homo sapiens"
"ELMI000047"	"LIG"	"LIG_TRAF2like_MATH_shPxQ_1"	"TNR3_HUMAN"	"P36941"	"P36941 D3DUR2"	"402"	"405"	"14517219 8069916"	"mutation analysis; x-ray crystallography"	"true positive"	"1RF3"	"Homo sapiens"
"ELMI000046"	"LIG"	"LIG_TRAF2like_MATH_shPxQ_1"	"TNR4_HUMAN"	"P43489"	"P43489 Q13663 Q2M312 Q5T7M0"	"262"	"265"	"9418902 10518213"	"alanine scanning; x-ray crystallography"	"true positive"	"1D0A"	"Homo sapiens"
"ELMI004701"	"LIG"	"LIG_TRAF2like_MATH_shPxQ_1"	"TNR4_MOUSE"	"P47741"	"P47741"	"257"	"260"	"9418902"	"mutation analysis; two hybrid; western blot"	"true positive"	""	"Mus musculus"
"ELMI000050"	"LIG"	"LIG_TRAF2like_MATH_shPxQ_1"	"TNR5_HUMAN"	"P25942"	"P25942 E1P5S9 Q53GN5 Q5JY15 Q5U007 Q7M4Q8 Q86YK5 Q9BYU0"	"250"	"253"	"10518213 9718306"	"overlapping binding peptide; x-ray crystallography"	"true positive"	"1CZZ"	"Homo sapiens"
"ELMI000054"	"LIG"	"LIG_TRAF2like_MATH_shPxQ_1"	"TNR8_HUMAN"	"P28908"	"P28908 B1AN79 Q6P4D9"	"561"	"564"	"8662842"	"mutation analysis"	"true positive"	""	"Homo sapiens"
"ELMI000044"	"LIG"	"LIG_TRAF2like_MATH_shPxQ_1"	"TNR9_HUMAN"	"Q07011"	"Q07011"	"231"	"234"	"9418902"	"alanine scanning; mutation analysis"	"true positive"	""	"Homo sapiens"
"ELMI001758"	"LIG"	"LIG_TRAF2like_MATH_shPxQ_1"	"TSTP_SHV21"	"P18347"	"P18347"	"60"	"63"	"10196286"	"coimmunoprecipitation; mutation analysis; western blot"	"true positive"	""	"Herpesvirus saimiri (strain 11)"
"ELMI004700"	"LIG"	"LIG_TRAF3_MATH_PxP_3"	"TNR3_HUMAN"	"P36941"	"P36941 D3DUR2"	"387"	"392"	"14517219"	"mutation analysis; x-ray crystallography"	"true positive"	"1RF3"	"Homo sapiens"
"ELMI004699"	"LIG"	"LIG_TRAF3_MATH_PxP_3"	"TR13C_HUMAN"	"Q96RJ3"	"Q96RJ3"	"162"	"167"	"15585864"	"mutation analysis; x-ray crystallography"	"true positive"	"2GKW"	"Homo sapiens"
"ELMI004518"	"LIG"	"LIG_TRAF4_MATH_1"	"GP1BB_HUMAN"	"P13224-2"	"P13224 Q14422 Q8NG40"	"382"	"386"	"29073066"	"isothermal titration calorimetry; surface plasmon resonance; x-ray crystallography"	"true positive"	"5YC1"	"Homo sapiens"
"ELMI004517"	"LIG"	"LIG_TRAF4_MATH_1"	"GPVI_HUMAN"	"Q9HCN6"	"Q9HCN6 Q9HCN7 Q9UIF2"	"297"	"301"	"29073066"	"isothermal titration calorimetry"	"true positive"	""	"Homo sapiens"
"ELMI004516"	"LIG"	"LIG_TRAF4_MATH_1"	"TGFR2_HUMAN"	"P37173"	"P37173 B4DTV5 Q15580 Q6DKT6 Q99474"	"546"	"550"	"29073066"	"surface plasmon resonance"	"unknown"	""	"Homo sapiens"
"ELMI004504"	"LIG"	"LIG_TRAF6_MATH_1"	"CIKS_MOUSE"	"Q8N7N6"	"Q8N7N6 Q8BH33"	"26"	"34"	"12459498"	"coimmunoprecipitation; deletion analysis; pull down; tag visualisation by luciferase assay; two hybrid"	"true positive"	""	"Mus musculus"
"ELMI004506"	"LIG"	"LIG_TRAF6_MATH_1"	"ICP0_BHV1J"	"P29128"	"P29128"	"344"	"352"	"31969874"	"coimmunoprecipitation; mutation analysis; western blot"	"true positive"	""	"Bovine herpesvirus type 1.1 (strain Jura)"
"ELMI004503"	"LIG"	"LIG_TRAF6_MATH_1"	"INLR1_HUMAN"	"Q8IU57-1"	"Q8IU57 Q5VTX5 Q5VTX7 Q5VTX8 Q6ZML8 Q8IV66 Q8IZI7 Q8IZI8"	"478"	"486"	"22644879"	"coimmunoprecipitation; mutation analysis; pull down; western blot"	"true positive"	""	"Homo sapiens"
"ELMI000027"	"LIG"	"LIG_TRAF6_MATH_1"	"IRAK1_HUMAN"	"P51617"	"P51617 D3DWW4 Q7Z5V4 Q96RL2"	"540"	"548"	"12140561"	"isothermal titration calorimetry; mutation analysis"	"true positive"	""	"Homo sapiens"
"ELMI000028"	"LIG"	"LIG_TRAF6_MATH_1"	"IRAK1_HUMAN"	"P51617"	"P51617 D3DWW4 Q7Z5V4 Q96RL2"	"583"	"591"	"12140561"	"isothermal titration calorimetry; mutation analysis"	"true positive"	""	"Homo sapiens"
"ELMI000029"	"LIG"	"LIG_TRAF6_MATH_1"	"IRAK1_HUMAN"	"P51617"	"P51617 D3DWW4 Q7Z5V4 Q96RL2"	"702"	"710"	"12140561"	"isothermal titration calorimetry; mutation analysis"	"true positive"	""	"Homo sapiens"
"ELMI000030"	"LIG"	"LIG_TRAF6_MATH_1"	"IRAK1_MOUSE"	"Q62406"	"Q62406 B1AUW4 Q6Y3Z5 Q6Y3Z6"	"537"	"545"	"12140561"	"sequence based prediction"	"true positive"	""	"Mus musculus"
"ELMI000031"	"LIG"	"LIG_TRAF6_MATH_1"	"IRAK1_MOUSE"	"Q62406"	"Q62406 B1AUW4 Q6Y3Z5 Q6Y3Z6"	"580"	"588"	"12140561"	"sequence based prediction"	"true positive"	""	"Mus musculus"
"ELMI000032"	"LIG"	"LIG_TRAF6_MATH_1"	"IRAK1_MOUSE"	"Q62406"	"Q62406 B1AUW4 Q6Y3Z5 Q6Y3Z6"	"700"	"708"	"12140561"	"sequence based prediction"	"true positive"	""	"Mus musculus"
"ELMI000033"	"LIG"	"LIG_TRAF6_MATH_1"	"IRAK2_HUMAN"	"O43187"	"O43187 B4DQZ6 Q08AG6 Q5K546"	"524"	"532"	"12140561"	"sequence based prediction"	"true positive"	""	"Homo sapiens"
"ELMI000034"	"LIG"	"LIG_TRAF6_MATH_1"	"IRAK2_HUMAN"	"O43187"	"O43187 B4DQZ6 Q08AG6 Q5K546"	"555"	"563"	"12140561"	"sequence based prediction"	"true positive"	""	"Homo sapiens"
"ELMI004509"	"LIG"	"LIG_TRAF6_MATH_1"	"MALT1_HUMAN"	"Q9UDY8"	"Q9UDY8 Q9NTB7 Q9ULX4"	"802"	"810"	"15125833"	"coimmunoprecipitation; mutation analysis"	"true positive"	""	"Homo sapiens"
"ELMI004510"	"LIG"	"LIG_TRAF6_MATH_1"	"MAVS_HUMAN"	"Q7Z434"	"Q7Z434 A8K6X0 B2BD33 B2BD34 F5H6C8 M1P2Z0 Q2HWT5 Q3I0Y2 Q5T7I6 Q86VY7 Q9H1H3 Q9H4Y1 Q9H8D3 Q9ULE9"	"151"	"159"	"16153868"	"coimmunoprecipitation; mutation analysis"	"true positive"	""	"Homo sapiens"
"ELMI004500"	"LIG"	"LIG_TRAF6_MATH_1"	"MAVS_HUMAN"	"Q7Z434"	"Q7Z434 A8K6X0 B2BD33 B2BD34 F5H6C8 M1P2Z0 Q2HWT5 Q3I0Y2 Q5T7I6 Q86VY7 Q9H1H3 Q9H4Y1 Q9H8D3 Q9ULE9"	"453"	"461"	"16153868 26385923"	"biolayer interferometry; coimmunoprecipitation; mutation analysis; pull down; x-ray crystallography"	"true positive"	"4Z8M"	"Homo sapiens"
"ELMI004499"	"LIG"	"LIG_TRAF6_MATH_1"	"NPTN_MOUSE"	"P97300-2"	"P97300 Q3U519 Q8C637 Q8C6H8"	"363"	"371"	"33363141"	"coimmunoprecipitation; deletion analysis; pull down; surface plasmon resonance; western blot"	"true positive"	""	"Mus musculus"
"ELMI004508"	"LIG"	"LIG_TRAF6_MATH_1"	"RANB9_HUMAN"	"Q96S59"	"Q96S59 A0PJA2 B2R8E1 O94764 Q6P3T7 Q7LBR2 Q7Z7F9"	"319"	"327"	"21805090"	"coimmunoprecipitation; fluorescent resonance energy transfer; pull down; two hybrid; western blot"	"true positive"	""	"Homo sapiens"
"ELMI004502"	"LIG"	"LIG_TRAF6_MATH_1"	"STING_DANRE"	"E7F4N7"	"E7F4N7 K4Q6R6"	"380"	"388"	"31018131"	"x-ray crystallography"	"true positive"	"6MYD"	"Danio rerio"
"ELMI004505"	"LIG"	"LIG_TRAF6_MATH_1"	"TCAM1_HUMAN"	"Q8IUC6"	"Q8IUC6 B3Y691 O75532 Q86XP8 Q96GA0"	"248"	"256"	"14982987"	"coimmunoprecipitation; mutation analysis"	"true positive"	""	"Homo sapiens"
"ELMI004501"	"LIG"	"LIG_TRAF6_MATH_1"	"TIFA_HUMAN"	"Q96CG3"	"Q96CG3"	"174"	"182"	"30378729"	"chromatography technology; cross linking study; western blot; x-ray crystallography"	"true positive"	"6A33"	"Homo sapiens"
"ELMI004507"	"LIG"	"LIG_TRAF6_MATH_1"	"TIO_ATHV3"	"Q9YJQ8"	"Q9YJQ8"	"3"	"11"	"16452479"	"coimmunoprecipitation; mutation analysis; western blot"	"true positive"	""	"Ateline herpesvirus 3"
"ELMI000023"	"LIG"	"LIG_TRAF6_MATH_1"	"TNR11_HUMAN"	"Q9Y6Q6"	"Q9Y6Q6"	"71"	"79"	""	"colocalization"	"false positive"	""	"Homo sapiens"
"ELMI000024"	"LIG"	"LIG_TRAF6_MATH_1"	"TNR11_HUMAN"	"Q9Y6Q6"	"Q9Y6Q6"	"342"	"350"	"12140561"	"mutation analysis; sequence based prediction; x-ray crystallography"	"true positive"	"1LB5"	"Homo sapiens"
"ELMI000025"	"LIG"	"LIG_TRAF6_MATH_1"	"TNR11_HUMAN"	"Q9Y6Q6"	"Q9Y6Q6"	"375"	"383"	"12140561"	"sequence based prediction"	"true positive"	""	"Homo sapiens"
"ELMI000026"	"LIG"	"LIG_TRAF6_MATH_1"	"TNR11_HUMAN"	"Q9Y6Q6"	"Q9Y6Q6"	"451"	"459"	"12140561"	"sequence based prediction"	"true positive"	""	"Homo sapiens"
"ELMI000018"	"LIG"	"LIG_TRAF6_MATH_1"	"TNR11_MOUSE"	"O35305"	"O35305 Q8VCT7"	"72"	"80"	""	"colocalization"	"false positive"	""	"Mus musculus"
"ELMI000019"	"LIG"	"LIG_TRAF6_MATH_1"	"TNR11_MOUSE"	"O35305"	"O35305 Q8VCT7"	"338"	"346"	"12140561"	"inhibitor; isothermal titration calorimetry; mutation analysis"	"true positive"	""	"Mus musculus"
"ELMI000020"	"LIG"	"LIG_TRAF6_MATH_1"	"TNR11_MOUSE"	"O35305"	"O35305 Q8VCT7"	"371"	"379"	"12140561"	"mutation analysis"	"true positive"	""	"Mus musculus"
"ELMI000022"	"LIG"	"LIG_TRAF6_MATH_1"	"TNR11_MOUSE"	"O35305"	"O35305 Q8VCT7"	"445"	"453"	"12140561"	"mutation analysis"	"true positive"	""	"Mus musculus"
"ELMI004511"	"LIG"	"LIG_TRAF6_MATH_1"	"TNR27_HUMAN"	"Q9HAV5-2"	"Q9HAV5 Q5VYX9 Q5VYY0 Q6UWM2 Q8IZA6"	"270"	"278"	"12270937"	"coimmunoprecipitation; deletion analysis; mutation analysis"	"unknown"	""	"Homo sapiens"
"ELMI000016"	"LIG"	"LIG_TRAF6_MATH_1"	"TNR5_HUMAN"	"P25942"	"P25942 E1P5S9 Q53GN5 Q5JY15 Q5U007 Q7M4Q8 Q86YK5 Q9BYU0"	"231"	"239"	"12140561 10318845"	"isothermal titration calorimetry; mutation analysis; x-ray crystallography"	"true positive"	"1LB6"	"Homo sapiens"
"ELMI000017"	"LIG"	"LIG_TRAF6_MATH_1"	"TNR5_MOUSE"	"P27512"	"P27512 Q3TS33 Q3TSL2 Q3U799 Q3U7C9 Q3UBH3 Q542B1 Q8K2X6 Q99NE0 Q99NE1 Q99NE2 Q99NE3"	"235"	"243"	"12140561"	"sequence based prediction; structure based prediction"	"true positive"	""	"Mus musculus"
"ELMI004512"	"LIG"	"LIG_TRAF6_MATH_1"	"TRIP6_HUMAN"	"Q15654"	"Q15654 A4D2E7 F2ZC07 F2ZC08 O15170 O15275 Q9BTB2 Q9BUE5 Q9BXP3 Q9UNT4"	"48"	"56"	"27134758"	"coimmunoprecipitation; mutation analysis; western blot"	"true positive"	""	"Homo sapiens"
"ELMI001759"	"LIG"	"LIG_TRAF6_MATH_1"	"V120_HHV11"	"P10221"	"P10221"	"1097"	"1105"	"18682563"	"coimmunoprecipitation; mutation analysis; pull down"	"true positive"	""	"Herpes simplex virus (type 1 / strain 17)"
"ELMI004513"	"LIG"	"LIG_TRAF6_MATH_1"	"VCLAP_EHV2"	"Q66677"	"Q66677"	"276"	"284"	"11238466"	"mutation analysis; western blot"	"true positive"	""	"Equid herpesvirus type 2 strain 86/87"
"ELMI004673"	"LIG"	"LIG_Trf4_IWRxY_1"	"AIR1_SCHPO"	"Q9P795"	"Q9P795"	"169"	"173"	"21878619 20403971"	"comigration in sds page; detection by mass spectrometry; inferred by author; knock out; sequence based prediction; tandem affinity purification"	"true positive"	""	"Schizosaccharomyces pombe 972h-"
"ELMI004672"	"LIG"	"LIG_Trf4_IWRxY_1"	"AIR1_YEAST"	"P40507"	"P40507 D6VVK5"	"152"	"156"	"21878619"	"alanine scanning; mutation analysis; pull down; tandem affinity purification"	"true positive"	""	"Saccharomyces cerevisiae S288c"
"ELMI004671"	"LIG"	"LIG_Trf4_IWRxY_1"	"AIR2_YEAST"	"Q12476"	"Q12476 D6VRH7"	"139"	"143"	"20696927 22402490"	"nuclear magnetic resonance; pull down; x-ray crystallography"	"true positive"	"3NYB"	"Saccharomyces cerevisiae S288c"
"ELMI004674"	"LIG"	"LIG_Trf4_IWRxY_1"	"ZCHC7_HUMAN"	"Q8N3Z6"	"Q8N3Z6 B2RCI4 D3DRQ0 Q5T0Q8 Q5T0Q9 Q5T0R0 Q8N2M1 Q8N4J2 Q8TBK8 Q9H648 Q9P0F0"	"322"	"326"	"21878619"	"coimmunoprecipitation"	"true positive"	""	"Homo sapiens"
"ELMI001229"	"LIG"	"LIG_TRFH_1"	"DCR1B_HUMAN"	"Q9H816"	"Q9H816 Q9H9E5"	"504"	"508"	"18202258"	"coimmunoprecipitation; isothermal titration calorimetry; mutation analysis; x-ray crystallography"	"true positive"	"3BUA"	"Homo sapiens"
"ELMI001228"	"LIG"	"LIG_TRFH_1"	"PINX1_HUMAN"	"Q96BK5"	"Q96BK5 B2R9B1 Q548A5 Q6QWG9 Q7Z7J8 Q96QD7 Q9HBU7 Q9NWW2"	"289"	"293"	"18202258"	"isothermal titration calorimetry; mutation analysis"	"true positive"	""	"Homo sapiens"
"ELMI001227"	"LIG"	"LIG_TRFH_1"	"TINF2_HUMAN"	"Q9BSI4"	"Q9BSI4 Q9H904 Q9UHC2"	"258"	"262"	"18202258"	"coimmunoprecipitation; isothermal titration calorimetry; mutation analysis; x-ray crystallography"	"true positive"	"3BQO 3BU8"	"Homo sapiens"
"ELMI002183"	"LIG"	"LIG_TYR_ITAM"	"CD3D_HUMAN"	"P04234"	"P04234"	"146"	"163"	"7761456 8647168"	"coimmunoprecipitation; competition binding"	"true positive"	""	"Homo sapiens"
"ELMI002040"	"LIG"	"LIG_TYR_ITAM"	"CD3E_HUMAN"	"P07766"	"P07766 A8K997"	"185"	"202"	"7761456 17617578 9698567"	"glutathione s tranferase tag; mutation analysis; pull down; surface plasmon resonance; x-ray crystallography"	"true positive"	"1A81"	"Homo sapiens"
"ELMI002041"	"LIG"	"LIG_TYR_ITAM"	"CD3Z_HUMAN"	"P20963"	"P20963 B1AK49 Q5VX13 Q8TAX4"	"69"	"86"	"7761456 9295038"	"coimmunoprecipitation; competition binding; mutation analysis"	"true positive"	""	"Homo sapiens"
"ELMI002154"	"LIG"	"LIG_TYR_ITAM"	"CD79A_HUMAN"	"P11912"	"P11912 Q53FB8"	"185"	"202"	"10748115"	"nuclear magnetic resonance"	"true positive"	""	"Homo sapiens"
"ELMI002199"	"LIG"	"LIG_TYR_ITAM"	"CD79B_HUMAN"	"P40259"	"P40259 Q53FS2 Q9BU06"	"193"	"210"	"9531288"	"inferred by author; interologs; mutation analysis; sequence based prediction"	"true positive"	""	"Homo sapiens"
"ELMI002200"	"LIG"	"LIG_TYR_ITAM"	"CD79B_MOUSE"	"P15530"	"P15530 Q4FJP4"	"192"	"209"	"1439759 15335855 8798606"	"coimmunoprecipitation; glutathione s tranferase tag; mutation analysis; protein kinase assay; pull down; western blot"	"true positive"	""	"Mus musculus"
"ELMI002155"	"LIG"	"LIG_TYR_ITAM"	"FCERG_HUMAN"	"P30273"	"P30273 Q5VTW4"	"62"	"79"	"18818282 8810294"	"coimmunoprecipitation; competition binding; elisa; scintillation proximity assay; surface plasmon resonance"	"true positive"	""	"Homo sapiens"
"ELMI000382"	"LIG"	"LIG_TYR_ITIM"	"FCG2B_HUMAN"	"P31994"	"P31994 A6H8N3 O95649 Q53X85 Q5VXA9 Q8NIA1"	"290"	"295"	"7718892 9052859"	"coimmunoprecipitation; mutation analysis"	"true positive"	""	"Homo sapiens"
"ELMI000144"	"LIG"	"LIG_TYR_ITIM"	"FCGR2_MOUSE"	"P08101"	"P08101 P08102 P12316 P97917 Q60938 Q60939 Q60940 Q61170 Q61558"	"307"	"312"	""	"sequence based prediction"	"true positive"	""	"Mus musculus"
"ELMI000383"	"LIG"	"LIG_TYR_ITIM"	"KI3L2_HUMAN"	"P43630"	"P43630 Q13238 Q14947 Q14948 Q92684 Q95367"	"396"	"401"	"8986721"	"cross linking study"	"true positive"	""	"Homo sapiens"
"ELMI000385"	"LIG"	"LIG_TYR_ITIM"	"NKG2A_HUMAN"	"P26715"	"P26715"	"38"	"43"	""	""	"true positive"	""	"Homo sapiens"
"ELMI002156"	"LIG"	"LIG_TYR_ITIM"	"OX1R_HUMAN"	"O43613"	"O43613 A8K3A6 Q9HBV6"	"356"	"361"	"19661287"	"coimmunoprecipitation; mutation analysis; western blot"	"true positive"	""	"Homo sapiens"
"ELMI002594"	"LIG"	"LIG_TYR_ITIM"	"SIG12_MOUSE"	"Q91Y57"	"Q91Y57 E9QMD1"	"430"	"435"	"11278955"	"anti tag coimmunoprecipitation; mutation analysis; western blot"	"true positive"	""	"Mus musculus"
"ELMI002589"	"LIG"	"LIG_TYR_ITIM"	"TRML1_HUMAN"	"Q86YW5"	"Q86YW5 Q496B3 Q8IWY1 Q8IWY2"	"279"	"284"	"15128762"	"anti tag coimmunoprecipitation; mutation analysis"	"true positive"	""	"Homo sapiens"
"ELMI000243"	"LIG"	"LIG_TYR_ITSM"	"CD244_HUMAN"	"Q9BZW8"	"Q9BZW8 Q5VYI2 Q5VYI6 Q5VYI7 Q96T47 Q9NQD2 Q9NQD3 Q9Y288"	"267"	"274"	"11313386"	"sequence based prediction"	"true positive"	""	"Homo sapiens"
"ELMI000244"	"LIG"	"LIG_TYR_ITSM"	"CD244_HUMAN"	"Q9BZW8"	"Q9BZW8 Q5VYI2 Q5VYI6 Q5VYI7 Q96T47 Q9NQD2 Q9NQD3 Q9Y288"	"313"	"320"	"11313386"	"sequence based prediction"	"true positive"	""	"Homo sapiens"
"ELMI000245"	"LIG"	"LIG_TYR_ITSM"	"CD244_HUMAN"	"Q9BZW8"	"Q9BZW8 Q5VYI2 Q5VYI6 Q5VYI7 Q96T47 Q9NQD2 Q9NQD3 Q9Y288"	"338"	"345"	"11313386"	"sequence based prediction"	"true positive"	""	"Homo sapiens"
"ELMI000241"	"LIG"	"LIG_TYR_ITSM"	"LY9_HUMAN"	"Q9HBG7"	"Q9HBG7 A8K7N3 Q14775 Q5VYI3 Q9H4N5 Q9NQ24"	"599"	"606"	"11313386"	"sequence based prediction"	"true positive"	""	"Homo sapiens"
"ELMI000242"	"LIG"	"LIG_TYR_ITSM"	"LY9_HUMAN"	"Q9HBG7"	"Q9HBG7 A8K7N3 Q14775 Q5VYI3 Q9H4N5 Q9NQ24"	"622"	"629"	"11313386"	"sequence based prediction"	"true positive"	""	"Homo sapiens"
"ELMI002157"	"LIG"	"LIG_TYR_ITSM"	"OX1R_HUMAN"	"O43613"	"O43613 A8K3A6 Q9HBV6"	"79"	"86"	"19661287"	"coimmunoprecipitation; mutation analysis; western blot"	"true positive"	""	"Homo sapiens"
"ELMI000142"	"LIG"	"LIG_TYR_ITSM"	"SLAF1_HUMAN"	"Q13291"	"Q13291 Q5W172"	"277"	"284"	"11313386"	"mutation analysis"	"true positive"	""	"Homo sapiens"
"ELMI000143"	"LIG"	"LIG_TYR_ITSM"	"SLAF1_HUMAN"	"Q13291"	"Q13291 Q5W172"	"323"	"330"	"11313386"	"mutation analysis"	"true positive"	""	"Homo sapiens"
"ELMI000237"	"LIG"	"LIG_TYR_ITSM"	"SLAF5_HUMAN"	"Q9UIB8"	"Q9UIB8 B2R8T1 B7Z3R8 O15430 O95266 O95660 Q5H9R1 Q6FHA8 Q8WLP1 Q8WWI8 Q9UF04 Q9UIB6 Q9UIB7 Q9UIT7"	"275"	"282"	"11313386"	"sequence based prediction"	"true positive"	""	"Homo sapiens"
"ELMI000238"	"LIG"	"LIG_TYR_ITSM"	"SLAF5_HUMAN"	"Q9UIB8"	"Q9UIB8 B2R8T1 B7Z3R8 O15430 O95266 O95660 Q5H9R1 Q6FHA8 Q8WLP1 Q8WWI8 Q9UF04 Q9UIB6 Q9UIB7 Q9UIT7"	"312"	"319"	""	"sequence based prediction"	"true positive"	""	"Homo sapiens"
"ELMI000239"	"LIG"	"LIG_TYR_ITSM"	"SLAF7_HUMAN"	"Q9NQ25"	"Q9NQ25 Q8N6Y8 Q8ND32 Q9NY08 Q9NY23"	"280"	"287"	"12213321"	"mutation analysis"	"true positive"	""	"Homo sapiens"
"ELMI000240"	"LIG"	"LIG_TYR_ITSM"	"SLAF7_HUMAN"	"Q9NQ25"	"Q9NQ25 Q8N6Y8 Q8ND32 Q9NY08 Q9NY23"	"300"	"307"	"12213321"	"mutation analysis"	"true positive"	""	"Homo sapiens"
"ELMI002898"	"LIG"	"LIG_UBA3_1"	"UBC12_HUMAN"	"P61081"	"P61081 O76069 Q8VC50"	"4"	"12"	"15361859"	"comigration in sds page; mutation analysis; radiolabel; x-ray crystallography"	"true positive"	""	"Homo sapiens"
"ELMI002899"	"LIG"	"LIG_UBA3_1"	"UBE2F_HUMAN"	"Q969M7"	"Q969M7 A8K1Z8 B4DDT9 B4DFI1 B4DMK3 B4DZU2 B8ZZG2 C9J212 H9KVB9"	"1"	"9"	"15361859"	"mutation analysis"	"true positive"	""	"Homo sapiens"
"ELMI003054"	"LIG"	"LIG_UFM1_UFIM_1"	"UBA5_HUMAN"	"Q9GZZ9"	"Q9GZZ9 A6NJL3 D3DNC8 Q96ST1"	"339"	"348"	"26929408"	"alanine scanning; coimmunoprecipitation; deletion analysis; isothermal titration calorimetry; pull down; western blot; x-ray crystallography"	"true positive"	"5HKH"	"Homo sapiens"
"ELMI001398"	"LIG"	"LIG_ULM_U2AF65_1"	"ATX1_HUMAN"	"P54253"	"P54253 Q17S02 Q9UJG2 Q9Y4J1"	"770"	"775"	"20037628"	"competition binding; isothermal titration calorimetry; nuclear magnetic resonance"	"true positive"	""	"Homo sapiens"
"ELMI003460"	"LIG"	"LIG_ULM_U2AF65_1"	"REV_HV1H2"	"P04618"	"P04618"	"41"	"46"	"30892606"	"alanine scanning; coimmunoprecipitation; isothermal titration calorimetry; nuclear magnetic resonance; pull down; x-ray crystallography"	"true positive"	"6HIP"	"HIV-1 M:B_HXB2R"
"ELMI003461"	"LIG"	"LIG_ULM_U2AF65_1"	"REV_HV2D2"	"P15830"	"P15830"	"37"	"42"	"30892606"	"sequence based prediction"	"true positive"	""	"Human immunodeficiency virus type 2 (ISOLATE D205,7)"
"ELMI003462"	"LIG"	"LIG_ULM_U2AF65_1"	"REV_SIVCZ"	"P17280"	"P17280"	"42"	"47"	"30892606"	"sequence based prediction"	"true positive"	""	"SIVcpz GAB1"
"ELMI000945"	"LIG"	"LIG_ULM_U2AF65_1"	"SF01_HUMAN"	"Q15637"	"Q15637 Q14818 Q14819 Q15913 Q8IY00 Q92744 Q92745 Q969H7 Q9BW01 Q9UEI0"	"15"	"23"	"12718882"	"mutation analysis; nuclear magnetic resonance"	"true positive"	"1O0P"	"Homo sapiens"
"ELMI000946"	"LIG"	"LIG_ULM_U2AF65_1"	"SF3B1_HUMAN"	"O75533"	"O75533"	"195"	"201"	"15231733 16376933"	"isothermal titration calorimetry; mutation analysis"	"true positive"	""	"Homo sapiens"
"ELMI000947"	"LIG"	"LIG_ULM_U2AF65_1"	"SF3B1_HUMAN"	"O75533"	"O75533"	"289"	"294"	"15231733 16376933"	"isothermal titration calorimetry; mutation analysis"	"true positive"	""	"Homo sapiens"
"ELMI000948"	"LIG"	"LIG_ULM_U2AF65_1"	"SF3B1_HUMAN"	"O75533"	"O75533"	"333"	"339"	"15231733 17589525 16376933"	"glutathione s tranferase tag; isothermal titration calorimetry; mutation analysis; nuclear magnetic resonance; pull down; x-ray crystallography"	"true positive"	"2PEH"	"Homo sapiens"
"ELMI004571"	"LIG"	"LIG_VCP_SHPBox_1"	"ABP41_LILDA"	"P84994"	"P84994"	"2"	"11"	"27714797"	"sequence based prediction"	"true positive"	""	"Lilium davidii"
"ELMI004577"	"LIG"	"LIG_VCP_SHPBox_1"	"ASPC1_MOUSE"	"Q8VBT9-1"	"Q8VBT9-1"	"259"	"268"	"22207755"	"coimmunoprecipitation; mutation analysis; pull down"	"true positive"	""	"Mus musculus"
"ELMI004587"	"LIG"	"LIG_VCP_SHPBox_1"	"DERL1_HUMAN"	"Q9BUN8"	"Q9BUN8 B3KW41 E9PH19"	"241"	"249"	"27714797"	"mutation analysis; pull down; x-ray crystallography"	"true positive"	"5GLF"	"Homo sapiens"
"ELMI004586"	"LIG"	"LIG_VCP_SHPBox_1"	"DERL2_HUMAN"	"Q9GZP9"	"Q9GZP9 Q9Y3A7"	"230"	"238"	"27714797"	"sequence based prediction"	"true positive"	""	"Homo sapiens"
"ELMI004574"	"LIG"	"LIG_VCP_SHPBox_1"	"DFM1_YEAST"	"Q12743"	"Q12743 D6VT43 Q7LIJ5"	"283"	"292"	"17083136"	"alanine scanning; coimmunoprecipitation"	"true positive"	""	"Saccharomyces cerevisiae S288c"
"ELMI004570"	"LIG"	"LIG_VCP_SHPBox_1"	"NPW_HUMAN"	"Q8N729"	"Q8N729"	"131"	"140"	"27714797"	"sequence based prediction"	"unknown"	""	"Homo sapiens"
"ELMI004588"	"LIG"	"LIG_VCP_SHPBox_1"	"NSF1C_HUMAN"	"Q9UNZ2"	"Q9UNZ2 A2A2L1 B2RD74 Q5JXA4 Q5JXA5 Q7Z533 Q9H102 Q9NVL9 Q9UI06"	"252"	"261"	"26712280 33028677"	"isothermal titration calorimetry; sequence based prediction"	"true positive"	""	"Homo sapiens"
"ELMI004576"	"LIG"	"LIG_VCP_SHPBox_1"	"NSF1C_MOUSE"	"Q9CZ44"	"Q9CZ44 A2AT03 Q80Y15 Q8BYL3"	"149"	"158"	"33028677"	"isothermal titration calorimetry; mutation analysis; nuclear magnetic resonance"	"true positive"	""	"Mus musculus"
"ELMI004575"	"LIG"	"LIG_VCP_SHPBox_1"	"NSF1C_MOUSE"	"Q9CZ44"	"Q9CZ44 A2AT03 Q80Y15 Q8BYL3"	"252"	"261"	"33028677"	"isothermal titration calorimetry; mutation analysis; nuclear magnetic resonance"	"true positive"	""	"Mus musculus"
"ELMI004579"	"LIG"	"LIG_VCP_SHPBox_1"	"NSF1C_RAT"	"O35987"	"O35987"	"252"	"261"	"20691684"	"competition binding; mutation analysis; pull down; two hybrid"	"true positive"	""	"Rattus norvegicus"
"ELMI004581"	"LIG"	"LIG_VCP_SHPBox_1"	"RBD2_SCHPO"	"O74926"	"O74926"	"241"	"250"	"27655872"	"coimmunoprecipitation; mutation analysis; pull down; western blot"	"true positive"	""	"Schizosaccharomyces pombe 972h-"
"ELMI004578"	"LIG"	"LIG_VCP_SHPBox_1"	"SPRTN_HUMAN"	"Q9H040"	"Q9H040 B1AKT0 B5MEF7 Q5TE78 Q6UWW6 Q96BC5 Q96KA0"	"252"	"261"	"23042605"	"coimmunoprecipitation; competition binding; mutation analysis"	"true positive"	""	"Homo sapiens"
"ELMI004573"	"LIG"	"LIG_VCP_SHPBox_1"	"UBX1_YEAST"	"P34223"	"P34223 D6VPU2 E9P8S9"	"305"	"314"	"27714797"	"sequence based prediction"	"true positive"	""	"Saccharomyces cerevisiae S288c"
"ELMI004580"	"LIG"	"LIG_VCP_SHPBox_1"	"UBX2B_MOUSE"	"Q0KL01"	"Q0KL01 Q8BGY8 Q8CCQ0 Q9CZA8"	"214"	"223"	"20691684"	"mutation analysis; pull down"	"true positive"	""	"Mus musculus"
"ELMI004582"	"LIG"	"LIG_VCP_SHPBox_1"	"UFD1_HUMAN"	"Q92890"	"Q92890 A8MW31 Q9Y5N0"	"227"	"236"	"26712280"	"isothermal titration calorimetry; mutation analysis; pull down; x-ray crystallography"	"true positive"	"5C1B"	"Homo sapiens"
"ELMI004583"	"LIG"	"LIG_VCP_SHPBox_1"	"UFD1_HUMAN"	"Q92890"	"Q92890 A8MW31 Q9Y5N0"	"292"	"301"	"26712280"	"sequence based prediction"	"unknown"	""	"Homo sapiens"
"ELMI004572"	"LIG"	"LIG_VCP_SHPBox_1"	"WSS1_YEAST"	"P38838"	"P38838 D3DL83"	"151"	"160"	"27714797"	"sequence based prediction"	"true positive"	""	"Saccharomyces cerevisiae S288c"
"ELMI004559"	"LIG"	"LIG_VCP_VBM_3"	"ATX3_HUMAN"	"P54252"	"P54252 A7LFZ5 O15284 O15285 O15286 Q8N189 Q96TC3 Q96TC4 Q9H3N0"	"281"	"290"	"16525503"	"coimmunoprecipitation; competition binding; far western blotting; glutathione s tranferase tag; mutation analysis; pull down"	"true positive"	""	"Homo sapiens"
"ELMI004558"	"LIG"	"LIG_VCP_VBM_3"	"RHBL4_HUMAN"	"Q8TEB9"	"Q8TEB9 Q495B9 Q53S43 Q5EBM8 Q6P5V8 Q8IV60 Q9H057"	"304"	"313"	"27407164"	"mutation analysis; pull down; surface plasmon resonance; x-ray crystallography"	"true positive"	"5EPP"	"Homo sapiens"
"ELMI004560"	"LIG"	"LIG_VCP_VBM_3"	"SYVN1_MOUSE"	"Q9DBY1-1"	"Q9DBY1-1"	"598"	"607"	"19175675"	"colocalization; mutation analysis; pull down"	"true positive"	""	"Mus musculus"
"ELMI004569"	"LIG"	"LIG_VCP_VIM_2"	"AMFR_HUMAN"	"Q9UKV5"	"Q9UKV5 P26442 Q8IZ70"	"626"	"637"	"21914798"	"biolayer interferometry; pull down; x-ray crystallography"	"true positive"	"3TIW"	"Homo sapiens"
"ELMI004568"	"LIG"	"LIG_VCP_VIM_2"	"AMFR_MOUSE"	"Q9R049"	"Q9R049 Q8K008 Q99LH5"	"626"	"637"	"19175675"	"mutation analysis; pull down"	"true positive"	""	"Mus musculus"
"ELMI004567"	"LIG"	"LIG_VCP_VIM_2"	"ANKZ1_HUMAN"	"Q9H8Y5"	"Q9H8Y5 Q9NVZ4"	"655"	"666"	"21896481 21914798"	"biolayer interferometry; coimmunoprecipitation; mutation analysis; pull down; two hybrid"	"true positive"	""	"Homo sapiens"
"ELMI004565"	"LIG"	"LIG_VCP_VIM_2"	"SELS_HUMAN"	"Q9BQE4"	"Q9BQE4 Q3B771 Q9P0I6"	"78"	"87"	"27407164"	"sequence based prediction"	"true positive"	""	"Homo sapiens"
"ELMI004563"	"LIG"	"LIG_VCP_VIM_2"	"SVIP_HUMAN"	"Q8NHG7"	"Q8NHG7"	"22"	"33"	"21914798"	"alanine scanning; competition binding; isothermal titration calorimetry; pull down"	"true positive"	""	"Homo sapiens"
"ELMI004566"	"LIG"	"LIG_VCP_VIM_2"	"UBXN6_HUMAN"	"Q9BZV1"	"Q9BZV1 D6W626 Q96AH1 Q96IK9 Q9BZV0"	"53"	"63"	"21896481 21914798"	"coimmunoprecipitation; comigration in sds page; mutation analysis; pull down"	"unknown"	""	"Homo sapiens"
"ELMI004562"	"LIG"	"LIG_VCP_VIM_2"	"VMS1_YEAST"	"Q04311"	"Q04311 D6VS36 Q66RH0"	"617"	"628"	"21896481"	"coimmunoprecipitation; mutation analysis"	"true positive"	""	"Saccharomyces cerevisiae S288c"
"ELMI004561"	"LIG"	"LIG_VCP_VIM_2"	"WSS1_YEAST"	"P38838"	"P38838 D3DL83"	"209"	"220"	"24998930"	"mutation analysis; pull down"	"true positive"	""	"Saccharomyces cerevisiae S288c"
"ELMI004564"	"LIG"	"LIG_VCP_VIM_2"	"ZFN2B_HUMAN"	"Q8WV99"	"Q8WV99 Q8NB98"	"143"	"152"	"24160817"	"mutation analysis; surface plasmon resonance; western blot"	"true positive"	""	"Homo sapiens"
"ELMI003328"	"LIG"	"LIG_Vh1_VBS_1"	"B0BXR4_RICRO"	"B0BXR4"	"B0BXR4"	"413"	"431"	"21841197"	"comigration in sds page; confocal microscopy; x-ray crystallography"	"true positive"	"3TJ5"	"Rickettsia rickettsii str. Iowa"
"ELMI003336"	"LIG"	"LIG_Vh1_VBS_1"	"IPAA_SHIFL"	"P18010"	"P18010 Q8VSH8"	"492"	"510"	"21525010"	"comigration in sds page; mutation analysis; surface plasmon resonance; x-ray crystallography"	"true positive"	"3RF3"	"Shigella flexneri"
"ELMI003326"	"LIG"	"LIG_Vh1_VBS_1"	"IPAA_SHIFL"	"P18010"	"P18010 Q8VSH8"	"566"	"584"	"17088427 16826238"	"comigration in sds page; far western blotting; fluorescence technology; mutation analysis; surface plasmon resonance; x-ray crystallography"	"true positive"	"2HSQ"	"Shigella flexneri"
"ELMI003327"	"LIG"	"LIG_Vh1_VBS_1"	"IPAA_SHIFL"	"P18010"	"P18010 Q8VSH8"	"612"	"630"	"17088427 16826238"	"comigration in sds page; far western blotting; fluorescence technology; mutation analysis; surface plasmon resonance; x-ray crystallography"	"true positive"	"2GDC 2GWW"	"Shigella flexneri"
"ELMI003791"	"LIG"	"LIG_Vh1_VBS_1"	"Q824H6_CHLCV"	"Q824H6"	"Q824H6"	"746"	"764"	"26649283"	"colocalization; deletion analysis; necessary binding site"	"true positive"	""	"Chlamydophila caviae GPIC"
"ELMI003792"	"LIG"	"LIG_Vh1_VBS_1"	"Q824H6_CHLCV"	"Q824H6"	"Q824H6"	"806"	"824"	"26649283"	"colocalization; deletion analysis; necessary binding site"	"true positive"	""	"Chlamydophila caviae GPIC"
"ELMI003926"	"LIG"	"LIG_Vh1_VBS_1"	"Q824H6_CHLCV"	"Q824H6"	"Q824H6"	"850"	"868"	"26649283 29710402"	"chromatography technology; colocalization; competition binding; deletion analysis; fluorescence polarization spectroscopy; mutation analysis; necessary binding site; x-ray crystallography"	"true positive"	"6FQ4"	"Chlamydophila caviae GPIC"
"ELMI003335"	"LIG"	"LIG_Vh1_VBS_1"	"TLN1_CHICK"	"P54939"	"P54939 Q8AWI0"	"856"	"874"	"15642262"	"blue native page; nuclear magnetic resonance; x-ray crystallography"	"true positive"	"1U6H"	"Gallus gallus"
"ELMI003329"	"LIG"	"LIG_Vh1_VBS_1"	"TLN1_CHICK"	"P54939"	"P54939 Q8AWI0"	"1949"	"1967"	"16460027 14702644"	"alanine scanning; electron paramagnetic resonance; molecular sieving; x-ray crystallography"	"true positive"	"1RKC 1XWJ"	"Gallus gallus"
"ELMI003325"	"LIG"	"LIG_Vh1_VBS_1"	"TLN1_HUMAN"	"Q9Y490"	"Q9Y490 A6NMY0 Q86YD0 Q9NZQ2 Q9UHH8 Q9UPX3"	"608"	"626"	"15070891"	"surface plasmon resonance; x-ray crystallography"	"true positive"	"1SYQ"	"Homo sapiens"
"ELMI003330"	"LIG"	"LIG_Vh1_VBS_1"	"TLN1_MOUSE"	"P26039"	"P26039 A2AIM8 Q8VEF0"	"608"	"626"	"16135522"	"mutation analysis; peptide array; polyclonal antibody"	"true positive"	""	"Mus musculus"
"ELMI003331"	"LIG"	"LIG_Vh1_VBS_1"	"TLN1_MOUSE"	"P26039"	"P26039 A2AIM8 Q8VEF0"	"856"	"874"	"16135522"	"mutation analysis; peptide array; polyclonal antibody"	"true positive"	""	"Mus musculus"
"ELMI003332"	"LIG"	"LIG_Vh1_VBS_1"	"TLN1_MOUSE"	"P26039"	"P26039 A2AIM8 Q8VEF0"	"1633"	"1651"	"16135522"	"mutation analysis; peptide array; polyclonal antibody; x-ray crystallography"	"true positive"	"1ZW3"	"Mus musculus"
"ELMI003333"	"LIG"	"LIG_Vh1_VBS_1"	"TLN1_MOUSE"	"P26039"	"P26039 A2AIM8 Q8VEF0"	"1950"	"1968"	"16135522"	"mutation analysis; peptide array; polyclonal antibody"	"true positive"	""	"Mus musculus"
"ELMI003334"	"LIG"	"LIG_Vh1_VBS_1"	"TLN1_MOUSE"	"P26039"	"P26039 A2AIM8 Q8VEF0"	"2345"	"2363"	"16135522"	"mutation analysis; peptide array; polyclonal antibody; x-ray crystallography"	"false positive"	"1ZW2"	"Mus musculus"
"ELMI002749"	"LIG"	"LIG_WD40_WDR5_VDV_1"	"KANL2_HUMAN"	"Q9H9L4"	"Q9H9L4 Q8N3B5 Q96CV0 Q9NX51"	"410"	"413"	"24788516"	"isothermal titration calorimetry; mutation analysis; x-ray crystallography"	"true positive"	"4CY2"	"Homo sapiens"
"ELMI002750"	"LIG"	"LIG_WD40_WDR5_VDV_1"	"Q9VAF4_DROME"	"Q9VAF4"	"Q9VAF4 Q95RT2"	"159"	"162"	"24788516"	"anti tag coimmunoprecipitation; isothermal titration calorimetry; mutation analysis; pull down; x-ray crystallography"	"true positive"	"4CY5"	"Drosophila melanogaster"
"ELMI002644"	"LIG"	"LIG_WD40_WDR5_VDV_1"	"RBBP5_MOUSE"	"Q8BX09"	"Q8BX09 Q3TBL4 Q3U3G1 Q6PAP0 Q6PFC2"	"374"	"377"	"20716525"	"isothermal titration calorimetry; mutation analysis; pull down; x-ray crystallography"	"true positive"	"2XL2"	"Mus musculus"
"ELMI002711"	"LIG"	"LIG_WD40_WDR5_VDV_2"	"SWD1_SCHPO"	"O42858"	"O42858"	"371"	"378"	"20716525"	"inferred by curator"	"true positive"	""	"Schizosaccharomyces pombe 972h-"
"ELMI002710"	"LIG"	"LIG_WD40_WDR5_VDV_2"	"SWD1_YEAST"	"P39706"	"P39706 D6VPL8"	"388"	"393"	"20716525"	"inferred by curator"	"true positive"	""	"Saccharomyces cerevisiae S288c"
"ELMI002751"	"LIG"	"LIG_WD40_WDR5_WIN_1"	"KANL1_HUMAN"	"Q7Z3B3"	"Q7Z3B3 A8K5E4 Q6AW85 Q8IYH1 Q9BRH0 Q9NTE7 Q9UFT0 Q9ULF3"	"590"	"596"	"24788516"	"anti tag coimmunoprecipitation; competition binding; isothermal titration calorimetry; mutation analysis; x-ray crystallography"	"true positive"	"4CY1"	"Homo sapiens"
"ELMI002648"	"LIG"	"LIG_WD40_WDR5_WIN_1"	"KMT2B_HUMAN"	"Q9UMN6"	"Q9UMN6 O15022 O95836 Q96GP2 Q96IP3 Q9UK25 Q9Y668 Q9Y669"	"2509"	"2515"	"22665483 22266653"	"coimmunoprecipitation; isothermal titration calorimetry; mutation analysis; x-ray crystallography"	"true positive"	"3UVM 4ERZ"	"Homo sapiens"
"ELMI002647"	"LIG"	"LIG_WD40_WDR5_WIN_1"	"KMT2C_HUMAN"	"Q8NEZ4"	"Q8NEZ4 Q8NC02 Q8NDF6 Q9H9P4 Q9NR13 Q9P222 Q9UDR7"	"4708"	"4714"	"22665483 22266653"	"coimmunoprecipitation; isothermal titration calorimetry; mutation analysis; x-ray crystallography"	"true positive"	"3UVL 4ERY"	"Homo sapiens"
"ELMI002645"	"LIG"	"LIG_WD40_WDR5_WIN_1"	"MLL1_HUMAN"	"Q03164"	"Q03164 Q13743 Q13744 Q14845 Q16364 Q59FF2 Q6UBD1 Q9UD94 Q9UMA3"	"3763"	"3769"	"22665483 22266653 18840606"	"coimmunoprecipitation; competition binding; isothermal titration calorimetry; mutation analysis; pull down; surface plasmon resonance; x-ray crystallography"	"true positive"	"3EMH 4ESG"	"Homo sapiens"
"ELMI002646"	"LIG"	"LIG_WD40_WDR5_WIN_1"	"MLL2_HUMAN"	"O14686"	"O14686 O14687"	"5338"	"5344"	"22665483 22266653"	"coimmunoprecipitation; isothermal titration calorimetry; mutation analysis; x-ray crystallography"	"true positive"	"3UVK 4ERQ"	"Homo sapiens"
"ELMI002649"	"LIG"	"LIG_WD40_WDR5_WIN_1"	"SET1A_HUMAN"	"O15047"	"O15047 A6NP62 Q6PIF3 Q8TAJ6"	"1493"	"1499"	"22665483 22266653"	"coimmunoprecipitation; isothermal titration calorimetry; mutation analysis; x-ray crystallography"	"true positive"	"3UVN 4EWR"	"Homo sapiens"
"ELMI002650"	"LIG"	"LIG_WD40_WDR5_WIN_1"	"SET1B_HUMAN"	"Q9UPS6"	"Q9UPS6 F6MFW1"	"1746"	"1752"	"22665483 22266653"	"coimmunoprecipitation; isothermal titration calorimetry; mutation analysis; x-ray crystallography"	"true positive"	"3UVO 4ES0"	"Homo sapiens"
"ELMI002752"	"LIG"	"LIG_WD40_WDR5_WIN_2"	"A4V2Z1_DROME"	"A4V2Z1"	"A4V2Z1"	"719"	"725"	"24788516"	"anti tag coimmunoprecipitation; mutation analysis; pull down; x-ray crystallography"	"true positive"	"4CY3"	"Drosophila melanogaster"
"ELMI002713"	"LIG"	"LIG_WD40_WDR5_WIN_2"	"SET2_CAEEL"	"Q18221"	"Q18221 Q95QU6 Q95QU7"	"1290"	"1296"	""	"inferred by curator"	"true positive"	""	"Caenorhabditis elegans"
"ELMI002714"	"LIG"	"LIG_WD40_WDR5_WIN_2"	"TRR_DROME"	"Q8IRW8"	"Q8IRW8 O46083 Q8MYR5 Q8T9I7 Q9W548"	"2226"	"2232"	""	"inferred by curator"	"true positive"	""	"Drosophila melanogaster"
"ELMI002712"	"LIG"	"LIG_WD40_WDR5_WIN_2"	"TRX_DROME"	"P20659"	"P20659 A4V2V9 A4V2W0 Q27255 Q27327 Q8INF9 Q960R2 Q9VFL1"	"3525"	"3531"	""	"inferred by curator"	"true positive"	""	"Drosophila melanogaster"
"ELMI002716"	"LIG"	"LIG_WD40_WDR5_WIN_3"	"SET1_CANAL"	"Q5ABG1"	"Q5ABG1"	"812"	"821"	""	"inferred by curator"	"true positive"	""	"Candida albicans SC5314"
"ELMI002715"	"LIG"	"LIG_WD40_WDR5_WIN_3"	"SET1_SCHPO"	"Q9Y7R4"	"Q9Y7R4"	"707"	"716"	""	"inferred by curator"	"true positive"	""	"Schizosaccharomyces pombe 972h-"
"ELMI002717"	"LIG"	"LIG_WD40_WDR5_WIN_3"	"SET1_YEAST"	"P38827"	"P38827 D3DL69"	"834"	"843"	""	"inferred by curator"	"true positive"	""	"Saccharomyces cerevisiae S288c"
"ELMI002695"	"LIG"	"LIG_WH1"	"WIPF1_HUMAN"	"O43516"	"O43516 B8ZZM1 D3DPE4 Q15220 Q53TA9 Q6MZU9 Q9BU37 Q9UNP1"	"451"	"461"	"12372256"	"alanine scanning; mutation analysis; pull down"	"true positive"	""	"Homo sapiens"
"ELMI002696"	"LIG"	"LIG_WH1"	"WIPF2_HUMAN"	"Q8TF74"	"Q8TF74 A8K0L3 Q658J8 Q71RE1 Q8TE44"	"397"	"407"	"12372256"	"mutation analysis; pull down"	"true positive"	""	"Homo sapiens"
"ELMI002697"	"LIG"	"LIG_WH1"	"WIPF3_HUMAN"	"A6NGB9"	"A6NGB9 B8ZZV2"	"420"	"430"	"12372256"	"mutation analysis; pull down"	"true positive"	""	"Homo sapiens"
"ELMI004106"	"LIG"	"LIG_WRC_WIRS_1"	"CAC1D_HUMAN"	"Q01668"	"Q01668 B0FYA3 Q13916 Q13931 Q71UT1 Q9UDC3"	"2033"	"2038"	"24439376"	"pull down"	"true positive"	""	"Homo sapiens"
"ELMI004115"	"LIG"	"LIG_WRC_WIRS_1"	"FAT3_HUMAN"	"Q8TDW7"	"Q8TDW7 B5MDB0 Q96AU6"	"4263"	"4268"	"24439376"	"pull down"	"true positive"	""	"Homo sapiens"
"ELMI004116"	"LIG"	"LIG_WRC_WIRS_1"	"FAT3_HUMAN"	"Q8TDW7"	"Q8TDW7 B5MDB0 Q96AU6"	"4339"	"4344"	"24439376"	"pull down"	"true positive"	""	"Homo sapiens"
"ELMI004107"	"LIG"	"LIG_WRC_WIRS_1"	"LRIG3_HUMAN"	"Q6UXM1"	"Q6UXM1 Q6UXL7 Q8NC72"	"1038"	"1043"	"24439376"	"pull down"	"true positive"	""	"Homo sapiens"
"ELMI004119"	"LIG"	"LIG_WRC_WIRS_1"	"NEO1_HUMAN"	"Q92859"	"Q92859 B7ZKM9 B7ZKN0 O00340 Q17RX1"	"1359"	"1364"	"27029596"	"colocalization; mutation analysis; phenotype-based detection assay"	"true positive"	""	"Homo sapiens"
"ELMI004103"	"LIG"	"LIG_WRC_WIRS_1"	"NLGN1_HUMAN"	"Q8N2Q7"	"Q8N2Q7 D2X2H5 Q9UPT2"	"837"	"842"	"24439376 19628693"	"functional association; phenotype-based detection assay; pull down"	"true positive"	""	"Homo sapiens"
"ELMI004104"	"LIG"	"LIG_WRC_WIRS_1"	"NLGNX_HUMAN"	"Q8N0W4"	"Q8N0W4 Q6UX10 Q9ULG0"	"795"	"800"	"24439376"	"pull down"	"true positive"	""	"Homo sapiens"
"ELMI004120"	"LIG"	"LIG_WRC_WIRS_1"	"NOT_DROME"	"Q9VVR1"	"Q9VVR1 Q95TK9 Q9U6Q9 X2JCK7"	"18"	"23"	"31348003"	"coimmunoprecipitation; mutation analysis; phenotype-based detection assay; pull down"	"false positive"	""	"Drosophila melanogaster"
"ELMI004121"	"LIG"	"LIG_WRC_WIRS_1"	"NOT_DROME"	"Q9VVR1"	"Q9VVR1 Q95TK9 Q9U6Q9 X2JCK7"	"388"	"393"	"31348003"	"coimmunoprecipitation; mutation analysis; phenotype-based detection assay; pull down"	"false positive"	""	"Drosophila melanogaster"
"ELMI004122"	"LIG"	"LIG_WRC_WIRS_1"	"NOT_DROME"	"Q9VVR1"	"Q9VVR1 Q95TK9 Q9U6Q9 X2JCK7"	"406"	"411"	"31348003"	"coimmunoprecipitation; mutation analysis; phenotype-based detection assay; pull down"	"false positive"	""	"Drosophila melanogaster"
"ELMI004109"	"LIG"	"LIG_WRC_WIRS_1"	"PCD10_HUMAN"	"Q9P2E7"	"Q9P2E7 Q4W5F6 Q96SF0"	"955"	"960"	"24439376"	"pull down"	"true positive"	""	"Homo sapiens"
"ELMI004102"	"LIG"	"LIG_WRC_WIRS_1"	"PCD10_HUMAN"	"Q9P2E7"	"Q9P2E7 Q4W5F6 Q96SF0"	"1000"	"1005"	"24439376 24439377"	"comigration in gel electrophoresis; competition binding; functional association; isothermal titration calorimetry; mutation analysis; phenotype-based detection assay; pull down"	"true positive"	""	"Homo sapiens"
"ELMI004110"	"LIG"	"LIG_WRC_WIRS_1"	"PCD12_HUMAN"	"Q9NPG4"	"Q9NPG4 Q6UXB6 Q96KB8 Q9H7Y6 Q9H8E0"	"1087"	"1092"	"24439376"	"pull down"	"true positive"	""	"Homo sapiens"
"ELMI004111"	"LIG"	"LIG_WRC_WIRS_1"	"PCD17_HUMAN"	"O14917"	"O14917 A8K1R5 Q5VVW9 Q5VVX0"	"998"	"1003"	"24439376"	"pull down"	"true positive"	""	"Homo sapiens"
"ELMI004112"	"LIG"	"LIG_WRC_WIRS_1"	"PCD18_HUMAN"	"Q9HCL0"	"Q9HCL0 A8K7K3 B7ZKT1 Q52LS2"	"983"	"988"	"24439376"	"pull down"	"true positive"	""	"Homo sapiens"
"ELMI004113"	"LIG"	"LIG_WRC_WIRS_1"	"PCD19_HUMAN"	"Q8TAB3"	"Q8TAB3 B0LDS4 E9PAM6 Q5JTG1 Q5JTG2 Q68DT7 Q9P2N3"	"1015"	"1020"	"24439376"	"pull down"	"true positive"	""	"Homo sapiens"
"ELMI004114"	"LIG"	"LIG_WRC_WIRS_1"	"PCDA6_HUMAN"	"Q9UN73"	"Q9UN73 O75283 Q9NRT8"	"913"	"918"	"24439376"	"pull down"	"true positive"	""	"Homo sapiens"
"ELMI004108"	"LIG"	"LIG_WRC_WIRS_1"	"PCDH8_HUMAN"	"O95206"	"O95206 B4DMV7 Q5TAN1 Q5TAN2 Q8IYE9 Q96SF1"	"984"	"989"	"24439376"	"pull down"	"true positive"	""	"Homo sapiens"
"ELMI004118"	"LIG"	"LIG_WRC_WIRS_1"	"Q5HZI5_MOUSE"	"Q5HZI5"	"Q5HZI5"	"996"	"1001"	"25199687"	"mutation analysis; phenotype-based detection assay; pull down"	"true positive"	""	"Mus musculus"
"ELMI004123"	"LIG"	"LIG_WRC_WIRS_1"	"Q9VIC7_DROME"	"Q9VIC7"	"Q9VIC7"	"1186"	"1191"	"29537369"	"functional association; mutation analysis; phenotype-based detection assay; pull down"	"true positive"	""	"Drosophila melanogaster"
"ELMI004105"	"LIG"	"LIG_WRC_WIRS_1"	"ROBO1_HUMAN"	"Q9Y6N7"	"Q9Y6N7 D3DU36 Q7Z300 Q9BUS7"	"1050"	"1055"	"24439376"	"pull down"	"true positive"	""	"Homo sapiens"
"ELMI004117"	"LIG"	"LIG_WRC_WIRS_1"	"SYG1_CAEEL"	"B1Q236"	"B1Q236 H2L0B4"	"669"	"674"	"24439377"	"competition binding; functional association; mutation analysis; phenotype-based detection assay; pull down; sequence based prediction"	"true positive"	""	"Caenorhabditis elegans"
"ELMI000643"	"LIG"	"LIG_WRPW_1"	"DPN_DROME"	"Q26263"	"Q26263 Q9V384"	"432"	"435"	"10022895"	"not specified"	"true positive"	""	"Drosophila melanogaster"
"ELMI000644"	"LIG"	"LIG_WRPW_1"	"ESM3_DROME"	"Q01068"	"Q01068 Q5S455 Q5S479 Q5S4J9"	"221"	"224"	"10022895"	"not specified"	"true positive"	""	"Drosophila melanogaster"
"ELMI000645"	"LIG"	"LIG_WRPW_1"	"ESM5_DROME"	"P13096"	"P13096 Q56K28 Q56K51 Q56K70 Q56K88 Q56K96 Q56KF0 Q56KF1 Q56KG3 Q56KH0 Q56KI0 Q56KJ4 Q56KK0 Q56KQ1 Q56KQ5 Q56KS5 Q56KV2 Q56KV5 Q56KV7 Q56KW6 Q56KX1 Q56KZ8 Q5S489 Q5S4I5 Q5S4J7 Q9VBI8"	"175"	"178"	"10022895"	"not specified"	"true positive"	""	"Drosophila melanogaster"
"ELMI000646"	"LIG"	"LIG_WRPW_1"	"ESM7_DROME"	"P13097"	"P13097 Q5S487 Q5S4J5 Q9VBI6"	"183"	"186"	"10022895"	"not specified"	"true positive"	""	"Drosophila melanogaster"
"ELMI000648"	"LIG"	"LIG_WRPW_1"	"ESM8_DROME"	"P13098"	"P13098 Q0IGQ3 Q2XYK0 Q5S426 Q5S462 Q5S474 Q5S4H0 Q5S4I2 Q9VBI5"	"176"	"179"	"10022895"	"not specified"	"true positive"	""	"Drosophila melanogaster"
"ELMI000649"	"LIG"	"LIG_WRPW_1"	"ESMB_DROME"	"Q01069"	"Q01069 Q01906 Q540X9 Q5S4K3 Q9VBJ0"	"192"	"195"	"10022895"	"not specified"	"true positive"	""	"Drosophila melanogaster"
"ELMI000650"	"LIG"	"LIG_WRPW_1"	"ESMC_DROME"	"Q01070"	"Q01070 Q01898 Q5S4K4"	"202"	"205"	"10022895"	"not specified"	"true positive"	""	"Drosophila melanogaster"
"ELMI000651"	"LIG"	"LIG_WRPW_1"	"ESMD_DROME"	"Q01071"	"Q01071 Q01897 Q4V723 Q56MT6 Q56MU1 Q56MU3 Q56MU4 Q56MU6 Q56MU8 Q56MV0 Q56MV5 Q56MV6 Q56MW2 Q56MW7 Q56MW9 Q56MX9 Q56MY0 Q56MY1 Q56N19 Q56N23 Q5S485 Q5S4A9 Q5S4K5"	"170"	"173"	"10022895"	"not specified"	"true positive"	""	"Drosophila melanogaster"
"ELMI000652"	"LIG"	"LIG_WRPW_1"	"HAIR_DROME"	"P14003"	"P14003 A4V1N7 Q95NH3 Q95NU9 Q9VSN8"	"334"	"337"	"10022895"	"not specified"	"true positive"	""	"Drosophila melanogaster"
"ELMI000655"	"LIG"	"LIG_WRPW_1"	"HES1_HUMAN"	"Q14469"	"Q14469 Q6FHB2"	"275"	"280"	"12972610"	"coimmunoprecipitation; mutation analysis"	"true positive"	""	"Homo sapiens"
"ELMI000658"	"LIG"	"LIG_WRPW_1"	"HES2_HUMAN"	"Q9Y543"	"Q9Y543 Q96EN4 Q9Y542"	"170"	"173"	"10022895"	"not specified"	"true positive"	""	"Homo sapiens"
"ELMI000703"	"LIG"	"LIG_WRPW_1"	"HES6_HUMAN"	"Q96HZ4"	"Q96HZ4 A8KAP6 Q53SN9 Q8N2J2 Q96T93 Q9P2S3"	"221"	"224"	"10022895"	"not specified"	"true positive"	""	"Homo sapiens"
"ELMI000707"	"LIG"	"LIG_WRPW_1"	"HES7_HUMAN"	"Q9BYE0"	"Q9BYE0"	"221"	"225"	"10022895"	"not specified"	"true positive"	""	"Homo sapiens"
"ELMI000666"	"LIG"	"LIG_WRPW_1"	"HEY1_HUMAN"	"Q9Y5J3"	"Q9Y5J3 B2R883 Q5TZS3 Q8NAM2 Q9NYP4"	"294"	"304"	"10022895"	"not specified"	"true positive"	""	"Homo sapiens"
"ELMI000733"	"LIG"	"LIG_WRPW_1"	"HEY2_HUMAN"	"Q9UBP5"	"Q9UBP5"	"327"	"337"	"10022895"	"not specified"	"true positive"	""	"Homo sapiens"
"ELMI000737"	"LIG"	"LIG_WRPW_1"	"LOZEN_DROME"	"Q9W349"	"Q9W349 Q24183 Q9NHX9"	"823"	"826"	"10022895"	"not specified"	"true positive"	""	"Drosophila melanogaster"
"ELMI000748"	"LIG"	"LIG_WRPW_1"	"RUNT_DROME"	"P22814"	"P22814 A0AVT9 O76551 Q6SD78 Q7KPD6 Q8MRF4 Q9TVG1 Q9TVZ7 Q9TZQ9 Q9TZR0 Q9VRB6"	"507"	"510"	"10022895"	"not specified"	"true positive"	""	"Drosophila melanogaster"
"ELMI000741"	"LIG"	"LIG_WRPW_1"	"RUNX1_HUMAN"	"Q01196"	"Q01196 A8MV94 B2RMS4 D3DSG1 O60472 O60473 O76047 O76089 Q13081 Q13755 Q13756 Q13757 Q13758 Q13759 Q15341 Q15343 Q16122 Q16284 Q16285 Q16286 Q16346 Q16347 Q92479"	"450"	"453"	"10022895"	"not specified"	"true positive"	""	"Homo sapiens"
"ELMI000744"	"LIG"	"LIG_WRPW_1"	"RUNX2_HUMAN"	"Q13950"	"Q13950 O14614 O14615 O95181"	"518"	"521"	"10022895"	"not specified"	"true positive"	""	"Homo sapiens"
"ELMI000746"	"LIG"	"LIG_WRPW_1"	"RUNX3_HUMAN"	"Q13761"	"Q13761 Q12969 Q13760"	"412"	"415"	"10022895"	"not specified"	"true positive"	""	"Homo sapiens"
"ELMI002698"	"LIG"	"LIG_WRPW_2"	"Q9VN10_DROME"	"Q9VN10"	"Q9VN10"	"16"	"19"	"10433905"	"glutathione s tranferase tag; mutation analysis; pull down; two hybrid"	"true positive"	""	"Drosophila melanogaster"
"ELMI002699"	"LIG"	"LIG_WRPW_2"	"Q9XTN4_DROME"	"Q9XTN4"	"Q9XTN4"	"461"	"464"	"11159907"	"glutathione s tranferase tag; mutation analysis; pull down"	"true positive"	""	"Drosophila melanogaster"
"ELMI002438"	"LIG"	"LIG_WW_1"	"AMOT_HUMAN"	"Q4VCS5"	"Q4VCS5 Q504X5 Q9HD27 Q9UPT1"	"239"	"242"	"21205866"	"coimmunoprecipitation; glutathione s tranferase tag; mutation analysis; pull down"	"true positive"	""	"Homo sapiens"
"ELMI001767"	"LIG"	"LIG_WW_1"	"CAPSP_ADE02"	"P03276"	"P03276"	"12"	"15"	"12450395"	"coimmunoprecipitation; far western blotting; mutation analysis; surface plasmon resonance"	"true positive"	""	"Human adenovirus 2"
"ELMI004242"	"LIG"	"LIG_WW_1"	"D0V559_TOXGO"	"D0V559"	"D0V559"	"364"	"367"	"28848228"	"coimmunoprecipitation; mutation analysis"	"true positive"	""	"Toxoplasma gondii"
"ELMI001104"	"LIG"	"LIG_WW_1"	"DAG1_HUMAN"	"Q14118"	"Q14118 A8K6M7 Q969J9"	"889"	"892"	"10932245"	"x-ray crystallography"	"true positive"	"1EG4"	"Homo sapiens"
"ELMI002135"	"LIG"	"LIG_WW_1"	"ERBB4_HUMAN"	"Q15303"	"Q15303 B7ZLD7 B7ZLE2 B7ZLE3 Q2M1W1 Q59EW4"	"1053"	"1056"	"18334649"	"coimmunoprecipitation; confocal microscopy; glutathione s tranferase tag; mutation analysis; pull down"	"true positive"	""	"Homo sapiens"
"ELMI002291"	"LIG"	"LIG_WW_1"	"GAG_HTL1A"	"P03345"	"P03345 Q85589"	"118"	"121"	"14998512"	"classical fluorescence spectroscopy; over expressed level"	"true positive"	""	"Human T-cell lymphotrophic virus type 1 (strain ATK)"
"ELMI001761"	"LIG"	"LIG_WW_1"	"GAG_MPMV"	"P07567"	"P07567"	"202"	"205"	"12915562"	"electron microscopy; mutation analysis"	"unknown"	""	"Mason-Pfizer monkey virus"
"ELMI001762"	"LIG"	"LIG_WW_1"	"GAG_RSVP"	"P03322"	"P03322"	"172"	"175"	"8764091 10074190"	"mutation analysis"	"unknown"	""	"Rous sarcoma virus - Prague C"
"ELMI002458"	"LIG"	"LIG_WW_1"	"JUNB_MOUSE"	"P09450"	"P09450 Q8C2G9"	"176"	"179"	"11828324"	"anti tag coimmunoprecipitation; coimmunoprecipitation; glutathione s tranferase tag; mutation analysis; pull down; ubiquitinase assay"	"true positive"	""	"Mus musculus"
"ELMI002457"	"LIG"	"LIG_WW_1"	"JUN_MOUSE"	"P05627"	"P05627"	"167"	"170"	"16901904 11828324 15469925"	"coimmunoprecipitation; colocalization; mutation analysis; ubiquitinase assay"	"true positive"	""	"Mus musculus"
"ELMI001763"	"LIG"	"LIG_WW_1"	"LMP2_EBVB9"	"P13285"	"P13285 Q777H4 Q8AZK9"	"57"	"60"	"17437719"	"isothermal titration calorimetry; nuclear magnetic resonance"	"true positive"	"2JO9"	"Human herpesvirus 4 (strain B95-8)"
"ELMI001764"	"LIG"	"LIG_WW_1"	"LMP2_EBVB9"	"P13285"	"P13285 Q777H4 Q8AZK9"	"98"	"101"	"11046148"	"coimmunoprecipitation; mutation analysis; pull down"	"true positive"	""	"Human herpesvirus 4 (strain B95-8)"
"ELMI001765"	"LIG"	"LIG_WW_1"	"MATRX_RABVS"	"P16287"	"P16287 A3F5R7 Q6HA96"	"35"	"38"	"18667490"	"electron microscopy; mutation analysis"	"unknown"	""	"Rabies virus SAD B19"
"ELMI001766"	"LIG"	"LIG_WW_1"	"MATRX_VSIVA"	"P03519"	"P03519"	"24"	"27"	"16188963"	"mutation analysis"	"unknown"	""	"Vesicular stomatitis Indiana virus strain San Juan"
"ELMI002263"	"LIG"	"LIG_WW_1"	"P63_MOUSE"	"O88898"	"O88898 O88897 O88899 O89097 Q8C826 Q9QWY9 Q9QWZ0"	"540"	"543"	"11278685"	"glutathione s tranferase tag; pull down"	"true positive"	""	"Mus musculus"
"ELMI002262"	"LIG"	"LIG_WW_1"	"P73_HUMAN"	"O15350"	"O15350 B7Z9C1 O15351 Q17RN8 Q5TBV5 Q5TBV6 Q8NHW9 Q8TDY5 Q8TDY6 Q9NTK8"	"484"	"487"	"11278685 15678106"	"anti tag coimmunoprecipitation; coimmunoprecipitation; glutathione s tranferase tag; his tag; mutation analysis; pull down; ubiquitinase assay"	"true positive"	""	"Homo sapiens"
"ELMI002170"	"LIG"	"LIG_WW_1"	"SCNNA_HUMAN"	"P37088"	"P37088 A5X2U9 B4E2Q5 C5HTZ0 O43271 Q6GSQ6 Q9UM64"	"641"	"644"	"17502380"	"anti tag coimmunoprecipitation; coimmunoprecipitation; mutation analysis; rna interference; ubiquitinase assay; western blot"	"true positive"	""	"Homo sapiens"
"ELMI002168"	"LIG"	"LIG_WW_1"	"SCNNB_HUMAN"	"P51168"	"P51168 C5HTZ2 O60891 Q96KG2 Q9UJ32 Q9UMU5"	"617"	"620"	"17502380"	"anti tag coimmunoprecipitation; mutation analysis; rna interference; ubiquitinase assay; western blot"	"true positive"	""	"Homo sapiens"
"ELMI002169"	"LIG"	"LIG_WW_1"	"SCNNG_HUMAN"	"P51170"	"P51170 P78437 Q6PCC2 Q93023 Q93024 Q93025 Q93026 Q93027 Q96TD2"	"624"	"627"	"17502380"	"anti tag coimmunoprecipitation; mutation analysis; rna interference; ubiquitinase assay; western blot"	"true positive"	""	"Homo sapiens"
"ELMI002171"	"LIG"	"LIG_WW_1"	"SCNNG_RAT"	"P37091"	"P37091"	"625"	"628"	"16716084"	"competition binding; glutathione s tranferase tag; mutation analysis; pull down; surface plasmon resonance"	"true positive"	""	"Rattus norvegicus"
"ELMI002134"	"LIG"	"LIG_WW_1"	"SMAD1_HUMAN"	"Q15797"	"Q15797 A8KAJ0 D3DNZ9 Q16636"	"224"	"227"	"21685363"	"nuclear magnetic resonance"	"true positive"	"2LB1"	"Homo sapiens"
"ELMI001768"	"LIG"	"LIG_WW_1"	"UL56_HHV2H"	"P28282"	"P28282"	"23"	"26"	"18353951"	"classical fluorescence spectroscopy; coimmunoprecipitation; mutation analysis; two hybrid; western blot"	"true positive"	""	"Human herpesvirus 2 strain HG52"
"ELMI001769"	"LIG"	"LIG_WW_1"	"UL56_HHV2H"	"P28282"	"P28282"	"49"	"52"	"18353951"	"classical fluorescence spectroscopy; coimmunoprecipitation; mutation analysis; two hybrid; western blot"	"true positive"	""	"Human herpesvirus 2 strain HG52"
"ELMI001770"	"LIG"	"LIG_WW_1"	"VP40_EBOZM"	"Q05128"	"Q05128"	"10"	"13"	"11095724"	"mutation analysis; ubiquitinase assay; western blot"	"true positive"	""	"Ebola virus - Mayinga, Zaire, 1976"
"ELMI001771"	"LIG"	"LIG_WW_1"	"VP40_MABVM"	"P35260"	"P35260 Q38L43 Q6T6U1 Q6T6U8"	"16"	"19"	"19812267"	"confocal microscopy; glutathione s tranferase tag; mutation analysis; pull down"	"true positive"	""	"Marburg virus - Musoke, Kenya, 1980"
"ELMI001732"	"LIG"	"LIG_WW_1"	"VP8_BTV10"	"P08363"	"P08363"	"36"	"39"	"16352570"	"glutathione s tranferase tag; mutation analysis; pull down; western blot"	"true positive"	""	"Bluetongue virus (serotype 10 / American isolate)"
"ELMI000004"	"LIG"	"LIG_WW_1"	"WBP1_MOUSE"	"P97764"	"P97764 Q8WUP5 Q99J20"	"173"	"176"	"7644498"	"pull down"	"true positive"	""	"Mus musculus"
"ELMI001772"	"LIG"	"LIG_WW_1"	"Z_LASSJ"	"O73557"	"O73557"	"94"	"97"	"12970458"	"mutation analysis"	"unknown"	""	"Lassa virus Josiah"
"ELMI001773"	"LIG"	"LIG_WW_1"	"Z_LYCVA"	"P18541"	"P18541 Q49K85"	"85"	"88"	"14563923"	"mutation analysis; western blot"	"unknown"	""	"Lymphocytic choriomeningitis virus (strain Armstrong)"
"ELMI002700"	"LIG"	"LIG_WW_2"	"ENAH_MOUSE"	"Q03173"	"Q03173 P70430 P70431 P70432 P70433 Q5D053"	"602"	"605"	"9407065"	"anti tag coimmunoprecipitation; competition binding; far western blotting; glutathione s tranferase tag; mutation analysis; peptide array; pull down"	"true positive"	""	"Mus musculus"
"ELMI002701"	"LIG"	"LIG_WW_2"	"FMN1_MOUSE"	"Q05860"	"Q05860 A2AFY9 A2AFZ0 Q05859"	"877"	"880"	"9171351 8605874"	"alanine scanning; competition binding; far western blotting; glutathione s tranferase tag; pull down"	"true positive"	""	"Mus musculus"
"ELMI002702"	"LIG"	"LIG_WW_2"	"SF01_MOUSE"	"Q64213"	"Q64213 E9QK02 O08817 P70167 Q61454 Q921Z4"	"575"	"578"	"9171351"	"far western blotting; surface plasmon resonance"	"true positive"	""	"Mus musculus"
"ELMI002703"	"LIG"	"LIG_WW_3"	"WBP11_MOUSE"	"Q923D5"	"Q923D5 O88539 Q3UMD8 Q8VDI0"	"482"	"486"	"19592703 10744724"	"anti tag coimmunoprecipitation; competition binding; far western blotting; glutathione s tranferase tag; isothermal titration calorimetry; mutation analysis; pull down"	"true positive"	""	"Mus musculus"
"ELMI004736"	"MOD"	"MOD_AAK1BIKe_LxxQxTG_1"	"AP2M1_HUMAN"	"Q96CW1"	"Q96CW1 A6NE12 D3DNT1 P20172 P53679"	"151"	"157"	"11877457 33137362"	"affinity chromatography technology; detection by mass spectrometry; protein kinase assay"	"true positive"	""	"Homo sapiens"
"ELMI004720"	"MOD"	"MOD_AAK1BIKe_LxxQxTG_1"	"PAN1_YEAST"	"P32521"	"P32521 D6VVT6"	"165"	"171"	"9885245"	"autoradiography; glutathione s tranferase tag; molecular weight estimation by coomasie staining; over expressed level; protein kinase assay; sequence based prediction"	"true positive"	""	"Saccharomyces cerevisiae S288c"
"ELMI004721"	"MOD"	"MOD_AAK1BIKe_LxxQxTG_1"	"PAN1_YEAST"	"P32521"	"P32521 D6VVT6"	"216"	"222"	"9885245"	"autoradiography; glutathione s tranferase tag; molecular weight estimation by coomasie staining; over expressed level; protein kinase assay; sequence based prediction"	"true positive"	""	"Saccharomyces cerevisiae S288c"
"ELMI004722"	"MOD"	"MOD_AAK1BIKe_LxxQxTG_1"	"PAN1_YEAST"	"P32521"	"P32521 D6VVT6"	"393"	"399"	"9885245"	"autoradiography; glutathione s tranferase tag; molecular weight estimation by coomasie staining; over expressed level; protein kinase assay; sequence based prediction"	"true positive"	""	"Saccharomyces cerevisiae S288c"
"ELMI004723"	"MOD"	"MOD_AAK1BIKe_LxxQxTG_1"	"PAN1_YEAST"	"P32521"	"P32521 D6VVT6"	"410"	"416"	"9885245"	"autoradiography; glutathione s tranferase tag; molecular weight estimation by coomasie staining; over expressed level; protein kinase assay; sequence based prediction"	"true positive"	""	"Saccharomyces cerevisiae S288c"
"ELMI004724"	"MOD"	"MOD_AAK1BIKe_LxxQxTG_1"	"PAN1_YEAST"	"P32521"	"P32521 D6VVT6"	"447"	"453"	"9885245"	"autoradiography; glutathione s tranferase tag; molecular weight estimation by coomasie staining; over expressed level; protein kinase assay; sequence based prediction"	"true positive"	""	"Saccharomyces cerevisiae S288c"
"ELMI004725"	"MOD"	"MOD_AAK1BIKe_LxxQxTG_1"	"PAN1_YEAST"	"P32521"	"P32521 D6VVT6"	"468"	"474"	"9885245"	"autoradiography; glutathione s tranferase tag; molecular weight estimation by coomasie staining; over expressed level; protein kinase assay; sequence based prediction"	"true positive"	""	"Saccharomyces cerevisiae S288c"
"ELMI004726"	"MOD"	"MOD_AAK1BIKe_LxxQxTG_1"	"PAN1_YEAST"	"P32521"	"P32521 D6VVT6"	"499"	"505"	"9885245"	"autoradiography; glutathione s tranferase tag; molecular weight estimation by coomasie staining; over expressed level; protein kinase assay; sequence based prediction"	"true positive"	""	"Saccharomyces cerevisiae S288c"
"ELMI004727"	"MOD"	"MOD_AAK1BIKe_LxxQxTG_1"	"PAN1_YEAST"	"P32521"	"P32521 D6VVT6"	"508"	"514"	"9885245"	"autoradiography; glutathione s tranferase tag; molecular weight estimation by coomasie staining; over expressed level; protein kinase assay; sequence based prediction"	"true positive"	""	"Saccharomyces cerevisiae S288c"
"ELMI004728"	"MOD"	"MOD_AAK1BIKe_LxxQxTG_1"	"PAN1_YEAST"	"P32521"	"P32521 D6VVT6"	"539"	"545"	"9885245"	"autoradiography; glutathione s tranferase tag; molecular weight estimation by coomasie staining; over expressed level; protein kinase assay; sequence based prediction"	"true positive"	""	"Saccharomyces cerevisiae S288c"
"ELMI004729"	"MOD"	"MOD_AAK1BIKe_LxxQxTG_1"	"PAN1_YEAST"	"P32521"	"P32521 D6VVT6"	"546"	"552"	"9885245"	"autoradiography; glutathione s tranferase tag; molecular weight estimation by coomasie staining; over expressed level; protein kinase assay; sequence based prediction"	"true positive"	""	"Saccharomyces cerevisiae S288c"
"ELMI004730"	"MOD"	"MOD_AAK1BIKe_LxxQxTG_1"	"PAN1_YEAST"	"P32521"	"P32521 D6VVT6"	"565"	"571"	"9885245"	"autoradiography; glutathione s tranferase tag; molecular weight estimation by coomasie staining; mutation analysis; mutation disrupting interaction; over expressed level; peptide synthesis; protein kinase assay; sequence based prediction"	"true positive"	""	"Saccharomyces cerevisiae S288c"
"ELMI004731"	"MOD"	"MOD_AAK1BIKe_LxxQxTG_1"	"SLA1_SCHPO"	"O13736"	"O13736"	"1011"	"1017"	"11739778"	"chromatography technology; coimmunoprecipitation; electrophoretic mobility shift assay; fluorescence microscopy; glutathione s tranferase tag; protein kinase assay; sequence based prediction; two hybrid"	"true positive"	""	"Schizosaccharomyces pombe 972h-"
"ELMI004732"	"MOD"	"MOD_AAK1BIKe_LxxQxTG_1"	"SLA1_SCHPO"	"O13736"	"O13736"	"1104"	"1110"	"11739778"	"chromatography technology; coimmunoprecipitation; electrophoretic mobility shift assay; fluorescence microscopy; glutathione s tranferase tag; protein kinase assay; sequence based prediction; two hybrid"	"true positive"	""	"Schizosaccharomyces pombe 972h-"
"ELMI004733"	"MOD"	"MOD_AAK1BIKe_LxxQxTG_1"	"SLA1_SCHPO"	"O13736"	"O13736"	"1118"	"1124"	"11739778"	"chromatography technology; coimmunoprecipitation; electrophoretic mobility shift assay; fluorescence microscopy; glutathione s tranferase tag; protein kinase assay; sequence based prediction; two hybrid"	"true positive"	""	"Schizosaccharomyces pombe 972h-"
"ELMI004734"	"MOD"	"MOD_AAK1BIKe_LxxQxTG_1"	"SLA1_SCHPO"	"O13736"	"O13736"	"1168"	"1174"	"11739778"	"chromatography technology; coimmunoprecipitation; electrophoretic mobility shift assay; fluorescence microscopy; glutathione s tranferase tag; protein kinase assay; sequence based prediction; two hybrid"	"true positive"	""	"Schizosaccharomyces pombe 972h-"
"ELMI004735"	"MOD"	"MOD_AAK1BIKe_LxxQxTG_1"	"SLA1_SCHPO"	"O13736"	"O13736"	"1234"	"1240"	"11739778"	"chromatography technology; coimmunoprecipitation; electrophoretic mobility shift assay; fluorescence microscopy; glutathione s tranferase tag; protein kinase assay; sequence based prediction; two hybrid"	"true positive"	""	"Schizosaccharomyces pombe 972h-"
"ELMI002738"	"MOD"	"MOD_ASX_betaOH_EGF"	"FA10_BOVIN"	"P00743"	"P00743"	"101"	"112"	"6688526"	"inferred by author"	"true positive"	""	"Bos taurus"
"ELMI002737"	"MOD"	"MOD_ASX_betaOH_EGF"	"FA10_HUMAN"	"P00742"	"P00742 Q14340"	"101"	"112"	"6688526"	"inferred by author"	"true positive"	""	"Homo sapiens"
"ELMI002736"	"MOD"	"MOD_ASX_betaOH_EGF"	"FA7_BOVIN"	"P22457"	"P22457 A6H6Y5 Q58DL3"	"101"	"112"	"6688526"	"edman degradation"	"true positive"	""	"Bos taurus"
"ELMI002735"	"MOD"	"MOD_ASX_betaOH_EGF"	"FA9_BOVIN"	"P00741"	"P00741"	"62"	"73"	"6688526"	"edman degradation"	"true positive"	""	"Bos taurus"
"ELMI002734"	"MOD"	"MOD_ASX_betaOH_EGF"	"FA9_HUMAN"	"P00740"	"P00740 A8K9N4 Q5JYJ8"	"108"	"119"	"6688526"	"edman degradation"	"true positive"	""	"Homo sapiens"
"ELMI002739"	"MOD"	"MOD_ASX_betaOH_EGF"	"PROC_BOVIN"	"P00745"	"P00745"	"108"	"119"	"6688526"	"inferred by author"	"true positive"	""	"Bos taurus"
"ELMI002604"	"MOD"	"MOD_CAAXbox"	"CDC42_HUMAN"	"P60953"	"P60953 P21181 P25763 Q7L8R5 Q9UDI2"	"188"	"191"	"9677305"	"geranylgeranylase assay; inhibitor"	"true positive"	""	"Homo sapiens"
"ELMI002605"	"MOD"	"MOD_CAAXbox"	"CDC42_RAT"	"Q8CFN2"	"Q8CFN2 Q6P9Y3 Q71TW5"	"188"	"191"	"15451670"	"x-ray crystallography"	"true positive"	"1TNZ"	"Rattus norvegicus"
"ELMI003436"	"MOD"	"MOD_CAAXbox"	"LMNB1_HUMAN"	"P20700"	"P20700 B2R6J6 Q3SYN7 Q96EI6"	"583"	"586"	"23650370"	"isotope label; mutation analysis; phenotype-based detection assay"	"true positive"	""	"Homo sapiens"
"ELMI003441"	"MOD"	"MOD_CAAXbox"	"MFA1_YEAST"	"P34165"	"P34165 D6VT85"	"33"	"36"	"3056940"	"detection by mass spectrometry"	"true positive"	""	"Saccharomyces cerevisiae S288c"
"ELMI003787"	"MOD"	"MOD_CAAXbox"	"Q5WSS0_LEGPL"	"Q5WSS0"	"Q5WSS0"	"526"	"529"	"20813839"	"farnesylation reaction; western blot"	"true positive"	""	"Legionella pneumophila str. Lens"
"ELMI003445"	"MOD"	"MOD_CAAXbox"	"Q5WTP6_LEGPL"	"Q5WTP6"	"Q5WTP6"	"196"	"199"	"20813839"	"farnesylation reaction; inhibitor; mutation analysis"	"true positive"	""	"Legionella pneumophila str. Lens"
"ELMI003447"	"MOD"	"MOD_CAAXbox"	"Q5ZSH6_LEGPH"	"Q5ZSH6"	"Q5ZSH6"	"274"	"277"	"20813839"	"inhibitor; mutation analysis; phenotype-based detection assay"	"true positive"	""	"Legionella pneumophila subsp. pneumophila str. Philadelphia 1"
"ELMI003786"	"MOD"	"MOD_CAAXbox"	"Q5ZSJ2_LEGPH"	"Q5ZSJ2"	"Q5ZSJ2"	"441"	"444"	"20813839"	"farnesylation reaction; geranylgeranylation reaction"	"true positive"	""	"Legionella pneumophila subsp. pneumophila str. Philadelphia 1"
"ELMI003446"	"MOD"	"MOD_CAAXbox"	"Q5ZSZ1_LEGPH"	"Q5ZSZ1"	"Q5ZSZ1"	"154"	"157"	"20813839"	"geranylgeranylation reaction; inhibitor; mutation analysis"	"true positive"	""	"Legionella pneumophila subsp. pneumophila str. Philadelphia 1"
"ELMI003443"	"MOD"	"MOD_CAAXbox"	"Q5ZTL7_LEGPH"	"Q5ZTL7"	"Q5ZTL7"	"169"	"172"	"20660614"	"deletion analysis; farnesylation reaction; inhibitor; mutation analysis; phenotype-based detection assay"	"true positive"	""	"Legionella pneumophila subsp. pneumophila str. Philadelphia 1"
"ELMI003444"	"MOD"	"MOD_CAAXbox"	"Q5ZYV7_LEGPH"	"Q5ZYV7"	"Q5ZYV7"	"186"	"189"	"20813839"	"inhibitor; mutation analysis"	"true positive"	""	"Legionella pneumophila subsp. pneumophila str. Philadelphia 1"
"ELMI003437"	"MOD"	"MOD_CAAXbox"	"RASH_HUMAN"	"P01112"	"P01112 B5BUA0 Q14080 Q6FHV9 Q9BR65 Q9UCE2"	"186"	"189"	"2661017"	"deletion analysis; inhibitor; isotope label; mutation analysis"	"true positive"	""	"Homo sapiens"
"ELMI003442"	"MOD"	"MOD_CAAXbox"	"RASH_MSVHA"	"P01115"	"P01115 O40604"	"238"	"241"	"6096132"	"mutation analysis; phenotype-based detection assay"	"true positive"	""	"Harvey murine sarcoma virus"
"ELMI003440"	"MOD"	"MOD_CAAXbox"	"RASK_HUMAN"	"P01116-2"	"P01116 A8K8Z5 B0LPF9 P01118 Q96D10"	"185"	"188"	"2661017"	"isotope label; mutation analysis; x-ray crystallography"	"true positive"	"1D8D"	"Homo sapiens"
"ELMI003439"	"MOD"	"MOD_CAAXbox"	"RASK_HUMAN"	"P01116"	"P01116 A8K8Z5 B0LPF9 P01118 Q96D10"	"186"	"189"	"2661017"	"inferred by author"	"true positive"	""	"Homo sapiens"
"ELMI003438"	"MOD"	"MOD_CAAXbox"	"RASN_HUMAN"	"P01111"	"P01111 Q14971 Q15104 Q15282"	"186"	"189"	"2661017"	"chromatography technology; isotope label"	"true positive"	""	"Homo sapiens"
"ELMI003448"	"MOD"	"MOD_CAAXbox"	"SIFA_SALTY"	"Q56061"	"Q56061"	"333"	"336"	"15710609"	"deletion analysis; inhibitor; isotope label; mutation analysis; phenotype-based detection assay"	"true positive"	""	"Salmonella enterica subsp. enterica serovar Typhimurium str. LT2"
"ELMI004320"	"MOD"	"MOD_CDC14_SPxK_1"	"ACM1_YEAST"	"Q08981"	"Q08981 D6W3A3"	"3"	"6"	"26256689 26085509 22117071"	"coimmunoprecipitation; detection by mass spectrometry; mutation analysis; phosphatase assay"	"true positive"	""	"Saccharomyces cerevisiae S288c"
"ELMI004321"	"MOD"	"MOD_CDC14_SPxK_1"	"ACM1_YEAST"	"Q08981"	"Q08981 D6W3A3"	"31"	"34"	"24631283 26256689 22072794 22117071"	"coimmunoprecipitation; detection by mass spectrometry; mutation analysis; phosphatase assay"	"true positive"	""	"Saccharomyces cerevisiae S288c"
"ELMI004322"	"MOD"	"MOD_CDC14_SPxK_1"	"ACM1_YEAST"	"Q08981"	"Q08981 D6W3A3"	"48"	"51"	"22072794 22117071"	"coimmunoprecipitation; detection by mass spectrometry; mutation analysis; phosphatase assay"	"true positive"	""	"Saccharomyces cerevisiae S288c"
"ELMI004323"	"MOD"	"MOD_CDC14_SPxK_1"	"ACM1_YEAST"	"Q08981"	"Q08981 D6W3A3"	"102"	"105"	"22117071"	"coimmunoprecipitation; mutation analysis"	"true positive"	""	"Saccharomyces cerevisiae S288c"
"ELMI004360"	"MOD"	"MOD_CDC14_SPxK_1"	"ASE1_SCHPO"	"Q9HDY1"	"Q9HDY1"	"640"	"643"	"19686686"	"phosphatase assay"	"true positive"	""	"Schizosaccharomyces pombe 972h-"
"ELMI004361"	"MOD"	"MOD_CDC14_SPxK_1"	"ASE1_SCHPO"	"Q9HDY1"	"Q9HDY1"	"683"	"686"	"19686686"	"phosphatase assay"	"true positive"	""	"Schizosaccharomyces pombe 972h-"
"ELMI004362"	"MOD"	"MOD_CDC14_SPxK_1"	"ASE1_SCHPO"	"Q9HDY1"	"Q9HDY1"	"688"	"691"	"19686686"	"phosphatase assay"	"true positive"	""	"Schizosaccharomyces pombe 972h-"
"ELMI004363"	"MOD"	"MOD_CDC14_SPxK_1"	"ASE1_SCHPO"	"Q9HDY1"	"Q9HDY1"	"693"	"696"	"19686686"	"phosphatase assay"	"true positive"	""	"Schizosaccharomyces pombe 972h-"
"ELMI004334"	"MOD"	"MOD_CDC14_SPxK_1"	"BUD3_YEAST"	"P25558"	"P25558 D6VQZ9 P25556 P25557 P87007"	"1549"	"1552"	"24319056"	"detection by mass spectrometry; identification by antibody; phenotype-based detection assay; phosphatase assay"	"true positive"	""	"Saccharomyces cerevisiae S288c"
"ELMI004331"	"MOD"	"MOD_CDC14_SPxK_1"	"CDC6_YEAST"	"P09119"	"P09119 D6VVZ7"	"43"	"46"	"22117071"	"detection by mass spectrometry; phosphatase assay"	"true positive"	""	"Saccharomyces cerevisiae"
"ELMI004332"	"MOD"	"MOD_CDC14_SPxK_1"	"CDC6_YEAST"	"P09119"	"P09119 D6VVZ7"	"372"	"375"	"22117071"	"detection by mass spectrometry; phosphatase assay"	"true positive"	""	"Saccharomyces cerevisiae"
"ELMI004324"	"MOD"	"MOD_CDC14_SPxK_1"	"CDH1_YEAST"	"P53197"	"P53197 D6VUD5"	"16"	"19"	"10074450 22117071"	"detection by mass spectrometry; mutation analysis; phenotype-based detection assay; phosphatase assay"	"true positive"	""	"Saccharomyces cerevisiae S288c"
"ELMI004325"	"MOD"	"MOD_CDC14_SPxK_1"	"CDH1_YEAST"	"P53197"	"P53197 D6VUD5"	"42"	"45"	"10074450 22117071"	"detection by mass spectrometry; mutation analysis; phenotype-based detection assay; phosphatase assay"	"true positive"	""	"Saccharomyces cerevisiae S288c"
"ELMI004350"	"MOD"	"MOD_CDC14_SPxK_1"	"CDH1_YEAST"	"P53197"	"P53197 D6VUD5"	"227"	"230"	"10074450"	"mutation analysis; phenotype-based detection assay; phosphatase assay"	"true positive"	""	"Saccharomyces cerevisiae S288c"
"ELMI004326"	"MOD"	"MOD_CDC14_SPxK_1"	"CDH1_YEAST"	"P53197"	"P53197 D6VUD5"	"239"	"242"	"26256689 10074450 22117071"	"detection by mass spectrometry; mutation analysis; phenotype-based detection assay; phosphatase assay"	"true positive"	""	"Saccharomyces cerevisiae S288c"
"ELMI004351"	"MOD"	"MOD_CDC14_SPxK_1"	"CDH1_YEAST"	"P53197"	"P53197 D6VUD5"	"436"	"439"	"10074450"	"mutation analysis; phenotype-based detection assay; phosphatase assay"	"true positive"	""	"Saccharomyces cerevisiae S288c"
"ELMI004342"	"MOD"	"MOD_CDC14_SPxK_1"	"CHS2_YEAST"	"P14180"	"P14180 D6VQ38"	"14"	"17"	"22072794"	"coimmunoprecipitation; detection by mass spectrometry; over expressed level; phenotype-based detection assay; phosphatase assay; tandem affinity purification"	"true positive"	""	"Saccharomyces cerevisiae S288c"
"ELMI004343"	"MOD"	"MOD_CDC14_SPxK_1"	"CHS2_YEAST"	"P14180"	"P14180 D6VQ38"	"60"	"63"	"22072794"	"coimmunoprecipitation; detection by mass spectrometry; over expressed level; phenotype-based detection assay; phosphatase assay; tandem affinity purification"	"true positive"	""	"Saccharomyces cerevisiae S288c"
"ELMI004344"	"MOD"	"MOD_CDC14_SPxK_1"	"CHS2_YEAST"	"P14180"	"P14180 D6VQ38"	"69"	"72"	"22072794"	"coimmunoprecipitation; detection by mass spectrometry; over expressed level; phenotype-based detection assay; phosphatase assay; tandem affinity purification"	"true positive"	""	"Saccharomyces cerevisiae S288c"
"ELMI004345"	"MOD"	"MOD_CDC14_SPxK_1"	"CHS2_YEAST"	"P14180"	"P14180 D6VQ38"	"100"	"103"	"22072794"	"coimmunoprecipitation; detection by mass spectrometry; over expressed level; phenotype-based detection assay; phosphatase assay; tandem affinity purification"	"true positive"	""	"Saccharomyces cerevisiae S288c"
"ELMI004327"	"MOD"	"MOD_CDC14_SPxK_1"	"FIN1_YEAST"	"Q03898"	"Q03898 D6VSB6"	"36"	"39"	"22117071"	"detection by mass spectrometry; phosphatase assay"	"true positive"	""	"Saccharomyces cerevisiae S288c"
"ELMI004328"	"MOD"	"MOD_CDC14_SPxK_1"	"FIN1_YEAST"	"Q03898"	"Q03898 D6VSB6"	"54"	"57"	"22117071"	"detection by mass spectrometry; phosphatase assay"	"true positive"	""	"Saccharomyces cerevisiae S288c"
"ELMI004329"	"MOD"	"MOD_CDC14_SPxK_1"	"FIN1_YEAST"	"Q03898"	"Q03898 D6VSB6"	"117"	"120"	"22117071"	"detection by mass spectrometry; phosphatase assay"	"true positive"	""	"Saccharomyces cerevisiae S288c"
"ELMI004330"	"MOD"	"MOD_CDC14_SPxK_1"	"FIN1_YEAST"	"Q03898"	"Q03898 D6VSB6"	"148"	"151"	"22117071"	"detection by mass spectrometry; phosphatase assay"	"true positive"	""	"Saccharomyces cerevisiae S288c"
"ELMI004347"	"MOD"	"MOD_CDC14_SPxK_1"	"IQG1_YEAST"	"Q12280"	"Q12280 D6W3C9"	"7"	"10"	"26085509"	"coimmunoprecipitation; mutation analysis; phosphatase assay"	"true positive"	""	"Saccharomyces cerevisiae S288c"
"ELMI004348"	"MOD"	"MOD_CDC14_SPxK_1"	"IQG1_YEAST"	"Q12280"	"Q12280 D6W3C9"	"354"	"357"	"26085509"	"coimmunoprecipitation; mutation analysis; phosphatase assay"	"true positive"	""	"Saccharomyces cerevisiae S288c"
"ELMI004349"	"MOD"	"MOD_CDC14_SPxK_1"	"IQG1_YEAST"	"Q12280"	"Q12280 D6W3C9"	"404"	"407"	"26085509"	"coimmunoprecipitation; mutation analysis; phosphatase assay"	"true positive"	""	"Saccharomyces cerevisiae S288c"
"ELMI004357"	"MOD"	"MOD_CDC14_SPxK_1"	"KLP9_SCHPO"	"Q1MTQ7"	"Q1MTQ7"	"598"	"601"	"19686686"	"phosphatase assay"	"true positive"	""	"Schizosaccharomyces pombe 972h-"
"ELMI004358"	"MOD"	"MOD_CDC14_SPxK_1"	"KLP9_SCHPO"	"Q1MTQ7"	"Q1MTQ7"	"605"	"608"	"19686686"	"phosphatase assay"	"true positive"	""	"Schizosaccharomyces pombe 972h-"
"ELMI004359"	"MOD"	"MOD_CDC14_SPxK_1"	"KLP9_SCHPO"	"Q1MTQ7"	"Q1MTQ7"	"611"	"614"	"19686686"	"phosphatase assay"	"true positive"	""	"Schizosaccharomyces pombe 972h-"
"ELMI004346"	"MOD"	"MOD_CDC14_SPxK_1"	"LIMA1_HUMAN"	"Q9UHB6"	"Q9UHB6 B2RB09 Q2TAN7 Q59FE8 Q9BVF2 Q9H8J1 Q9HBN5 Q9NX96 Q9NXC3 Q9NXU6 Q9P0H8 Q9UHB5"	"374"	"377"	"28465438"	"biotin tag; coimmunoprecipitation; detection by mass spectrometry; pull down"	"true positive"	""	"Homo sapiens"
"ELMI004336"	"MOD"	"MOD_CDC14_SPxK_1"	"SECU_YEAST"	"P40316"	"P40316 D6VS98"	"71"	"74"	"24631283 22072794"	"detection by mass spectrometry; phosphatase assay"	"true positive"	""	"Saccharomyces cerevisiae S288c"
"ELMI004364"	"MOD"	"MOD_CDC14_SPxK_1"	"SFI1_YEAST"	"Q12369"	"Q12369 D6VY00"	"801"	"804"	"24954044"	"mutation disrupting interaction; phosphatase assay"	"true positive"	""	"Saccharomyces cerevisiae S288c"
"ELMI004365"	"MOD"	"MOD_CDC14_SPxK_1"	"SFI1_YEAST"	"Q12369"	"Q12369 D6VY00"	"855"	"858"	"24954044"	"mutation disrupting interaction; phosphatase assay"	"true positive"	""	"Saccharomyces cerevisiae S288c"
"ELMI004366"	"MOD"	"MOD_CDC14_SPxK_1"	"SFI1_YEAST"	"Q12369"	"Q12369 D6VY00"	"882"	"885"	"24954044"	"mutation disrupting interaction; phosphatase assay"	"true positive"	""	"Saccharomyces cerevisiae S288c"
"ELMI004367"	"MOD"	"MOD_CDC14_SPxK_1"	"SFI1_YEAST"	"Q12369"	"Q12369 D6VY00"	"892"	"895"	"24954044"	"mutation disrupting interaction; phosphatase assay"	"true positive"	""	"Saccharomyces cerevisiae S288c"
"ELMI004355"	"MOD"	"MOD_CDC14_SPxK_1"	"SIC1_YEAST"	"P38634"	"P38634 D6VY79"	"76"	"79"	"9885559"	"coimmunoprecipitation; mutation analysis; phosphatase assay"	"true positive"	""	"Saccharomyces cerevisiae S288c"
"ELMI004333"	"MOD"	"MOD_CDC14_SPxK_1"	"SMC4_YEAST"	"Q12267"	"Q12267 D6VY86"	"128"	"131"	"24319056"	"detection by mass spectrometry; identification by antibody; phenotype-based detection assay; phosphatase assay"	"true positive"	""	"Saccharomyces cerevisiae S288c"
"ELMI004356"	"MOD"	"MOD_CDC14_SPxK_1"	"SP110_YEAST"	"P32380"	"P32380 D6VSY5"	"36"	"39"	"27852625"	"mutation analysis; phenotype-based detection assay; phosphatase assay"	"true positive"	""	"Saccharomyces cerevisiae S288c"
"ELMI004352"	"MOD"	"MOD_CDC14_SPxK_1"	"SWI5_YEAST"	"P08153"	"P08153 D6VSC9 E9P945"	"522"	"525"	"9885559"	"mutation analysis; phenotype-based detection assay; phosphatase assay"	"true positive"	""	"Saccharomyces cerevisiae"
"ELMI004353"	"MOD"	"MOD_CDC14_SPxK_1"	"SWI5_YEAST"	"P08153"	"P08153 D6VSC9 E9P945"	"646"	"649"	"9885559"	"mutation analysis; phenotype-based detection assay; phosphatase assay"	"true positive"	""	"Saccharomyces cerevisiae"
"ELMI004354"	"MOD"	"MOD_CDC14_SPxK_1"	"SWI5_YEAST"	"P08153"	"P08153 D6VSC9 E9P945"	"664"	"667"	"9885559"	"mutation analysis; phenotype-based detection assay; phosphatase assay"	"true positive"	""	"Saccharomyces cerevisiae"
"ELMI004335"	"MOD"	"MOD_CDC14_SPxK_1"	"SWI6_YEAST"	"P09959"	"P09959 D6VYI6"	"160"	"163"	"24631283 14993267 22072794"	"detection by mass spectrometry; mutation disrupting interaction; over expressed level; phenotype-based detection assay; phosphatase assay"	"true positive"	""	"Saccharomyces cerevisiae S288c"
"ELMI004337"	"MOD"	"MOD_CDC14_SPxK_1"	"YEN1_YEAST"	"P40028"	"P40028 D3DLU1 Q02463"	"67"	"70"	"24631283"	"coimmunoprecipitation; detection by mass spectrometry; mutation analysis; over expressed level; phosphatase assay"	"true positive"	""	"Saccharomyces cerevisiae S288c"
"ELMI004338"	"MOD"	"MOD_CDC14_SPxK_1"	"YEN1_YEAST"	"P40028"	"P40028 D3DLU1 Q02463"	"500"	"503"	"24631283"	"coimmunoprecipitation; detection by mass spectrometry; mutation analysis; over expressed level; phosphatase assay"	"true positive"	""	"Saccharomyces cerevisiae S288c"
"ELMI004339"	"MOD"	"MOD_CDC14_SPxK_1"	"YEN1_YEAST"	"P40028"	"P40028 D3DLU1 Q02463"	"583"	"586"	"24631283"	"coimmunoprecipitation; detection by mass spectrometry; mutation analysis; over expressed level; phosphatase assay"	"true positive"	""	"Saccharomyces cerevisiae S288c"
"ELMI004340"	"MOD"	"MOD_CDC14_SPxK_1"	"YEN1_YEAST"	"P40028"	"P40028 D3DLU1 Q02463"	"655"	"658"	"24631283"	"coimmunoprecipitation; detection by mass spectrometry; mutation analysis; over expressed level; phosphatase assay"	"true positive"	""	"Saccharomyces cerevisiae S288c"
"ELMI004341"	"MOD"	"MOD_CDC14_SPxK_1"	"YEN1_YEAST"	"P40028"	"P40028 D3DLU1 Q02463"	"679"	"682"	"24631283"	"coimmunoprecipitation; detection by mass spectrometry; mutation analysis; over expressed level; phosphatase assay"	"true positive"	""	"Saccharomyces cerevisiae S288c"
"ELMI003233"	"MOD"	"MOD_CDK_SPK_2"	"ANDR_HUMAN"	"P10275"	"P10275 A0A0B4J1T2 A2RUN2 B1AKD7 C0JKD3 C0JKD4 E7EVX6 Q9UD95"	"80"	"85"	"17043241"	"alanine scanning; identification by antibody; inhibitor"	"true positive"	""	"Homo sapiens"
"ELMI003243"	"MOD"	"MOD_CDK_SPK_2"	"CABL1_MOUSE"	"Q9ESJ1"	"Q9ESJ1 E9QNI6 Q9EPR8"	"271"	"276"	"11733001"	"Two dimensional phosphopeptide mapping; coimmunoprecipitation; mutation analysis; protein kinase assay; protein kinase assay; western blot"	"true positive"	""	"Mus musculus"
"ELMI003234"	"MOD"	"MOD_CDK_SPK_2"	"CASP9_HUMAN"	"P55211"	"P55211 O95348 Q53Y70 Q5JRU9 Q92852 Q9BQ62 Q9UEQ3 Q9UIJ8"	"122"	"127"	"17466630"	"alanine scanning; inhibitor; protein kinase assay; western blot"	"true positive"	""	"Homo sapiens"
"ELMI003230"	"MOD"	"MOD_CDK_SPK_2"	"CEP55_HUMAN"	"Q53EZ4"	"Q53EZ4 B2RDG8 Q32WF5 Q3MV20 Q5VY28 Q6N034 Q96H32 Q9NVS7"	"422"	"427"	"16198290"	"alanine scanning; detection by mass spectrometry; electrophoretic mobility supershift assay; phosphoamino acid analysis; protein kinase assay; protein kinase assay"	"true positive"	""	"Homo sapiens"
"ELMI003231"	"MOD"	"MOD_CDK_SPK_2"	"DLGP5_HUMAN"	"Q15398"	"Q15398 A8MTM6 B4DRM8 Q86T11 Q8NG58"	"326"	"331"	"15145941"	"alanine scanning; coimmunoprecipitation; detection by mass spectrometry; fluorescence technology; inhibitor; protein kinase assay; protein kinase assay"	"true positive"	""	"Homo sapiens"
"ELMI003232"	"MOD"	"MOD_CDK_SPK_2"	"DLGP5_HUMAN"	"Q15398"	"Q15398 A8MTM6 B4DRM8 Q86T11 Q8NG58"	"636"	"641"	"15145941"	"alanine scanning; coimmunoprecipitation; detection by mass spectrometry; fluorescence technology; inhibitor; protein kinase assay; protein kinase assay"	"true positive"	""	"Homo sapiens"
"ELMI003236"	"MOD"	"MOD_CDK_SPK_2"	"DNMT1_HUMAN"	"P26358"	"P26358 A0AV63 B7ZLW6 Q9UHG5 Q9ULA2 Q9UMZ6"	"151"	"156"	"21565170"	"alanine scanning; detection by mass spectrometry; identification by antibody; inhibitor; protein kinase assay; protein kinase assay; western blot"	"true positive"	""	"Homo sapiens"
"ELMI003246"	"MOD"	"MOD_CDK_SPK_2"	"ERBB3_RAT"	"Q62799"	"Q62799 Q62955"	"1117"	"1122"	"12824184"	"alanine scanning; detection by mass spectrometry; fluorescence technology; protein kinase assay; protein kinase assay; western blot"	"true positive"	""	"Rattus norvegicus"
"ELMI003245"	"MOD"	"MOD_CDK_SPK_2"	"EZRI_HUMAN"	"P15311"	"P15311 E1P5A8 P23714 Q4VX75 Q96CU8 Q9NSJ4"	"232"	"237"	"12769842"	"alanine scanning; fluorescence technology; protein kinase assay; protein kinase assay"	"true positive"	""	"Homo sapiens"
"ELMI003235"	"MOD"	"MOD_CDK_SPK_2"	"MCM3_MOUSE"	"P25206"	"P25206 Q61492"	"109"	"114"	"18524952"	"identification by antibody; inhibitor; mutation analysis; protein kinase assay; protein kinase assay"	"true positive"	""	"Mus musculus"
"ELMI003237"	"MOD"	"MOD_CDK_SPK_2"	"MYOD1_MOUSE"	"P10085"	"P10085 Q8C6B1"	"197"	"202"	"10082583"	"Two dimensional phosphopeptide mapping; electrophoretic mobility supershift assay; mutation analysis; protein kinase assay; protein kinase assay"	"true positive"	""	"Mus musculus"
"ELMI003238"	"MOD"	"MOD_CDK_SPK_2"	"NPM_HUMAN"	"P06748"	"P06748 A8K3N7 B5BU00 D3DQL6 P08693 Q12826 Q13440 Q13441 Q14115 Q5EU94 Q5EU95 Q5EU96 Q5EU97 Q5EU98 Q5EU99 Q6V962 Q8WTW5 Q96AT6 Q96DC4 Q96EA5 Q9BYG9 Q9UDJ7"	"216"	"221"	"12058066"	"alanine scanning; electrophoretic mobility supershift assay; mutation analysis; protein kinase assay; protein kinase assay"	"true positive"	""	"Homo sapiens"
"ELMI003239"	"MOD"	"MOD_CDK_SPK_2"	"NPM_HUMAN"	"P06748"	"P06748 A8K3N7 B5BU00 D3DQL6 P08693 Q12826 Q13440 Q13441 Q14115 Q5EU94 Q5EU95 Q5EU96 Q5EU97 Q5EU98 Q5EU99 Q6V962 Q8WTW5 Q96AT6 Q96DC4 Q96EA5 Q9BYG9 Q9UDJ7"	"234"	"239"	"12058066"	"alanine scanning; electrophoretic mobility supershift assay; mutation analysis; protein kinase assay; protein kinase assay"	"true positive"	""	"Homo sapiens"
"ELMI003240"	"MOD"	"MOD_CDK_SPK_2"	"P3C2A_HUMAN"	"O00443"	"O00443 B0LPH2 B4E2G4 Q14CQ9"	"256"	"261"	"12719431"	"alanine scanning; de novo protein sequencing by mass spectrometry; electrophoretic mobility supershift assay; inhibitor; protein kinase assay; protein kinase assay; western blot"	"true positive"	""	"Homo sapiens"
"ELMI003244"	"MOD"	"MOD_CDK_SPK_2"	"PELP1_HUMAN"	"Q8IZL8"	"Q8IZL8 O15450 Q5EGN3 Q6NTE6 Q96FT1 Q9BU60"	"474"	"479"	"20807815"	"coimmunoprecipitation; glutathione s tranferase tag; mutation analysis; protein kinase assay; protein kinase assay; pull down; two hybrid"	"true positive"	""	"Homo sapiens"
"ELMI003241"	"MOD"	"MOD_CDK_SPK_2"	"PPR1A_RAT"	"P19103"	"P19103 Q6DSU5"	"64"	"69"	"11278334"	"Two dimensional phosphopeptide mapping; alanine scanning; detection by mass spectrometry; identification by antibody; protein kinase assay; protein kinase assay; western blot"	"true positive"	""	"Rattus norvegicus"
"ELMI003257"	"MOD"	"MOD_CDK_SPK_2"	"RB_HUMAN"	"P06400"	"P06400 A8K5E3 P78499 Q5VW46 Q8IZL4"	"249"	"254"	"1756735"	"Two dimensional phosphopeptide mapping; detection by mass spectrometry; edman degradation; phosphoamino acid analysis; protein kinase assay; protein kinase assay"	"true positive"	""	"Homo sapiens"
"ELMI003242"	"MOD"	"MOD_CDK_SPK_2"	"TBB5_MOUSE"	"P99024"	"P99024 B1B178 P05218 Q3TFB6 Q3THH9 Q3TIL1 Q3UAV4 Q3UF52 Q8WUC1 Q9CY33"	"169"	"174"	"16371510"	"alanine scanning; inhibitor; protein kinase assay; protein kinase assay; western blot"	"true positive"	""	"Mus musculus"
"ELMI003247"	"MOD"	"MOD_CDK_SPxK_1"	"APC_HUMAN"	"P25054"	"P25054 D3DT03 Q15162 Q15163 Q93042"	"1357"	"1363"	"19703905"	"alanine scanning; coimmunoprecipitation; mutation analysis; protein kinase assay"	"true positive"	""	"Homo sapiens"
"ELMI001052"	"MOD"	"MOD_CDK_SPxK_1"	"BEM1_YEAST"	"P29366"	"P29366 D6VQJ6"	"48"	"54"	"16230527"	"mutation analysis"	"true positive"	""	"Saccharomyces cerevisiae"
"ELMI001053"	"MOD"	"MOD_CDK_SPxK_1"	"BEM1_YEAST"	"P29366"	"P29366 D6VQJ6"	"69"	"75"	"16230527"	"mutation analysis"	"true positive"	""	"Saccharomyces cerevisiae"
"ELMI003261"	"MOD"	"MOD_CDK_SPxK_1"	"BORA_HUMAN"	"Q6PGQ7"	"Q6PGQ7 Q5W0P3 Q5W0P4 Q86YC6 Q96IW9 Q9H640"	"322"	"328"	"25742493"	"alanine scanning; inhibitor; knock out; protein kinase assay; western blot"	"true positive"	""	"Homo sapiens"
"ELMI003262"	"MOD"	"MOD_CDK_SPxK_1"	"CDC6_HUMAN"	"Q99741"	"Q99741 Q8TB30"	"71"	"77"	"16707497"	"circular dichroism; x-ray crystallography"	"true positive"	"2CCI"	"Homo sapiens"
"ELMI001054"	"MOD"	"MOD_CDK_SPxK_1"	"CDC6_YEAST"	"P09119"	"P09119 D6VVZ7"	"40"	"46"	"11532947"	"mutation analysis; two hybrid"	"true positive"	""	"Saccharomyces cerevisiae"
"ELMI001055"	"MOD"	"MOD_CDK_SPxK_1"	"CDC6_YEAST"	"P09119"	"P09119 D6VVZ7"	"369"	"375"	"11532947"	"mutation analysis; two hybrid"	"true positive"	""	"Saccharomyces cerevisiae"
"ELMI002138"	"MOD"	"MOD_CDK_SPxK_1"	"CDN1B_HUMAN"	"P46527"	"P46527 Q16307 Q5U0H2 Q9BUS6"	"184"	"190"	"16209941"	"detection by mass spectrometry; western blot"	"true positive"	""	"Homo sapiens"
"ELMI002606"	"MOD"	"MOD_CDK_SPxK_1"	"CDN1C_HUMAN"	"P49918"	"P49918"	"307"	"313"	"12925736"	"mutation analysis; ubiquitinase assay"	"true positive"	""	"Homo sapiens"
"ELMI002607"	"MOD"	"MOD_CDK_SPxK_1"	"CDN1C_MOUSE"	"P49919"	"P49919"	"339"	"345"	"12925736"	"interologs; sequence based prediction"	"true positive"	""	"Mus musculus"
"ELMI003253"	"MOD"	"MOD_CDK_SPxK_1"	"DLG1_HUMAN"	"Q12959"	"Q12959 A5YKK7 B7ZMM0 B9EIQ5 D3DXB8 D3DXB9 Q12958"	"155"	"161"	"19066288"	"alanine scanning; coimmunoprecipitation; electrophoretic mobility supershift assay; identification by antibody; inhibitor; protein kinase assay; protein kinase assay; western blot"	"true positive"	""	"Homo sapiens"
"ELMI003254"	"MOD"	"MOD_CDK_SPxK_1"	"DLG1_HUMAN"	"Q12959"	"Q12959 A5YKK7 B7ZMM0 B9EIQ5 D3DXB8 D3DXB9 Q12958"	"440"	"446"	"19066288"	"alanine scanning; coimmunoprecipitation; electrophoretic mobility supershift assay; identification by antibody; inhibitor; protein kinase assay; protein kinase assay; western blot"	"true positive"	""	"Homo sapiens"
"ELMI003248"	"MOD"	"MOD_CDK_SPxK_1"	"DPOLM_HUMAN"	"Q9NP87"	"Q9NP87 D3DVK4 Q6P5X8 Q86WQ9"	"369"	"375"	"23933132"	"alanine scanning; detection by mass spectrometry; mutation analysis; protein kinase assay; protein kinase assay"	"true positive"	""	"Homo sapiens"
"ELMI003249"	"MOD"	"MOD_CDK_SPxK_1"	"HIF1A_HUMAN"	"Q16665"	"Q16665 Q53XP6 Q96PT9 Q9UPB1"	"665"	"671"	"24189531"	"alanine scanning; glutathione s tranferase tag; protein kinase assay; protein kinase assay; pull down; western blot"	"true positive"	""	"Homo sapiens"
"ELMI003250"	"MOD"	"MOD_CDK_SPxK_1"	"MCL1_HUMAN"	"Q07820"	"Q07820 B2R6B2 D3DV03 D3DV04 Q9HD91 Q9NRQ3 Q9NRQ4 Q9UHR7 Q9UHR8 Q9UHR9 Q9UNJ1"	"89"	"95"	"20526282"	"alanine scanning; coimmunoprecipitation; detection by mass spectrometry; inhibitor; polyclonal antibody; western blot"	"true positive"	""	"Homo sapiens"
"ELMI002187"	"MOD"	"MOD_CDK_SPxK_1"	"MEF2A_HUMAN"	"Q02078"	"Q02078 O43814 Q14223 Q14224 Q96D14"	"405"	"411"	"12691662"	"mutation analysis; protein kinase assay; protein kinase assay"	"true positive"	""	"Homo sapiens"
"ELMI002188"	"MOD"	"MOD_CDK_SPxK_1"	"MEF2D_HUMAN"	"Q14814"	"Q14814 D3DVC0 Q14815 Q5T9U5 Q5T9U6"	"441"	"447"	"12691662"	"mutation analysis; protein kinase assay"	"true positive"	""	"Homo sapiens"
"ELMI002592"	"MOD"	"MOD_CDK_SPxK_1"	"ODFP2_HUMAN"	"Q5BJF6-3"	"Q5BJF6 B1AND3 B4DRK4 B4DX73 B4DZ02 E7EWL2 F5H6J4 O14721 O60631 Q1W2J6 Q6UN26 Q7Z5I6 Q96FN2"	"793"	"799"	"19386263"	"inhibitor; protein kinase assay"	"true positive"	""	"Homo sapiens"
"ELMI003255"	"MOD"	"MOD_CDK_SPxK_1"	"ORC2_HUMAN"	"Q13416"	"Q13416 Q13204 Q53TX5"	"113"	"119"	"22334659"	"alanine scanning; detection by mass spectrometry; identification by antibody; inhibitor; protein kinase assay; protein kinase assay; rna interference"	"true positive"	""	"Homo sapiens"
"ELMI003258"	"MOD"	"MOD_CDK_SPxK_1"	"RB_HUMAN"	"P06400"	"P06400 A8K5E3 P78499 Q5VW46 Q8IZL4"	"249"	"255"	"1756735"	"Two dimensional phosphopeptide mapping; detection by mass spectrometry; edman degradation; phosphoamino acid analysis; protein kinase assay; protein kinase assay"	"true positive"	""	"Homo sapiens"
"ELMI003259"	"MOD"	"MOD_CDK_SPxK_1"	"RB_HUMAN"	"P06400"	"P06400 A8K5E3 P78499 Q5VW46 Q8IZL4"	"370"	"376"	"1756735"	"Two dimensional phosphopeptide mapping; detection by mass spectrometry; edman degradation; phosphoamino acid analysis; protein kinase assay; protein kinase assay"	"true positive"	""	"Homo sapiens"
"ELMI003260"	"MOD"	"MOD_CDK_SPxK_1"	"RB_HUMAN"	"P06400"	"P06400 A8K5E3 P78499 Q5VW46 Q8IZL4"	"808"	"814"	"1756735"	"Two dimensional phosphopeptide mapping; detection by mass spectrometry; edman degradation; phosphoamino acid analysis; protein kinase assay; protein kinase assay"	"true positive"	""	"Homo sapiens"
"ELMI003252"	"MOD"	"MOD_CDK_SPxK_1"	"RUNX2_HUMAN"	"Q13950-2"	"Q13950 O14614 O14615 O95181"	"448"	"454"	"16407259"	"alanine scanning; coimmunoprecipitation; inhibitor; protein kinase assay; protein kinase assay"	"true positive"	""	"Homo sapiens"
"ELMI000825"	"MOD"	"MOD_CDK_SPxK_1"	"SRC_HUMAN"	"P12931"	"P12931 E1P5V4 Q76P87 Q86VB9 Q9H5A8"	"72"	"78"	"10544291"	"antisense RNA"	"true positive"	""	"Homo sapiens"
"ELMI003450"	"MOD"	"MOD_CDK_SPxK_1"	"WEE1_HUMAN"	"P30291"	"P30291 B3KVE1 D3DQV0"	"120"	"126"	"15070733 23051732"	"electrophoretic mobility shift assay; electrophoretic mobility-based method; inhibitor; mutation analysis; protein kinase assay; protein kinase assay"	"true positive"	""	"Homo sapiens"
"ELMI003449"	"MOD"	"MOD_CDK_SPxK_1"	"WEE1_HUMAN"	"P30291"	"P30291 B3KVE1 D3DQV0"	"136"	"142"	"23051732"	"identification by antibody; inhibitor; mutation analysis; protein kinase assay"	"true positive"	""	"Homo sapiens"
"ELMI003222"	"MOD"	"MOD_CDK_SPxxK_3"	"A4_RAT"	"P08592-2"	"P08592 Q547B7"	"665"	"672"	"8131745"	"phosphoamino acid analysis; protein kinase assay; protein kinase assay; western blot"	"true positive"	""	"Rattus norvegicus"
"ELMI003221"	"MOD"	"MOD_CDK_SPxxK_3"	"APEX1_MOUSE"	"P28352"	"P28352"	"229"	"236"	"20473298"	"alanine scanning; inhibitor; protein kinase assay; protein kinase assay; western blot"	"true positive"	""	"Mus musculus"
"ELMI003224"	"MOD"	"MOD_CDK_SPxxK_3"	"APLP2_HUMAN"	"Q06481"	"Q06481 B3KXX9 H7BXI4 Q13861 Q14594 Q14662 Q71U10 Q7M4L3 Q9BT36"	"733"	"740"	"9109675"	"Two dimensional phosphopeptide mapping; protein kinase assay; protein kinase assay; western blot"	"true positive"	""	"Homo sapiens"
"ELMI003207"	"MOD"	"MOD_CDK_SPxxK_3"	"CASP8_HUMAN"	"Q14790"	"Q14790 O14676 Q14791 Q14792 Q14793 Q14794 Q14795 Q14796 Q15780 Q15806 Q53TT5 Q8TDI1 Q8TDI2 Q8TDI3 Q8TDI4 Q8TDI5 Q96T22 Q9C0K4 Q9UQ81"	"384"	"391"	"20937773"	"alanine scanning; inhibitor; phosphoamino acid analysis; protein kinase assay; protein kinase assay; western blot"	"true positive"	""	"Homo sapiens"
"ELMI003228"	"MOD"	"MOD_CDK_SPxxK_3"	"CD5R1_HUMAN"	"Q15078"	"Q15078 E1P664 Q5U0G3"	"5"	"12"	"17121855"	"Two dimensional phosphopeptide mapping; mutation analysis; western blot"	"true positive"	""	"Homo sapiens"
"ELMI003213"	"MOD"	"MOD_CDK_SPxxK_3"	"CDK9_HUMAN"	"P50750"	"P50750 Q5JU24 Q5JU25 Q5U006 Q96TF1"	"87"	"94"	"23140174"	"alanine scanning; protein kinase assay; protein kinase assay; western blot"	"true positive"	""	"Homo sapiens"
"ELMI003214"	"MOD"	"MOD_CDK_SPxxK_3"	"CDN1A_MOUSE"	"P39689"	"P39689"	"75"	"82"	"21325496"	"comigration in gel electrophoresis; detection by mass spectrometry; mutation analysis"	"true positive"	""	"Mus musculus"
"ELMI003251"	"MOD"	"MOD_CDK_SPxxK_3"	"CKAP2_HUMAN"	"Q8WWK9"	"Q8WWK9 A2BDE0 A5YM58 Q3KRA5 Q5VXB4 Q8IWV5 Q8IWV6 Q96FH9 Q9H012 Q9H0D0 Q9H988 Q9HC49 Q9NVG4"	"620"	"627"	"19369249"	"alanine scanning; fluorescence-activated cell sorting; identification by antibody; inhibitor; mutation analysis; protein kinase assay; protein kinase assay; western blot"	"true positive"	""	"Homo sapiens"
"ELMI003223"	"MOD"	"MOD_CDK_SPxxK_3"	"CSKP_MOUSE"	"O70589"	"O70589 A2ADP8 A2ADP9 A2ADQ4 O70588 Q3UW92"	"392"	"399"	"18054859"	"alanine scanning; colocalization; detection by mass spectrometry; phosphoamino acid analysis; protein kinase assay; protein kinase assay"	"true positive"	""	"Mus musculus"
"ELMI003209"	"MOD"	"MOD_CDK_SPxxK_3"	"DDX3Y_MOUSE"	"Q62095"	"Q62095 Q9QWS9"	"200"	"207"	"17379183"	"mutation analysis; protein kinase assay; western blot"	"true positive"	""	"Mus musculus"
"ELMI003210"	"MOD"	"MOD_CDK_SPxxK_3"	"EF2K_HUMAN"	"O00418"	"O00418 Q8N588"	"356"	"363"	"18337751"	"inhibitor; mutation analysis; protein kinase assay; protein kinase assay; western blot"	"true positive"	""	"Homo sapiens"
"ELMI003225"	"MOD"	"MOD_CDK_SPxxK_3"	"ESYT1_HUMAN"	"Q9BSJ8"	"Q9BSJ8 A0FGR7 A8K2S2 O94848 Q6PJN4 Q9H6J1 Q9H6W2 Q9Y416"	"321"	"328"	"19255425"	"alanine scanning; inhibitor; protein kinase assay"	"true positive"	""	"Homo sapiens"
"ELMI003226"	"MOD"	"MOD_CDK_SPxxK_3"	"HTRA2_HUMAN"	"O43464"	"O43464 Q9HBZ4 Q9P0Y3 Q9P0Y4"	"397"	"404"	"21701498"	"alanine scanning; coimmunoprecipitation; inhibitor; protein kinase assay; western blot"	"true positive"	""	"Homo sapiens"
"ELMI003215"	"MOD"	"MOD_CDK_SPxxK_3"	"INCA1_HUMAN"	"Q0VD86"	"Q0VD86 Q6J273 Q6PKN9"	"20"	"27"	"15159402"	"mutation analysis; protein kinase assay; protein kinase assay"	"true positive"	""	"Homo sapiens"
"ELMI003208"	"MOD"	"MOD_CDK_SPxxK_3"	"MPIP1_HUMAN"	"P30304"	"P30304 Q8IZH5 Q96IL3 Q9H2F2"	"113"	"120"	"12411508"	"alanine scanning; detection by mass spectrometry; inhibitor; protein kinase assay; protein kinase assay"	"true positive"	""	"Homo sapiens"
"ELMI003211"	"MOD"	"MOD_CDK_SPxxK_3"	"MYOD1_MOUSE"	"P10085"	"P10085 Q8C6B1"	"2"	"9"	"14749395"	"alanine scanning; electrophoretic mobility shift assay; protein kinase assay; protein kinase assay"	"true positive"	""	"Mus musculus"
"ELMI003218"	"MOD"	"MOD_CDK_SPxxK_3"	"NCOA3_HUMAN"	"Q9Y6Q9"	"Q9Y6Q9 A4LAZ5 Q0VF45 Q5JYD9 Q5JYE0 Q9BR49 Q9UPC9 Q9UPG4 Q9UPG7"	"864"	"871"	"22163316"	"alanine scanning; electrophoretic mobility shift assay; protein kinase assay"	"true positive"	""	"Homo sapiens"
"ELMI003217"	"MOD"	"MOD_CDK_SPxxK_3"	"NINL_HUMAN"	"Q9Y2I6"	"Q9Y2I6 A6NJN0 B3V9H6 B7Z1V8 Q5JYP0 Q8NE38 Q9NQE3"	"586"	"593"	"20890132"	"alanine scanning; fluorescence technology; protein kinase assay; protein kinase assay"	"true positive"	""	"Homo sapiens"
"ELMI003256"	"MOD"	"MOD_CDK_SPxxK_3"	"ORC2_HUMAN"	"Q13416"	"Q13416 Q13204 Q53TX5"	"223"	"230"	"22334659"	"alanine scanning; detection by mass spectrometry; identification by antibody; inhibitor; protein kinase assay; protein kinase assay; rna interference"	"true positive"	""	"Homo sapiens"
"ELMI003229"	"MOD"	"MOD_CDK_SPxxK_3"	"P53_HUMAN"	"P04637"	"P04637 Q15086 Q15087 Q15088 Q16535 Q16807 Q16808 Q16809 Q16810 Q16811 Q16848 Q2XN98 Q3LRW1 Q3LRW2 Q3LRW3 Q3LRW4 Q3LRW5 Q86UG1 Q8J016 Q99659 Q9BTM4 Q9HAQ8 Q9NP68 Q9NPJ2 Q9NZD0 Q9UBI2 Q9UQ61"	"312"	"319"	"2141171"	"Two dimensional phosphopeptide mapping; phosphoamino acid analysis; protein kinase assay; protein kinase assay"	"true positive"	""	"Homo sapiens"
"ELMI003227"	"MOD"	"MOD_CDK_SPxxK_3"	"PSN1_HUMAN"	"P49768"	"P49768 B2R6D3 O95465 Q14762 Q15719 Q15720 Q96P33 Q9UIF0"	"351"	"358"	"12056836"	"alanine scanning; electrophoretic mobility shift assay; protein kinase assay; protein kinase assay; radiolabel"	"true positive"	""	"Homo sapiens"
"ELMI003212"	"MOD"	"MOD_CDK_SPxxK_3"	"TERF2_HUMAN"	"Q15554"	"Q15554"	"362"	"369"	"18847512"	"detection by mass spectrometry; protein kinase assay"	"true positive"	""	"Homo sapiens"
"ELMI003216"	"MOD"	"MOD_CDK_SPxxK_3"	"UBA1_MOUSE"	"Q02053"	"Q02053 A6H6S6 P31253 Q542H8"	"1"	"8"	"7673335"	"Two dimensional phosphopeptide mapping; alanine scanning; comigration in gel electrophoresis; mutation analysis; protein kinase assay; protein kinase assay"	"true positive"	""	"Mus musculus"
"ELMI003220"	"MOD"	"MOD_CDK_SPxxK_3"	"UBF1_MOUSE"	"P25976"	"P25976"	"386"	"393"	"11698641"	"Two dimensional phosphopeptide mapping; comigration in sds page; mutation analysis; protein kinase assay; protein kinase assay"	"true positive"	""	"Mus musculus"
"ELMI003219"	"MOD"	"MOD_CDK_SPxxK_3"	"WWTR1_HUMAN"	"Q9GZV5"	"Q9GZV5 D3DNH7 Q8N3P2 Q9Y3W6"	"282"	"289"	"26183396"	"alanine scanning; comigration in sds page; protein kinase assay; protein kinase assay; rna interference; western blot"	"true positive"	""	"Homo sapiens"
"ELMI003815"	"MOD"	"MOD_CK1_1"	"APC_HUMAN"	"P25054"	"P25054 D3DT03 Q15162 Q15163 Q93042"	"1507"	"1513"	"17910481"	"alanine scanning; edman degradation; protein kinase assay"	"true positive"	""	"Homo sapiens"
"ELMI003826"	"MOD"	"MOD_CK1_1"	"ATOH1_HUMAN"	"Q92858"	"Q92858 Q14CT9"	"334"	"340"	"27542412"	"Identification by mass spectrometry; alanine scanning; inhibitor; mutation analysis; western blot"	"true positive"	""	"Homo sapiens"
"ELMI003832"	"MOD"	"MOD_CK1_1"	"BECN1_HUMAN"	"Q14457"	"Q14457 B2R6N7 O75595 Q9UNA8"	"409"	"415"	"26008601"	"Identification by mass spectrometry; inhibitor; mutation analysis; protein kinase assay; western blot"	"true positive"	""	"Homo sapiens"
"ELMI003809"	"MOD"	"MOD_CK1_1"	"BID_MOUSE"	"P70444"	"P70444 Q99M39"	"61"	"67"	"11583622"	"Identification by mass spectrometry; alanine scanning; protein kinase assay; protein kinase assay; western blot"	"true positive"	""	"Mus musculus"
"ELMI003811"	"MOD"	"MOD_CK1_1"	"CADH1_MOUSE"	"P09803"	"P09803 Q61377"	"849"	"855"	"17353278"	"alanine scanning; glutathione s tranferase tag; protein kinase assay; protein kinase assay; pull down"	"true positive"	""	"Mus musculus"
"ELMI003822"	"MOD"	"MOD_CK1_1"	"CRY2_ARATH"	"Q96524"	"Q96524 B0LQ23 B0LQ24 B0LQ25 B0LQ29 Q42549 Q42603 Q42604 Q56ZL8 Q696X6 Q696X8 Q696Z7 Q697A2 Q8VWL9 Q8VZY9"	"584"	"590"	"23897926"	"alanine scanning; protein kinase assay"	"true positive"	""	"Arabidopsis thaliana"
"ELMI003824"	"MOD"	"MOD_CK1_1"	"DNMT1_MOUSE"	"P13864"	"P13864 P97413 Q80ZU3 Q9CSC6 Q9QXX6"	"150"	"156"	"20192920"	"alanine scanning; glutathione s tranferase tag; mutation analysis; pull down"	"true positive"	""	"Mus musculus"
"ELMI003812"	"MOD"	"MOD_CK1_1"	"DVL1_MOUSE"	"P51141"	"P51141 Q3U2D3 Q60868"	"139"	"145"	"16965538"	"Identification by mass spectrometry; electrophoretic mobility shift assay; inhibitor; mutation analysis; protein kinase assay; protein kinase assay"	"true positive"	""	"Mus musculus"
"ELMI003830"	"MOD"	"MOD_CK1_1"	"EPAS1_HUMAN"	"Q99814"	"Q99814 Q86VA2 Q99630"	"383"	"389"	"27686097"	"Identification by mass spectrometry; mutation analysis; protein kinase assay"	"true positive"	""	"Homo sapiens"
"ELMI003810"	"MOD"	"MOD_CK1_1"	"FADD_HUMAN"	"Q13158"	"Q13158 Q14866 Q6IBR4"	"197"	"203"	"16061179"	"alanine scanning; glutathione s tranferase tag; protein kinase assay; protein kinase assay; pull down; rna interference; western blot"	"true positive"	""	"Homo sapiens"
"ELMI003816"	"MOD"	"MOD_CK1_1"	"FOXO1_HUMAN"	"Q12778"	"Q12778 O43523 Q5VYC7 Q6NSK6"	"322"	"328"	"14710188 11980723"	"inhibitor; protein kinase assay; western blot"	"true positive"	""	"Homo sapiens"
"ELMI003820"	"MOD"	"MOD_CK1_1"	"HIF1A_HUMAN"	"Q16665"	"Q16665 Q53XP6 Q96PT9 Q9UPB1"	"244"	"250"	"20699359"	"inhibitor; mutation analysis; protein kinase assay"	"true positive"	""	"Homo sapiens"
"ELMI003813"	"MOD"	"MOD_CK1_1"	"JADE1_HUMAN"	"Q6IE81-3"	"Q6IE81 D3DNY0 D3DNY1 Q4W5D5 Q6ZSL7 Q8NC41 Q96JL8 Q96SQ1 Q9H692"	"18"	"24"	"25100726"	"Identification by mass spectrometry; coimmunoprecipitation; de novo protein sequencing by mass spectrometry; protein kinase assay"	"true positive"	""	"Homo sapiens"
"ELMI003823"	"MOD"	"MOD_CK1_1"	"KPCD2_HUMAN"	"Q9BZL6"	"Q9BZL6 B4DTS2 M0QZW1 M0R2R2 Q8NCK8 Q8TB08 Q9P0T6 Q9Y3X8"	"244"	"250"	"17962809"	"inhibitor; protein kinase assay; protein kinase assay; rna interference; western blot"	"true positive"	""	"Homo sapiens"
"ELMI003825"	"MOD"	"MOD_CK1_1"	"LRRK2_MOUSE"	"Q5S006"	"Q5S006 E9QNJ2 Q8BWG7 Q8BZJ6 Q8CI84 Q8K062"	"958"	"964"	"25500533"	"Identification by mass spectrometry; inhibitor; protein kinase assay; protein kinase assay; rna interference"	"true positive"	""	"Mus musculus"
"ELMI003828"	"MOD"	"MOD_CK1_1"	"MDM2_HUMAN"	"Q00987"	"Q00987 A6NL51 A8K2S6 Q13226 Q13297 Q13298 Q13299 Q13300 Q13301 Q53XW0 Q71TW9 Q8WYJ1 Q8WYJ2 Q9UGI3 Q9UMT8"	"118"	"124"	"20708156"	"Identification by mass spectrometry; inhibitor; mutation analysis; protein kinase assay; western blot"	"true positive"	""	"Homo sapiens"
"ELMI003814"	"MOD"	"MOD_CK1_1"	"MDM4_HUMAN"	"O15151"	"O15151 Q2M2Y2 Q32SL2 Q6GS18 Q8IV83"	"291"	"297"	"16024788"	"alanine scanning; coimmunoprecipitation; inhibitor; phosphoamino acid analysis; protein kinase assay; protein kinase assay"	"true positive"	""	"Homo sapiens"
"ELMI003808"	"MOD"	"MOD_CK1_1"	"MPIP1_HUMAN"	"P30304"	"P30304 Q8IZH5 Q96IL3 Q9H2F2"	"79"	"85"	"20348946"	"alanine scanning; inhibitor; protein kinase assay; protein kinase assay; western blot"	"true positive"	""	"Homo sapiens"
"ELMI003829"	"MOD"	"MOD_CK1_1"	"MTSS1_HUMAN"	"O43312"	"O43312 Q8TCA2 Q96RX2"	"319"	"325"	"24318128"	"alanine scanning; coimmunoprecipitation; protein kinase assay; ubiquitinase assay"	"true positive"	""	"Homo sapiens"
"ELMI003827"	"MOD"	"MOD_CK1_1"	"NCOA3_HUMAN"	"Q9Y6Q9"	"Q9Y6Q9 A4LAZ5 Q0VF45 Q5JYD9 Q5JYE0 Q9BR49 Q9UPC9 Q9UPG4 Q9UPG7"	"598"	"604"	"19339517"	"alanine scanning; protein kinase assay; protein kinase assay"	"true positive"	""	"Homo sapiens"
"ELMI003821"	"MOD"	"MOD_CK1_1"	"NFAT5_HUMAN"	"O94916"	"O94916 A2RRB4 A6H8V5 E9PHR7 O95693 Q7LA65 Q969Q8 Q96QH3 Q9UN18"	"155"	"161"	"18411282"	"Identification by mass spectrometry; alanine scanning; inhibitor; protein kinase assay"	"true positive"	""	"Homo sapiens"
"ELMI002258"	"MOD"	"MOD_CK1_1"	"P53_HUMAN"	"P04637"	"P04637 Q15086 Q15087 Q15088 Q16535 Q16807 Q16808 Q16809 Q16810 Q16811 Q16848 Q2XN98 Q3LRW1 Q3LRW2 Q3LRW3 Q3LRW4 Q3LRW5 Q86UG1 Q8J016 Q99659 Q9BTM4 Q9HAQ8 Q9NP68 Q9NPJ2 Q9NZD0 Q9UBI2 Q9UQ61"	"15"	"21"	"10734067 10606744"	"mutation analysis; protein kinase assay; protein kinase assay"	"true positive"	""	"Homo sapiens"
"ELMI003817"	"MOD"	"MOD_CK1_1"	"PER2_HUMAN"	"O15055"	"O15055 A2I2P7 Q4ZG49 Q6DT41 Q9UQ45"	"665"	"671"	"21324900"	"alanine scanning; inhibitor; mutation analysis; protein kinase assay; rna interference; western blot"	"true positive"	""	"Homo sapiens"
"ELMI003819"	"MOD"	"MOD_CK1_1"	"PYRG2_HUMAN"	"Q9NRF8"	"Q9NRF8 B3KWM2 Q9BRI0 Q9H809 Q9H8K9"	"571"	"577"	"20739275"	"alanine scanning; inhibitor; protein kinase assay; protein kinase assay"	"true positive"	""	"Homo sapiens"
"ELMI003831"	"MOD"	"MOD_CK1_1"	"TRAF3_HUMAN"	"Q13114"	"Q13114 B7Z8C4 Q12990 Q13076 Q13947 Q6AZX1 Q9UNL1"	"349"	"355"	"26928339"	"Identification by mass spectrometry; alanine scanning; comigration in sds page; protein kinase assay; western blot"	"true positive"	""	"Homo sapiens"
"ELMI003818"	"MOD"	"MOD_CK1_1"	"TRPM4_HUMAN"	"Q8TD43"	"Q8TD43 A2RU25 Q7Z5D9 Q96L84 Q9NXV1"	"839"	"845"	"25231975"	"alanine scanning; de novo protein sequencing by mass spectrometry; fluorescence technology; western blot"	"true positive"	""	"Homo sapiens"
"ELMI002260"	"MOD"	"MOD_CK1_1"	"YAP1_HUMAN"	"P46937-2"	"P46937 Q7Z574 Q8IUY9"	"381"	"387"	"20048001"	"anti tag coimmunoprecipitation; inhibitor; mutation analysis; protein kinase assay; protein kinase assay; radiolabel"	"true positive"	""	"Homo sapiens"
"ELMI003847"	"MOD"	"MOD_CK2_1"	"AKT1_HUMAN"	"P31749"	"P31749 B2RAM5 Q9BWB6"	"126"	"132"	"15818404"	"Identification by mass spectrometry; alanine scanning; protein kinase assay; protein kinase assay; western blot"	"true positive"	""	"Homo sapiens"
"ELMI003845"	"MOD"	"MOD_CK2_1"	"AP2A_HUMAN"	"P05549"	"P05549 Q13777 Q5TAV5 Q8N1C6"	"426"	"432"	"21777522"	"alanine scanning; coimmunoprecipitation; glutathione s tranferase tag; inhibitor; protein kinase assay; protein kinase assay; pull down; two hybrid"	"true positive"	""	"Homo sapiens"
"ELMI003856"	"MOD"	"MOD_CK2_1"	"BRMS1_HUMAN"	"Q9HCU9"	"Q9HCU9 Q6IAI2"	"27"	"33"	"26980766"	"Identification by mass spectrometry; alanine scanning; coimmunoprecipitation; inhibitor; protein kinase assay; protein kinase assay; western blot"	"true positive"	""	"Homo sapiens"
"ELMI003838"	"MOD"	"MOD_CK2_1"	"CASP9_MOUSE"	"Q8C3Q9"	"Q8C3Q9"	"345"	"351"	"18467326"	"alanine scanning; inhibitor; protein kinase assay; protein kinase assay"	"true positive"	""	"Mus musculus"
"ELMI003848"	"MOD"	"MOD_CK2_1"	"COR1C_HUMAN"	"Q9ULV4"	"Q9ULV4 A7MAP0 A7MAP1 B3KU12 Q9NSK5"	"460"	"466"	"22355754"	"glutathione s tranferase tag; mutation analysis; protein kinase assay; protein kinase assay; pull down"	"true positive"	""	"Homo sapiens"
"ELMI003835"	"MOD"	"MOD_CK2_1"	"DNJB2_HUMAN"	"P25686"	"P25686 A8K9P6 Q53QD7 Q8IUK1 Q8IUK2 Q96F52"	"247"	"253"	"28031292"	"alanine scanning; inhibitor; protein kinase assay; protein kinase assay; western blot"	"true positive"	""	"Homo sapiens"
"ELMI003851"	"MOD"	"MOD_CK2_1"	"DOK7_MOUSE"	"Q18PE0"	"Q18PE0 Q3TCZ6 Q5FW70 Q8C8U7"	"263"	"269"	"26198629"	"alanine scanning; coimmunoprecipitation; fluorescence technology; protein kinase assay; two hybrid"	"true positive"	""	"Mus musculus"
"ELMI003833"	"MOD"	"MOD_CK2_1"	"EIF3J_HUMAN"	"O75822"	"O75822 B4DUI3 F5H425 Q9BUD2 Q9H8Q2 Q9UI65"	"124"	"130"	"25887626"	"Identification by mass spectrometry; alanine scanning; coimmunoprecipitation; inhibitor; protein kinase assay; protein kinase assay"	"true positive"	""	"Homo sapiens"
"ELMI003850"	"MOD"	"MOD_CK2_1"	"FADD_HUMAN"	"Q13158"	"Q13158 Q14866 Q6IBR4"	"200"	"206"	"26253696"	"mutation analysis; protein kinase assay"	"unknown"	""	"Homo sapiens"
"ELMI003834"	"MOD"	"MOD_CK2_1"	"FMR1_MOUSE"	"P35922"	"P35922"	"496"	"502"	"27957526"	"alanine scanning; inhibitor; protein kinase assay; western blot"	"true positive"	""	"Mus musculus"
"ELMI003843"	"MOD"	"MOD_CK2_1"	"HS90B_HUMAN"	"P08238"	"P08238 B2R5P0 Q5T9W7 Q9NQW0 Q9NTK6"	"223"	"229"	"25995454"	"Identification by mass spectrometry; inhibitor; rna interference; western blot"	"true positive"	""	"Homo sapiens"
"ELMI003844"	"MOD"	"MOD_CK2_1"	"HS90B_HUMAN"	"P08238"	"P08238 B2R5P0 Q5T9W7 Q9NQW0 Q9NTK6"	"252"	"258"	"25995454"	"Identification by mass spectrometry; inhibitor; rna interference; western blot"	"true positive"	""	"Homo sapiens"
"ELMI000927"	"MOD"	"MOD_CK2_1"	"IRS1_HUMAN"	"P35568"	"P35568"	"85"	"91"	""	""	"unknown"	""	"Homo sapiens"
"ELMI000928"	"MOD"	"MOD_CK2_1"	"IRS1_HUMAN"	"P35568"	"P35568"	"96"	"102"	""	""	"unknown"	""	"Homo sapiens"
"ELMI000926"	"MOD"	"MOD_CK2_1"	"IRS1_HUMAN"	"P35568"	"P35568"	"327"	"333"	""	""	"unknown"	""	"Homo sapiens"
"ELMI000976"	"MOD"	"MOD_CK2_1"	"IRS1_RAT"	"P35570"	"P35570"	"96"	"102"	"8349691"	"mass detection of residue modification; protein kinase assay"	"true positive"	""	"Rattus norvegicus"
"ELMI000930"	"MOD"	"MOD_CK2_1"	"IRS1_RAT"	"P35570"	"P35570"	"499"	"505"	"8349691"	"mass detection of residue modification; protein kinase assay; protein kinase assay"	"true positive"	""	"Rattus norvegicus"
"ELMI003841"	"MOD"	"MOD_CK2_1"	"KDM1A_HUMAN"	"O60341"	"O60341 A8MWP9 Q5TH94 Q5TH95 Q86VT7 Q8IXK4 Q8NDP6 Q8TAZ3 Q96AW4"	"128"	"134"	"25999347"	"Identification by mass spectrometry; alanine scanning; coimmunoprecipitation; polyclonal antibody; protein kinase assay; protein kinase assay; pull down; western blot"	"true positive"	""	"Homo sapiens"
"ELMI003842"	"MOD"	"MOD_CK2_1"	"KDM1A_HUMAN"	"O60341"	"O60341 A8MWP9 Q5TH94 Q5TH95 Q86VT7 Q8IXK4 Q8NDP6 Q8TAZ3 Q96AW4"	"134"	"140"	"25999347"	"Identification by mass spectrometry; alanine scanning; coimmunoprecipitation; polyclonal antibody; protein kinase assay; protein kinase assay; pull down; western blot"	"true positive"	""	"Homo sapiens"
"ELMI003846"	"MOD"	"MOD_CK2_1"	"KS6B1_RAT"	"P67999-2"	"P67999 P21425"	"14"	"20"	"16895915"	"alanine scanning; inhibitor; protein kinase assay; protein kinase assay; western blot"	"true positive"	""	"Rattus norvegicus"
"ELMI003855"	"MOD"	"MOD_CK2_1"	"MUSK_RAT"	"Q62838"	"Q62838"	"694"	"700"	"16818610"	"alanine scanning; coimmunoprecipitation; protein kinase assay; two hybrid"	"true positive"	""	"Rattus norvegicus"
"ELMI003849"	"MOD"	"MOD_CK2_1"	"NKX31_HUMAN"	"Q99801"	"Q99801 O15465 Q9H2P4 Q9H2P5 Q9H2P6 Q9H2P7 Q9HBG0"	"86"	"92"	"16581776"	"Identification by mass spectrometry; alanine scanning; in-gel kinase assay; protein kinase assay; protein kinase assay"	"true positive"	""	"Homo sapiens"
"ELMI003839"	"MOD"	"MOD_CK2_1"	"NOL3_RAT"	"Q62881"	"Q62881"	"146"	"152"	"12191471"	"Identification by mass spectrometry; alanine scanning; coimmunoprecipitation; inhibitor; protein kinase assay; protein kinase assay; western blot"	"true positive"	""	"Rattus norvegicus"
"ELMI003836"	"MOD"	"MOD_CK2_1"	"OLIG2_HUMAN"	"Q13516"	"Q13516 B3KRF3 Q05BP9 Q49AL3 Q86X04 Q9NZ14"	"10"	"16"	"28355568"	"Identification by mass spectrometry; inhibitor; protein kinase assay"	"true positive"	""	"Homo sapiens"
"ELMI003840"	"MOD"	"MOD_CK2_1"	"OTUB1_HUMAN"	"Q96FW1"	"Q96FW1 Q32Q78 Q96II3 Q9NXQ4 Q9P0B8"	"13"	"19"	"25872870"	"Identification by mass spectrometry; alanine scanning; protein kinase assay; protein kinase assay; rna interference"	"true positive"	""	"Homo sapiens"
"ELMI003854"	"MOD"	"MOD_CK2_1"	"PAWR_HUMAN"	"Q96IZ0"	"Q96IZ0 O75796 Q6FHY9 Q8N700"	"228"	"234"	"24457960"	"alanine scanning; protein kinase assay; protein kinase assay; western blot"	"true positive"	""	"Homo sapiens"
"ELMI003852"	"MOD"	"MOD_CK2_1"	"PAWR_RAT"	"Q62627"	"Q62627"	"121"	"127"	"24457960"	"Identification by mass spectrometry; alanine scanning; coimmunoprecipitation; protein kinase assay"	"true positive"	""	"Rattus norvegicus"
"ELMI003853"	"MOD"	"MOD_CK2_1"	"PAWR_RAT"	"Q62627"	"Q62627"	"220"	"226"	"24457960"	"Identification by mass spectrometry; alanine scanning; coimmunoprecipitation; protein kinase assay"	"true positive"	""	"Rattus norvegicus"
"ELMI003837"	"MOD"	"MOD_CK2_1"	"PDX1_MOUSE"	"P52946"	"P52946 Q3ZB03"	"229"	"235"	"28036027"	"alanine scanning; glutathione s tranferase tag; inhibitor; protein kinase assay; pull down"	"true positive"	""	"Mus musculus"
"ELMI002142"	"MOD"	"MOD_CK2_1"	"PTEN_HUMAN"	"P60484"	"P60484 B2R904 O00633 O02679 Q6ICT7"	"382"	"388"	"12788938"	"mutation analysis; protein kinase assay"	"true positive"	""	"Homo sapiens"
"ELMI002140"	"MOD"	"MOD_CK2_1"	"VPU_HV1BR"	"P05923"	"P05923"	"49"	"55"	"8139011"	"mutation analysis"	"true positive"	""	"Human immunodeficiency virus type 1 (BRU ISOLATE)"
"ELMI002141"	"MOD"	"MOD_CK2_1"	"VPU_HV1BR"	"P05923"	"P05923"	"53"	"59"	"8139011"	"mutation analysis"	"true positive"	""	"Human immunodeficiency virus type 1 (BRU ISOLATE)"
"ELMI002139"	"MOD"	"MOD_CK2_1"	"XRCC1_HUMAN"	"P18887"	"P18887 Q6IBS4 Q9HCB1"	"515"	"521"	"19155274"	"detection by mass spectrometry; protein kinase assay; western blot"	"true positive"	""	"Homo sapiens"
"ELMI002166"	"MOD"	"MOD_CK2_1"	"XRCC1_HUMAN"	"P18887"	"P18887 Q6IBS4 Q9HCB1"	"520"	"526"	"19155274 15066279"	"mass detection of residue modification; protein kinase assay; radiolabel; western blot"	"true positive"	""	"Homo sapiens"
"ELMI000329"	"MOD"	"MOD_CMANNOS"	"CO6_HUMAN"	"P13671"	"P13671"	"29"	"32"	"10551839"	"detection by mass spectrometry"	"true positive"	""	"Homo sapiens"
"ELMI000330"	"MOD"	"MOD_CMANNOS"	"CO6_HUMAN"	"P13671"	"P13671"	"568"	"571"	"10551839"	"detection by mass spectrometry"	"true positive"	""	"Homo sapiens"
"ELMI000331"	"MOD"	"MOD_CMANNOS"	"CO6_HUMAN"	"P13671"	"P13671"	"571"	"574"	"10551839"	"detection by mass spectrometry"	"true positive"	""	"Homo sapiens"
"ELMI000332"	"MOD"	"MOD_CMANNOS"	"CO7_HUMAN"	"P10643"	"P10643 Q6P3T5 Q92489"	"506"	"509"	"10551839"	"detection by mass spectrometry"	"true positive"	""	"Homo sapiens"
"ELMI000333"	"MOD"	"MOD_CMANNOS"	"CO8A_HUMAN"	"P07357"	"P07357 A2RUI4 A2RUI5 Q13668 Q9H130"	"44"	"47"	"10551839"	"detection by mass spectrometry"	"true positive"	""	"Homo sapiens"
"ELMI000334"	"MOD"	"MOD_CMANNOS"	"CO8A_HUMAN"	"P07357"	"P07357 A2RUI4 A2RUI5 Q13668 Q9H130"	"542"	"545"	"10551839"	"detection by mass spectrometry"	"true positive"	""	"Homo sapiens"
"ELMI000335"	"MOD"	"MOD_CMANNOS"	"CO8A_HUMAN"	"P07357"	"P07357 A2RUI4 A2RUI5 Q13668 Q9H130"	"545"	"548"	"10551839"	"detection by mass spectrometry"	"true positive"	""	"Homo sapiens"
"ELMI000338"	"MOD"	"MOD_CMANNOS"	"CO8B_HUMAN"	"P07358"	"P07358"	"70"	"73"	"10551839"	"detection by mass spectrometry"	"true positive"	""	"Homo sapiens"
"ELMI000340"	"MOD"	"MOD_CMANNOS"	"CO8B_HUMAN"	"P07358"	"P07358"	"548"	"551"	"10551839"	"detection by mass spectrometry"	"true negative"	""	"Homo sapiens"
"ELMI000339"	"MOD"	"MOD_CMANNOS"	"CO8B_HUMAN"	"P07358"	"P07358"	"551"	"554"	"10551839"	"detection by mass spectrometry"	"true positive"	""	"Homo sapiens"
"ELMI000341"	"MOD"	"MOD_CMANNOS"	"CO9_HUMAN"	"P02748"	"P02748"	"48"	"51"	"10551839"	"detection by mass spectrometry"	"true positive"	""	"Homo sapiens"
"ELMI000221"	"MOD"	"MOD_CMANNOS"	"IL12B_HUMAN"	"P29460"	"P29460"	"319"	"322"	"10207176"	"nuclear magnetic resonance"	"true positive"	""	"Homo sapiens"
"ELMI000325"	"MOD"	"MOD_CMANNOS"	"PROP_HUMAN"	"P27918"	"P27918 O15134 O15135 O15136 O75826"	"80"	"83"	"10878002"	"detection by mass spectrometry"	"true negative"	""	"Homo sapiens"
"ELMI000314"	"MOD"	"MOD_CMANNOS"	"PROP_HUMAN"	"P27918"	"P27918 O15134 O15135 O15136 O75826"	"83"	"86"	"10878002"	"detection by mass spectrometry"	"true positive"	""	"Homo sapiens"
"ELMI000315"	"MOD"	"MOD_CMANNOS"	"PROP_HUMAN"	"P27918"	"P27918 O15134 O15135 O15136 O75826"	"139"	"142"	"10878002"	"detection by mass spectrometry"	"true positive"	""	"Homo sapiens"
"ELMI000317"	"MOD"	"MOD_CMANNOS"	"PROP_HUMAN"	"P27918"	"P27918 O15134 O15135 O15136 O75826"	"142"	"145"	"10878002"	"detection by mass spectrometry"	"true positive"	""	"Homo sapiens"
"ELMI000318"	"MOD"	"MOD_CMANNOS"	"PROP_HUMAN"	"P27918"	"P27918 O15134 O15135 O15136 O75826"	"196"	"199"	"10878002"	"detection by mass spectrometry"	"true positive"	""	"Homo sapiens"
"ELMI000319"	"MOD"	"MOD_CMANNOS"	"PROP_HUMAN"	"P27918"	"P27918 O15134 O15135 O15136 O75826"	"199"	"202"	"10878002"	"detection by mass spectrometry"	"true positive"	""	"Homo sapiens"
"ELMI000320"	"MOD"	"MOD_CMANNOS"	"PROP_HUMAN"	"P27918"	"P27918 O15134 O15135 O15136 O75826"	"260"	"263"	"10878002"	"detection by mass spectrometry"	"true positive"	""	"Homo sapiens"
"ELMI000326"	"MOD"	"MOD_CMANNOS"	"PROP_HUMAN"	"P27918"	"P27918 O15134 O15135 O15136 O75826"	"318"	"321"	"10878002"	"detection by mass spectrometry"	"true negative"	""	"Homo sapiens"
"ELMI000321"	"MOD"	"MOD_CMANNOS"	"PROP_HUMAN"	"P27918"	"P27918 O15134 O15135 O15136 O75826"	"321"	"324"	"10878002"	"detection by mass spectrometry"	"true positive"	""	"Homo sapiens"
"ELMI000322"	"MOD"	"MOD_CMANNOS"	"PROP_HUMAN"	"P27918"	"P27918 O15134 O15135 O15136 O75826"	"382"	"385"	"10878002"	"detection by mass spectrometry"	"true positive"	""	"Homo sapiens"
"ELMI000324"	"MOD"	"MOD_CMANNOS"	"PROP_HUMAN"	"P27918"	"P27918 O15134 O15135 O15136 O75826"	"385"	"388"	"10878002"	"detection by mass spectrometry"	"true positive"	""	"Homo sapiens"
"ELMI000220"	"MOD"	"MOD_CMANNOS"	"RNAS2_HUMAN"	"P10153"	"P10153 Q52M39 Q9H2B7 Q9UCG7"	"34"	"37"	"7947762"	"de novo protein sequencing by mass spectrometry"	"true positive"	""	"Homo sapiens"
"ELMI003660"	"MOD"	"MOD_DYRK1A_RPxSP_1"	"AMPH_HUMAN"	"P49418"	"P49418 A4D1X8 A4D1X9 O43538 Q75MJ8 Q75MK5 Q75MM3 Q8N4G0"	"290"	"294"	"16733250"	"chromatography technology; comigration in sds page; detection by mass spectrometry; edman degradation; his tag; monoclonal antibody western blot; mutation analysis; protein kinase assay"	"true positive"	""	"Homo sapiens"
"ELMI003661"	"MOD"	"MOD_DYRK1A_RPxSP_1"	"AMPH_MOUSE"	"Q7TQF7"	"Q7TQF7 Q8R1C4"	"290"	"294"	"16733250 25905439"	"autoradiography; comigration in sds page; monoclonal antibody western blot; mutation analysis"	"true positive"	""	"Mus musculus"
"ELMI003648"	"MOD"	"MOD_DYRK1A_RPxSP_1"	"ARIP4_HUMAN"	"Q9Y4B4"	"Q9Y4B4 Q8TB57 Q9BV54"	"1166"	"1170"	"15199138"	"anti tag coimmunoprecipitation; coimmunoprecipitation; monoclonal antibody western blot"	"true positive"	""	"Homo sapiens"
"ELMI003649"	"MOD"	"MOD_DYRK1A_RPxSP_1"	"ARIP4_MOUSE"	"Q99NG0"	"Q99NG0 Q3UPJ1"	"1165"	"1169"	"15199138"	"green fluorescent protein tag"	"true positive"	""	"Mus musculus"
"ELMI003665"	"MOD"	"MOD_DYRK1A_RPxSP_1"	"CASP9_HUMAN"	"P55211"	"P55211 O95348 Q53Y70 Q5JRU9 Q92852 Q9BQ62 Q9UEQ3 Q9UIJ8"	"122"	"126"	"19081073 19016842"	"coimmunoprecipitation; comigration in sds page; inhibitor; monoclonal antibody western blot; mutation analysis; protein kinase assay; protein kinase assay"	"unknown"	""	"Homo sapiens"
"ELMI003650"	"MOD"	"MOD_DYRK1A_RPxSP_1"	"CCNL2_HUMAN"	"Q96S94"	"Q96S94 A0A024R072 A0A024R077 A0A0C4DGC4 A8K8A3 B1B152 F2Z3J5 Q5T2N5 Q5T2N6 Q6IQ12 Q7Z4Z8 Q8N3C9 Q8N3D5 Q8NHE3 Q8TEL0 Q96B00"	"397"	"401"	"14623875"	"Identification by mass spectrometry; autoradiography; coimmunoprecipitation; comigration in sds page; detection by mass spectrometry; protein kinase assay; solid phase assay"	"unknown"	""	"Homo sapiens"
"ELMI003651"	"MOD"	"MOD_DYRK1A_RPxSP_1"	"CCNL2_HUMAN"	"Q96S94"	"Q96S94 A0A024R072 A0A024R077 A0A0C4DGC4 A8K8A3 B1B152 F2Z3J5 Q5T2N5 Q5T2N6 Q6IQ12 Q7Z4Z8 Q8N3C9 Q8N3D5 Q8NHE3 Q8TEL0 Q96B00"	"424"	"428"	"14623875"	"Identification by mass spectrometry; autoradiography; coimmunoprecipitation; comigration in sds page; detection by mass spectrometry; protein kinase assay; solid phase assay"	"unknown"	""	"Homo sapiens"
"ELMI003669"	"MOD"	"MOD_DYRK1A_RPxSP_1"	"CDKL5_HUMAN"	"O76039"	"O76039 G9B9X4 Q14198 Q5H985 Q8IYC7 Q9UJL6"	"717"	"721"	"27840050"	"Identification by mass spectrometry; autoradiography; comigration in sds page; mutation analysis; protein kinase assay; pull down"	"true positive"	""	"Homo sapiens"
"ELMI003659"	"MOD"	"MOD_DYRK1A_RPxSP_1"	"DYN1_MOUSE"	"P39053-4"	"P39053 A2AN50 A2AN51 A2AN54 A2AN55 Q3UNM1 Q5DTN7 Q61358 Q61359 Q61360 Q6PDM5 Q8JZZ4 Q9CSY7 Q9QXX1"	"854"	"858"	"22857010"	"coimmunoprecipitation; comigration in sds page; monoclonal antibody western blot"	"true positive"	""	"Mus musculus"
"ELMI003658"	"MOD"	"MOD_DYRK1A_RPxSP_1"	"DYN1_RAT"	"P21575"	"P21575"	"854"	"858"	"15287745 11877424 22857010"	"Identification by mass spectrometry; chromatography technology; coimmunoprecipitation; comigration in sds page; monoclonal antibody western blot; phosphoamino acid analysis; protein kinase assay; protein kinase assay"	"true positive"	""	"Rattus norvegicus"
"ELMI003668"	"MOD"	"MOD_DYRK1A_RPxSP_1"	"EI2BE_RAT"	"Q64350"	"Q64350 Q5RKL3"	"536"	"540"	"11311121"	"Identification by mass spectrometry; comigration in sds page; edman degradation; pull down"	"true positive"	""	"Rattus norvegicus"
"ELMI003657"	"MOD"	"MOD_DYRK1A_RPxSP_1"	"ID2_HUMAN"	"Q02363"	"Q02363"	"24"	"28"	"26735018"	"Identification by mass spectrometry; autoradiography; comigration in sds page; monoclonal antibody western blot; mutation analysis; x-ray crystallography"	"true positive"	"4AYA"	"Homo sapiens"
"ELMI003652"	"MOD"	"MOD_DYRK1A_RPxSP_1"	"MP2K1_RAT"	"Q01986"	"Q01986 Q5EBD5"	"289"	"293"	"15917294"	"coimmunoprecipitation; deletion analysis; monoclonal antibody western blot"	"true positive"	""	"Rattus norvegicus"
"ELMI003662"	"MOD"	"MOD_DYRK1A_RPxSP_1"	"NFAC1_HUMAN"	"O95644"	"O95644 Q12865 Q15793"	"258"	"262"	"28235034"	"coimmunoprecipitation; identification by antibody; western blot"	"true positive"	""	"Homo sapiens"
"ELMI003663"	"MOD"	"MOD_DYRK1A_RPxSP_1"	"RN169_HUMAN"	"Q8NCN4"	"Q8NCN4 Q6N015"	"365"	"369"	"30979931"	"Identification by mass spectrometry; autoradiography; coimmunoprecipitation; mutation analysis; protein kinase assay; tandem affinity purification"	"true positive"	""	"Homo sapiens"
"ELMI003664"	"MOD"	"MOD_DYRK1A_RPxSP_1"	"RN169_HUMAN"	"Q8NCN4"	"Q8NCN4 Q6N015"	"400"	"404"	"30979931"	"Identification by mass spectrometry; autoradiography; coimmunoprecipitation; mutation analysis; protein kinase assay; tandem affinity purification"	"true positive"	""	"Homo sapiens"
"ELMI003653"	"MOD"	"MOD_DYRK1A_RPxSP_1"	"SEPT4_HUMAN"	"O43236"	"O43236 B2RD42 B3KSX9 B4DXC6 B4DXV5 Q6IAP3 Q9H315 Q9UM58"	"104"	"108"	"18938227"	"autoradiography; coimmunoprecipitation; comigration in sds page; monoclonal antibody western blot; protein kinase assay"	"true positive"	""	"Homo sapiens"
"ELMI003667"	"MOD"	"MOD_DYRK1A_RPxSP_1"	"SRSF1_HUMAN"	"Q07955"	"Q07955 B2R6Z7 D3DTZ3 Q13809"	"224"	"228"	"18658135"	"coimmunoprecipitation; comigration in sds page; detection by mass spectrometry; mutation analysis; pull down"	"true positive"	""	"Homo sapiens"
"ELMI003654"	"MOD"	"MOD_DYRK1A_RPxSP_1"	"SRSF6_HUMAN"	"Q13247"	"Q13247 B7Z6J3 E1P5W6 Q13244 Q13245 Q96J06 Q9UJB8 Q9Y3N7"	"300"	"304"	"22767602"	"autoradiography; coimmunoprecipitation; comigration in sds page; monoclonal antibody western blot; pull down"	"true positive"	""	"Homo sapiens"
"ELMI003655"	"MOD"	"MOD_DYRK1A_RPxSP_1"	"SRSF7_HUMAN"	"Q16629"	"Q16629 B4DLU6 G5E9M3 Q564D3"	"214"	"218"	"21215488"	"anti tag coimmunoprecipitation; autoradiography; coimmunoprecipitation; comigration in sds page; confocal microscopy; monoclonal antibody western blot; pull down"	"true positive"	""	"Homo sapiens"
"ELMI003656"	"MOD"	"MOD_DYRK1A_RPxSP_1"	"SRSF7_HUMAN"	"Q16629"	"Q16629 B4DLU6 G5E9M3 Q564D3"	"230"	"234"	"21215488"	"anti tag coimmunoprecipitation; autoradiography; coimmunoprecipitation; comigration in sds page; confocal microscopy; monoclonal antibody western blot; pull down"	"true positive"	""	"Homo sapiens"
"ELMI003666"	"MOD"	"MOD_DYRK1A_RPxSP_1"	"TAU_HUMAN"	"P10636-8"	"P10636 P18518 Q14799 Q15549 Q15550 Q15551 Q1RMF6 Q53YB1 Q5CZI7 Q5XWF0 Q6QT54 Q9UDJ3 Q9UMH0 Q9UQ96"	"209"	"213"	"16242644 17135279 16987243 11311121"	"Identification by mass spectrometry; autoradiography; coimmunoprecipitation; comigration in sds page; monoclonal antibody western blot; mutation analysis"	"true positive"	""	"Homo sapiens"
"ELMI002730"	"MOD"	"MOD_GlcNHglycan"	"SDC1_MOUSE"	"P18828"	"P18828 Q62278 Q9WVD2"	"36"	"39"	"8163535"	"deglycosylase assay; western blot"	"true positive"	""	"Mus musculus"
"ELMI002731"	"MOD"	"MOD_GlcNHglycan"	"SDC1_MOUSE"	"P18828"	"P18828 Q62278 Q9WVD2"	"46"	"49"	"8163535"	"deglycosylase assay; western blot"	"true positive"	""	"Mus musculus"
"ELMI002728"	"MOD"	"MOD_GlcNHglycan"	"SDC1_MOUSE"	"P18828"	"P18828 Q62278 Q9WVD2"	"206"	"209"	"8163535"	"deglycosylase assay; western blot"	"true positive"	""	"Mus musculus"
"ELMI002729"	"MOD"	"MOD_GlcNHglycan"	"SDC1_MOUSE"	"P18828"	"P18828 Q62278 Q9WVD2"	"216"	"219"	"8163535"	"deglycosylase assay; western blot"	"true positive"	""	"Mus musculus"
"ELMI002732"	"MOD"	"MOD_GlcNHglycan"	"SDC_CAEEL"	"P50605"	"P50605"	"70"	"73"	"17369258"	"mutation analysis; western blot"	"true positive"	""	"Caenorhabditis elegans"
"ELMI002733"	"MOD"	"MOD_GlcNHglycan"	"SDC_CAEEL"	"P50605"	"P50605"	"85"	"88"	"17369258"	"mutation analysis; western blot"	"true positive"	""	"Caenorhabditis elegans"
"ELMI001861"	"MOD"	"MOD_GSK3_1"	"ATX3_HUMAN"	"P54252"	"P54252 A7LFZ5 O15284 O15285 O15286 Q8N189 Q96TC3 Q96TC4 Q9H3N0"	"253"	"260"	"17434145"	"mutation analysis; protein kinase assay"	"true positive"	""	"Homo sapiens"
"ELMI002602"	"MOD"	"MOD_GSK3_1"	"CCNE1_HUMAN"	"P24864-3"	"P24864 A8K684 Q14091 Q8NFG1 Q92501 Q9UD21"	"373"	"380"	"14536078"	"inhibitor; mutation analysis; protein kinase assay; protein kinase assay"	"true positive"	""	"Homo sapiens"
"ELMI002282"	"MOD"	"MOD_GSK3_1"	"CCNE1_HUMAN"	"P24864"	"P24864 A8K684 Q14091 Q8NFG1 Q92501 Q9UD21"	"388"	"395"	"14536078"	"Two dimensional phosphopeptide mapping"	"true positive"	""	"Homo sapiens"
"ELMI001863"	"MOD"	"MOD_GSK3_1"	"CCNE1_HUMAN"	"P24864"	"P24864 A8K684 Q14091 Q8NFG1 Q92501 Q9UD21"	"392"	"399"	"14536078"	"Two dimensional phosphopeptide mapping"	"true positive"	""	"Homo sapiens"
"ELMI002616"	"MOD"	"MOD_GSK3_1"	"CTNB1_HUMAN"	"P35222"	"P35222 A8K1L7 Q8NEW9 Q8NI94 Q9H391"	"30"	"37"	"11955436 19061640 10074433"	"inhibitor; protein kinase assay; protein kinase assay"	"true positive"	""	"Homo sapiens"
"ELMI002615"	"MOD"	"MOD_GSK3_1"	"CTNB1_MOUSE"	"Q02248"	"Q02248 Q922W1 Q9D335"	"30"	"37"	"12417018"	"mutation analysis; western blot"	"true positive"	""	"Mus musculus"
"ELMI002613"	"MOD"	"MOD_GSK3_1"	"ESR2_HUMAN"	"Q92731"	"Q92731 A8K8K5 O60608 O60685 O60702 O60703 O75583 O75584 Q0MWT5 Q0MWT6 Q86Z31 Q9UEV6 Q9UHD3 Q9UQK9"	"5"	"12"	"22586270"	"inhibitor; mutation analysis; western blot"	"true positive"	""	"Homo sapiens"
"ELMI002582"	"MOD"	"MOD_GSK3_1"	"FGD1_HUMAN"	"P98174"	"P98174 Q5H999 Q8N4D9"	"280"	"287"	"15743413"	"inhibitor"	"true positive"	""	"Homo sapiens"
"ELMI002143"	"MOD"	"MOD_GSK3_1"	"FGD3_HUMAN"	"Q5JSP0"	"Q5JSP0 Q4VX84 Q7Z7D9 Q8N5G1"	"73"	"80"	"18363964"	"alanine scanning; coimmunoprecipitation; inhibitor; mutation analysis; protein kinase assay"	"true positive"	""	"Homo sapiens"
"ELMI002186"	"MOD"	"MOD_GSK3_1"	"FGD3_HUMAN"	"Q5JSP0"	"Q5JSP0 Q4VX84 Q7Z7D9 Q8N5G1"	"77"	"84"	"18363964"	"mutation analysis; protein kinase assay"	"true positive"	""	"Homo sapiens"
"ELMI002190"	"MOD"	"MOD_GSK3_1"	"HSF1_HUMAN"	"Q00613"	"Q00613 A8K4L0 A8MW26 Q53XT4"	"300"	"307"	"8940068"	"mutation analysis; protein kinase assay"	"true positive"	""	"Homo sapiens"
"ELMI001860"	"MOD"	"MOD_GSK3_1"	"JUN_HUMAN"	"P05412"	"P05412 Q96G93"	"236"	"243"	"1846781"	"Two dimensional phosphopeptide mapping"	"true positive"	""	"Homo sapiens"
"ELMI002177"	"MOD"	"MOD_GSK3_1"	"MK67I_HUMAN"	"Q9BYG3"	"Q9BYG3 A8K788 Q8TB66 Q96ED4"	"227"	"234"	"16244663"	"detection by mass spectrometry; mutation analysis; protein kinase assay"	"true positive"	""	"Homo sapiens"
"ELMI002178"	"MOD"	"MOD_GSK3_1"	"MK67I_HUMAN"	"Q9BYG3"	"Q9BYG3 A8K788 Q8TB66 Q96ED4"	"231"	"238"	"16244663"	"detection by mass spectrometry; mutation analysis; protein kinase assay"	"true positive"	""	"Homo sapiens"
"ELMI001862"	"MOD"	"MOD_GSK3_1"	"MYC_HUMAN"	"P01106"	"P01106 A8WFE7 P01107 Q14026"	"55"	"62"	"14563837"	"coimmunoprecipitation; western blot"	"true positive"	""	"Homo sapiens"
"ELMI002145"	"MOD"	"MOD_GSK3_1"	"NFAC1_HUMAN"	"O95644"	"O95644 Q12865 Q15793"	"238"	"245"	"12351631"	"mutation analysis; protein kinase assay"	"true positive"	""	"Homo sapiens"
"ELMI002146"	"MOD"	"MOD_GSK3_1"	"NFAC1_HUMAN"	"O95644"	"O95644 Q12865 Q15793"	"287"	"294"	"12351631"	"mutation analysis; protein kinase assay"	"true positive"	""	"Homo sapiens"
"ELMI001859"	"MOD"	"MOD_GSK3_1"	"P53_HUMAN"	"P04637"	"P04637 Q15086 Q15087 Q15088 Q16535 Q16807 Q16808 Q16809 Q16810 Q16811 Q16848 Q2XN98 Q3LRW1 Q3LRW2 Q3LRW3 Q3LRW4 Q3LRW5 Q86UG1 Q8J016 Q99659 Q9BTM4 Q9HAQ8 Q9NP68 Q9NPJ2 Q9NZD0 Q9UBI2 Q9UQ61"	"30"	"37"	"11483158"	"mutation analysis; protein kinase assay"	"true positive"	""	"Homo sapiens"
"ELMI002175"	"MOD"	"MOD_GSK3_1"	"SMAD1_HUMAN"	"Q15797"	"Q15797 A8KAJ0 D3DNZ9 Q16636"	"199"	"206"	"17289590"	"mutation analysis; protein kinase assay; radiolabel; western blot"	"true positive"	""	"Homo sapiens"
"ELMI002174"	"MOD"	"MOD_GSK3_1"	"SMAD1_HUMAN"	"Q15797"	"Q15797 A8KAJ0 D3DNZ9 Q16636"	"207"	"214"	"18045539"	"mutation analysis; protein kinase assay; radiolabel; western blot"	"true positive"	""	"Homo sapiens"
"ELMI002176"	"MOD"	"MOD_GSK3_1"	"SMAD3_HUMAN"	"P84022"	"P84022 A8K4B6 O09064 O09144 O14510 O35273 Q92940 Q93002 Q9GKR4"	"201"	"208"	"19218245"	"knock out; mutation analysis; protein kinase assay"	"true positive"	""	"Homo sapiens"
"ELMI002144"	"MOD"	"MOD_GSK3_1"	"SNAI1_HUMAN"	"O95863"	"O95863 Q9P113 Q9UBP7 Q9UHH7"	"93"	"100"	"15448698"	"alanine scanning; coimmunoprecipitation; western blot"	"true positive"	""	"Homo sapiens"
"ELMI002414"	"MOD"	"MOD_LATS_1"	"ACE2_YEAST"	"P21192"	"P21192 D6VYC6"	"117"	"123"	"18715118"	"alanine scanning; mass detection of residue modification; mutation analysis; protein array; protein kinase assay"	"true positive"	""	"Saccharomyces cerevisiae S288c"
"ELMI002415"	"MOD"	"MOD_LATS_1"	"ACE2_YEAST"	"P21192"	"P21192 D6VYC6"	"132"	"138"	"18715118"	"alanine scanning; mutation analysis; protein array; protein kinase assay"	"true positive"	""	"Saccharomyces cerevisiae S288c"
"ELMI002412"	"MOD"	"MOD_LATS_1"	"ASPP1_HUMAN"	"Q96KQ4"	"Q96KQ4 B2RMX5 O94870"	"378"	"384"	"21041410"	"coimmunoprecipitation; phosphatase assay"	"true positive"	""	"Homo sapiens"
"ELMI002416"	"MOD"	"MOD_LATS_1"	"BCR1_CANAL"	"Q59U10"	"Q59U10 Q59U34"	"186"	"192"	"22589718"	"coimmunoprecipitation; comigration in non denaturing gel electrophoresis; mutation analysis; western blot"	"false positive"	""	"Candida albicans SC5314"
"ELMI002417"	"MOD"	"MOD_LATS_1"	"BCR1_CANAL"	"Q59U10"	"Q59U10 Q59U34"	"551"	"557"	"22589718"	"coimmunoprecipitation; comigration in non denaturing gel electrophoresis; mutation analysis; western blot"	"true positive"	""	"Candida albicans SC5314"
"ELMI002424"	"MOD"	"MOD_LATS_1"	"ITCH_HUMAN"	"Q96J02"	"Q96J02 A6NEW4 E1P5P3 O43584 Q5QP37 Q5TEL0 Q96F66 Q9BY75 Q9H451 Q9H4U5"	"80"	"86"	"21383157"	"sequence based prediction"	"false positive"	""	"Homo sapiens"
"ELMI002407"	"MOD"	"MOD_LATS_1"	"SNAI1_HUMAN"	"O95863"	"O95863 Q9P113 Q9UBP7 Q9UHH7"	"198"	"204"	"21952048"	"fluorescence technology; inhibitor; mutation analysis; protein kinase assay; western blot"	"false positive"	""	"Homo sapiens"
"ELMI002418"	"MOD"	"MOD_LATS_1"	"SSD1_YEAST"	"P24276"	"P24276 D6VSS2"	"37"	"43"	"19962308"	"mutation analysis; protein kinase assay"	"true positive"	""	"Saccharomyces cerevisiae S288c"
"ELMI002419"	"MOD"	"MOD_LATS_1"	"SSD1_YEAST"	"P24276"	"P24276 D6VSS2"	"121"	"127"	"19962308"	"mutation analysis; protein kinase assay"	"true positive"	""	"Saccharomyces cerevisiae S288c"
"ELMI002420"	"MOD"	"MOD_LATS_1"	"SSD1_YEAST"	"P24276"	"P24276 D6VSS2"	"147"	"153"	"19962308"	"mutation analysis; protein kinase assay"	"true positive"	""	"Saccharomyces cerevisiae S288c"
"ELMI002421"	"MOD"	"MOD_LATS_1"	"SSD1_YEAST"	"P24276"	"P24276 D6VSS2"	"159"	"165"	"19962308"	"mutation analysis; protein kinase assay"	"true positive"	""	"Saccharomyces cerevisiae S288c"
"ELMI002422"	"MOD"	"MOD_LATS_1"	"SSD1_YEAST"	"P24276"	"P24276 D6VSS2"	"223"	"229"	"19962308"	"mutation analysis; protein kinase assay"	"true positive"	""	"Saccharomyces cerevisiae S288c"
"ELMI002423"	"MOD"	"MOD_LATS_1"	"SSD1_YEAST"	"P24276"	"P24276 D6VSS2"	"256"	"262"	"19962308"	"mutation analysis; protein kinase assay"	"true positive"	""	"Saccharomyces cerevisiae S288c"
"ELMI002408"	"MOD"	"MOD_LATS_1"	"WWTR1_HUMAN"	"Q9GZV5"	"Q9GZV5 D3DNH7 Q8N3P2 Q9Y3W6"	"61"	"67"	"18227151"	"alanine scanning; phosphatase assay; western blot"	"true positive"	""	"Homo sapiens"
"ELMI002409"	"MOD"	"MOD_LATS_1"	"WWTR1_HUMAN"	"Q9GZV5"	"Q9GZV5 D3DNH7 Q8N3P2 Q9Y3W6"	"84"	"90"	"18227151"	"alanine scanning; phosphatase assay; protein kinase assay; western blot"	"true positive"	""	"Homo sapiens"
"ELMI002410"	"MOD"	"MOD_LATS_1"	"WWTR1_HUMAN"	"Q9GZV5"	"Q9GZV5 D3DNH7 Q8N3P2 Q9Y3W6"	"112"	"118"	"18227151"	"alanine scanning; phosphatase assay; western blot"	"true positive"	""	"Homo sapiens"
"ELMI002411"	"MOD"	"MOD_LATS_1"	"WWTR1_HUMAN"	"Q9GZV5"	"Q9GZV5 D3DNH7 Q8N3P2 Q9Y3W6"	"306"	"312"	"18227151"	"alanine scanning; phosphatase assay; western blot"	"true positive"	""	"Homo sapiens"
"ELMI002402"	"MOD"	"MOD_LATS_1"	"YAP1_HUMAN"	"P46937-2"	"P46937 Q7Z574 Q8IUY9"	"56"	"62"	"17974916"	"colocalization; mutation analysis; phosphatase assay; western blot"	"true positive"	""	"Homo sapiens"
"ELMI002403"	"MOD"	"MOD_LATS_1"	"YAP1_HUMAN"	"P46937-2"	"P46937 Q7Z574 Q8IUY9"	"104"	"110"	"17974916"	"colocalization; mutation analysis; phosphatase assay; western blot"	"true positive"	""	"Homo sapiens"
"ELMI002404"	"MOD"	"MOD_LATS_1"	"YAP1_HUMAN"	"P46937-2"	"P46937 Q7Z574 Q8IUY9"	"122"	"128"	"17974916"	"alanine scanning; colocalization; phosphatase assay; protein kinase assay; western blot"	"true positive"	""	"Homo sapiens"
"ELMI002405"	"MOD"	"MOD_LATS_1"	"YAP1_HUMAN"	"P46937-2"	"P46937 Q7Z574 Q8IUY9"	"159"	"165"	"17974916"	"colocalization; mutation analysis; phosphatase assay; western blot"	"true positive"	""	"Homo sapiens"
"ELMI002406"	"MOD"	"MOD_LATS_1"	"YAP1_HUMAN"	"P46937-2"	"P46937 Q7Z574 Q8IUY9"	"376"	"382"	"17974916"	"colocalization; mutation analysis; phosphatase assay; western blot"	"true positive"	""	"Homo sapiens"
"ELMI002413"	"MOD"	"MOD_LATS_1"	"YORKI_DROME"	"Q45VV3"	"Q45VV3 A2RVH0 A2RVH4 Q0E8X1 Q7KVG6 Q95TU5 Q9W1B6"	"163"	"169"	"17889654"	"alanine scanning; protein kinase assay"	"true positive"	""	"Drosophila melanogaster"
"ELMI004607"	"MOD"	"MOD_LOK_YxT_1"	"EZRI_HUMAN"	"P15311"	"P15311 E1P5A8 P23714 Q4VX75 Q96CU8 Q9NSJ4"	"564"	"569"	"19255442 33836044 28430576"	"colocalization; identification by antibody; knock out; mutation disrupting interaction; phenotype-based detection assay; protein kinase assay; sequence based prediction"	"true positive"	""	"Homo sapiens"
"ELMI004610"	"MOD"	"MOD_LOK_YxT_1"	"MERH_DROME"	"Q24564"	"Q24564 Q24054 Q8SWY3"	"613"	"618"	"17060498"	"coimmunoprecipitation; knock out; mutation disrupting interaction; phenotype-based detection assay; protein kinase assay; pull down"	"true positive"	""	"Drosophila melanogaster"
"ELMI004609"	"MOD"	"MOD_LOK_YxT_1"	"MOEH_DROME"	"P46150"	"P46150 A4V458 P91930 Q24053 Q24435 Q7KVS6 Q7KVS7 Q9W3B4 Q9W3B5 Q9W3B6 Q9W3B7"	"556"	"561"	"17060498 18283112 15371338 18207738"	"colocalization; immunodepleted coimmunoprecipitation; knock out; mutation disrupting interaction; phenotype-based detection assay; protein kinase assay; pull down; rna interference; western blot"	"true positive"	""	"Drosophila melanogaster"
"ELMI004606"	"MOD"	"MOD_LOK_YxT_1"	"MOES_HUMAN"	"P26038"	"P26038"	"555"	"560"	"19255442"	"colocalization; knock out; peptide array; phenotype-based detection assay; protein kinase assay; protein kinase assay"	"true positive"	""	"Homo sapiens"
"ELMI004608"	"MOD"	"MOD_LOK_YxT_1"	"RADI_HUMAN"	"P35241"	"P35241 A7YIJ8 A7YIK0 A7YIK3 B7Z9U6 F5H1A7 Q86Y61"	"561"	"566"	"19255442 33836044"	"colocalization; identification by antibody; knock out; mutation disrupting interaction; phenotype-based detection assay; sequence based prediction"	"true positive"	""	"Homo sapiens"
"ELMI004533"	"MOD"	"MOD_NEK2_1"	"CNTRB_HUMAN"	"Q8N137"	"Q8N137 A6NHQ1 Q331K3 Q69YV7 Q8NCB8 Q8WXV3 Q96CQ7 Q9C060"	"38"	"44"	"23291182"	"alanine scanning; electrophoretic mobility shift assay; protein kinase assay; protein kinase assay; western blot"	"true positive"	""	"Homo sapiens"
"ELMI004532"	"MOD"	"MOD_NEK2_1"	"DVL3_HUMAN"	"Q92997"	"Q92997 B4E3E5 D3DNT0 O14642 Q13531 Q8N5E9 Q92607"	"640"	"646"	"27486244"	"Identification by mass spectrometry; coimmunoprecipitation; protein kinase assay; western blot"	"true positive"	""	"Homo sapiens"
"ELMI000561"	"MOD"	"MOD_N-GLC_1"	"ABCA4_HUMAN"	"P78363"	"P78363 O15112 O60438 O60915 Q4LE31"	"97"	"102"	"11320094"	"not specified"	"true positive"	""	"Homo sapiens"
"ELMI000562"	"MOD"	"MOD_N-GLC_1"	"ABCA4_HUMAN"	"P78363"	"P78363 O15112 O60438 O60915 Q4LE31"	"414"	"419"	"11320094"	"not specified"	"true positive"	""	"Homo sapiens"
"ELMI000563"	"MOD"	"MOD_N-GLC_1"	"ABCA4_HUMAN"	"P78363"	"P78363 O15112 O60438 O60915 Q4LE31"	"443"	"448"	"11320094"	"not specified"	"true positive"	""	"Homo sapiens"
"ELMI000564"	"MOD"	"MOD_N-GLC_1"	"ABCA4_HUMAN"	"P78363"	"P78363 O15112 O60438 O60915 Q4LE31"	"503"	"508"	"11320094"	"not specified"	"true positive"	""	"Homo sapiens"
"ELMI000565"	"MOD"	"MOD_N-GLC_1"	"ABCA4_HUMAN"	"P78363"	"P78363 O15112 O60438 O60915 Q4LE31"	"1468"	"1473"	"11320094"	"not specified"	"true positive"	""	"Homo sapiens"
"ELMI000566"	"MOD"	"MOD_N-GLC_1"	"ABCA4_HUMAN"	"P78363"	"P78363 O15112 O60438 O60915 Q4LE31"	"1528"	"1533"	"11320094"	"not specified"	"true positive"	""	"Homo sapiens"
"ELMI000567"	"MOD"	"MOD_N-GLC_1"	"ABCA4_HUMAN"	"P78363"	"P78363 O15112 O60438 O60915 Q4LE31"	"1587"	"1592"	"11320094"	"not specified"	"true positive"	""	"Homo sapiens"
"ELMI000568"	"MOD"	"MOD_N-GLC_1"	"ABCA4_HUMAN"	"P78363"	"P78363 O15112 O60438 O60915 Q4LE31"	"1661"	"1666"	"11320094"	"not specified"	"true positive"	""	"Homo sapiens"
"ELMI000579"	"MOD"	"MOD_N-GLC_1"	"ACES_HUMAN"	"P22303"	"P22303 A4D2E2 B7ZKZ0 D6W5X7 Q16169 Q29S23 Q2M324 Q504V3 Q53F46 Q86TM9 Q86YX9 Q9BXP7"	"295"	"300"	"8280063"	"not specified"	"true positive"	""	"Homo sapiens"
"ELMI000580"	"MOD"	"MOD_N-GLC_1"	"ACES_HUMAN"	"P22303"	"P22303 A4D2E2 B7ZKZ0 D6W5X7 Q16169 Q29S23 Q2M324 Q504V3 Q53F46 Q86TM9 Q86YX9 Q9BXP7"	"380"	"385"	"8280063"	"not specified"	"true positive"	""	"Homo sapiens"
"ELMI000581"	"MOD"	"MOD_N-GLC_1"	"ACES_HUMAN"	"P22303"	"P22303 A4D2E2 B7ZKZ0 D6W5X7 Q16169 Q29S23 Q2M324 Q504V3 Q53F46 Q86TM9 Q86YX9 Q9BXP7"	"494"	"499"	"8280063"	"not specified"	"true positive"	""	"Homo sapiens"
"ELMI000605"	"MOD"	"MOD_N-GLC_1"	"B3AT_HUMAN"	"P02730"	"P02730 P78487 Q1ZZ45 Q4KKW9 Q4VB84 Q9UCY7 Q9UDJ1"	"641"	"646"	"10364201"	"not specified"	"true positive"	""	"Homo sapiens"
"ELMI000569"	"MOD"	"MOD_N-GLC_1"	"BMP1_HUMAN"	"P13497"	"P13497 A8K6F5 B2RN46 D3DSR0 Q13292 Q13872 Q14874 Q99421 Q99422 Q99423 Q9UL38"	"90"	"95"	"12218058"	"not specified"	"true positive"	""	"Homo sapiens"
"ELMI000570"	"MOD"	"MOD_N-GLC_1"	"BMP1_HUMAN"	"P13497"	"P13497 A8K6F5 B2RN46 D3DSR0 Q13292 Q13872 Q14874 Q99421 Q99422 Q99423 Q9UL38"	"141"	"146"	"12218058"	"not specified"	"true positive"	""	"Homo sapiens"
"ELMI000571"	"MOD"	"MOD_N-GLC_1"	"BMP1_HUMAN"	"P13497"	"P13497 A8K6F5 B2RN46 D3DSR0 Q13292 Q13872 Q14874 Q99421 Q99422 Q99423 Q9UL38"	"331"	"336"	"12218058"	"not specified"	"true positive"	""	"Homo sapiens"
"ELMI000572"	"MOD"	"MOD_N-GLC_1"	"BMP1_HUMAN"	"P13497"	"P13497 A8K6F5 B2RN46 D3DSR0 Q13292 Q13872 Q14874 Q99421 Q99422 Q99423 Q9UL38"	"362"	"367"	"12218058"	"not specified"	"true positive"	""	"Homo sapiens"
"ELMI000573"	"MOD"	"MOD_N-GLC_1"	"BMP1_HUMAN"	"P13497"	"P13497 A8K6F5 B2RN46 D3DSR0 Q13292 Q13872 Q14874 Q99421 Q99422 Q99423 Q9UL38"	"598"	"603"	"12218058"	"not specified"	"true positive"	""	"Homo sapiens"
"ELMI000552"	"MOD"	"MOD_N-GLC_1"	"CASR_HUMAN"	"P41180"	"P41180 Q13912 Q16108 Q16109 Q16110 Q16379 Q2M1T0 Q4PJ19"	"89"	"94"	"9852126"	"not specified"	"true positive"	""	"Homo sapiens"
"ELMI000553"	"MOD"	"MOD_N-GLC_1"	"CASR_HUMAN"	"P41180"	"P41180 Q13912 Q16108 Q16109 Q16110 Q16379 Q2M1T0 Q4PJ19"	"129"	"134"	"9852126"	"not specified"	"true positive"	""	"Homo sapiens"
"ELMI000554"	"MOD"	"MOD_N-GLC_1"	"CASR_HUMAN"	"P41180"	"P41180 Q13912 Q16108 Q16109 Q16110 Q16379 Q2M1T0 Q4PJ19"	"260"	"265"	"9852126"	"not specified"	"true positive"	""	"Homo sapiens"
"ELMI000555"	"MOD"	"MOD_N-GLC_1"	"CASR_HUMAN"	"P41180"	"P41180 Q13912 Q16108 Q16109 Q16110 Q16379 Q2M1T0 Q4PJ19"	"286"	"291"	"9852126"	"not specified"	"true positive"	""	"Homo sapiens"
"ELMI000556"	"MOD"	"MOD_N-GLC_1"	"CASR_HUMAN"	"P41180"	"P41180 Q13912 Q16108 Q16109 Q16110 Q16379 Q2M1T0 Q4PJ19"	"385"	"390"	"9852126"	"not specified"	"true positive"	""	"Homo sapiens"
"ELMI000557"	"MOD"	"MOD_N-GLC_1"	"CASR_HUMAN"	"P41180"	"P41180 Q13912 Q16108 Q16109 Q16110 Q16379 Q2M1T0 Q4PJ19"	"445"	"450"	"9852126"	"not specified"	"true positive"	""	"Homo sapiens"
"ELMI000558"	"MOD"	"MOD_N-GLC_1"	"CASR_HUMAN"	"P41180"	"P41180 Q13912 Q16108 Q16109 Q16110 Q16379 Q2M1T0 Q4PJ19"	"467"	"472"	"9852126"	"not specified"	"true positive"	""	"Homo sapiens"
"ELMI000559"	"MOD"	"MOD_N-GLC_1"	"CASR_HUMAN"	"P41180"	"P41180 Q13912 Q16108 Q16109 Q16110 Q16379 Q2M1T0 Q4PJ19"	"487"	"492"	"9852126"	"not specified"	"true positive"	""	"Homo sapiens"
"ELMI000560"	"MOD"	"MOD_N-GLC_1"	"CASR_HUMAN"	"P41180"	"P41180 Q13912 Q16108 Q16109 Q16110 Q16379 Q2M1T0 Q4PJ19"	"540"	"545"	"9852126"	"not specified"	"true positive"	""	"Homo sapiens"
"ELMI000608"	"MOD"	"MOD_N-GLC_1"	"CO6_HUMAN"	"P13671"	"P13671"	"323"	"328"	"2468158"	"not specified"	"true positive"	""	"Homo sapiens"
"ELMI001774"	"MOD"	"MOD_N-GLC_1"	"ENV_HV1B1"	"P03375"	"P03375 P03376"	"87"	"92"	"2355006"	"deglycosylase assay"	"true positive"	""	"Human immunodeficiency virus type 1 BH10"
"ELMI001775"	"MOD"	"MOD_N-GLC_1"	"ENV_HV1B1"	"P03375"	"P03375 P03376"	"140"	"145"	"2355006"	"deglycosylase assay; detection by mass spectrometry; edman degradation"	"true positive"	""	"Human immunodeficiency virus type 1 BH10"
"ELMI001776"	"MOD"	"MOD_N-GLC_1"	"ENV_HV1B1"	"P03375"	"P03375 P03376"	"159"	"164"	"2355006"	"deglycosylase assay; detection by mass spectrometry"	"true positive"	""	"Human immunodeficiency virus type 1 BH10"
"ELMI001777"	"MOD"	"MOD_N-GLC_1"	"ENV_HV1B1"	"P03375"	"P03375 P03376"	"185"	"190"	"2355006"	"deglycosylase assay; edman degradation"	"true positive"	""	"Human immunodeficiency virus type 1 BH10"
"ELMI001778"	"MOD"	"MOD_N-GLC_1"	"ENV_HV1B1"	"P03375"	"P03375 P03376"	"196"	"201"	"2355006"	"deglycosylase assay; edman degradation"	"true positive"	""	"Human immunodeficiency virus type 1 BH10"
"ELMI001779"	"MOD"	"MOD_N-GLC_1"	"ENV_HV1B1"	"P03375"	"P03375 P03376"	"233"	"238"	"2355006"	"alanine scanning; edman degradation"	"true positive"	""	"Human immunodeficiency virus type 1 BH10"
"ELMI001780"	"MOD"	"MOD_N-GLC_1"	"ENV_HV1B1"	"P03375"	"P03375 P03376"	"240"	"245"	"2355006"	"deglycosylase assay; edman degradation"	"true positive"	""	"Human immunodeficiency virus type 1 BH10"
"ELMI001781"	"MOD"	"MOD_N-GLC_1"	"ENV_HV1B1"	"P03375"	"P03375 P03376"	"261"	"266"	"2355006"	"deglycosylase assay; edman degradation"	"true positive"	""	"Human immunodeficiency virus type 1 BH10"
"ELMI001782"	"MOD"	"MOD_N-GLC_1"	"ENV_HV1B1"	"P03375"	"P03375 P03376"	"275"	"280"	"2355006"	"deglycosylase assay; edman degradation"	"true positive"	""	"Human immunodeficiency virus type 1 BH10"
"ELMI002292"	"MOD"	"MOD_N-GLC_1"	"ENV_HV1B1"	"P03375"	"P03375 P03376"	"288"	"293"	"2355006"	"edman degradation"	"true positive"	""	"Human immunodeficiency virus type 1 BH10"
"ELMI001783"	"MOD"	"MOD_N-GLC_1"	"ENV_HV1B1"	"P03375"	"P03375 P03376"	"294"	"299"	"2355006"	"deglycosylase assay; edman degradation"	"true positive"	""	"Human immunodeficiency virus type 1 BH10"
"ELMI001784"	"MOD"	"MOD_N-GLC_1"	"ENV_HV1B1"	"P03375"	"P03375 P03376"	"300"	"305"	"2355006"	"deglycosylase assay; edman degradation"	"true positive"	""	"Human immunodeficiency virus type 1 BH10"
"ELMI002293"	"MOD"	"MOD_N-GLC_1"	"ENV_HV1B1"	"P03375"	"P03375 P03376"	"331"	"336"	"2355006"	"edman degradation"	"true positive"	""	"Human immunodeficiency virus type 1 BH10"
"ELMI001785"	"MOD"	"MOD_N-GLC_1"	"ENV_HV1B1"	"P03375"	"P03375 P03376"	"338"	"343"	"2355006"	"deglycosylase assay; edman degradation"	"true positive"	""	"Human immunodeficiency virus type 1 BH10"
"ELMI001786"	"MOD"	"MOD_N-GLC_1"	"ENV_HV1B1"	"P03375"	"P03375 P03376"	"355"	"360"	"2355006"	"deglycosylase assay; edman degradation"	"true positive"	""	"Human immunodeficiency virus type 1 BH10"
"ELMI002294"	"MOD"	"MOD_N-GLC_1"	"ENV_HV1B1"	"P03375"	"P03375 P03376"	"385"	"390"	"2355006"	"edman degradation"	"true positive"	""	"Human immunodeficiency virus type 1 BH10"
"ELMI001787"	"MOD"	"MOD_N-GLC_1"	"ENV_HV1B1"	"P03375"	"P03375 P03376"	"391"	"396"	"2355006"	"deglycosylase assay; edman degradation"	"true positive"	""	"Human immunodeficiency virus type 1 BH10"
"ELMI001788"	"MOD"	"MOD_N-GLC_1"	"ENV_HV1B1"	"P03375"	"P03375 P03376"	"396"	"401"	"2355006"	"deglycosylase assay; edman degradation"	"true positive"	""	"Human immunodeficiency virus type 1 BH10"
"ELMI001789"	"MOD"	"MOD_N-GLC_1"	"ENV_HV1B1"	"P03375"	"P03375 P03376"	"405"	"410"	"2355006"	"deglycosylase assay; edman degradation"	"true positive"	""	"Human immunodeficiency virus type 1 BH10"
"ELMI001790"	"MOD"	"MOD_N-GLC_1"	"ENV_HV1B1"	"P03375"	"P03375 P03376"	"447"	"452"	"2355006"	"deglycosylase assay; edman degradation"	"true positive"	""	"Human immunodeficiency virus type 1 BH10"
"ELMI001791"	"MOD"	"MOD_N-GLC_1"	"ENV_HV1B1"	"P03375"	"P03375 P03376"	"462"	"467"	"2355006"	"deglycosylase assay; edman degradation"	"true positive"	""	"Human immunodeficiency virus type 1 BH10"
"ELMI001792"	"MOD"	"MOD_N-GLC_1"	"ENV_HV1B1"	"P03375"	"P03375 P03376"	"615"	"620"	"2355006"	"inferred by author"	"true positive"	""	"Human immunodeficiency virus type 1 BH10"
"ELMI001793"	"MOD"	"MOD_N-GLC_1"	"ENV_HV1B1"	"P03375"	"P03375 P03376"	"624"	"629"	"2355006"	"inferred by author"	"true positive"	""	"Human immunodeficiency virus type 1 BH10"
"ELMI001794"	"MOD"	"MOD_N-GLC_1"	"ENV_HV1B1"	"P03375"	"P03375 P03376"	"636"	"641"	"2355006"	"inferred by author"	"true positive"	""	"Human immunodeficiency virus type 1 BH10"
"ELMI001795"	"MOD"	"MOD_N-GLC_1"	"ENV_HV1B1"	"P03375"	"P03375 P03376"	"673"	"678"	"2355006"	"inferred by author"	"true positive"	""	"Human immunodeficiency virus type 1 BH10"
"ELMI001796"	"MOD"	"MOD_N-GLC_1"	"ENV_HV1H2"	"P04578"	"P04578 O09779"	"261"	"266"	"12072528"	"mutation analysis"	"true positive"	""	"HIV-1 M:B_HXB2R"
"ELMI002295"	"MOD"	"MOD_N-GLC_1"	"ENV_HV1H2"	"P04578"	"P04578 O09779"	"294"	"299"	"12072528"	"mutation analysis"	"true positive"	""	"HIV-1 M:B_HXB2R"
"ELMI001797"	"MOD"	"MOD_N-GLC_1"	"ENV_HV1H2"	"P04578"	"P04578 O09779"	"300"	"305"	"12072528"	"mutation analysis"	"true positive"	""	"HIV-1 M:B_HXB2R"
"ELMI002296"	"MOD"	"MOD_N-GLC_1"	"ENV_HV1H2"	"P04578"	"P04578 O09779"	"331"	"336"	"12072528"	"mutation analysis"	"true positive"	""	"HIV-1 M:B_HXB2R"
"ELMI001798"	"MOD"	"MOD_N-GLC_1"	"ENV_HV1H2"	"P04578"	"P04578 O09779"	"338"	"343"	"12072528"	"mutation analysis"	"true positive"	""	"HIV-1 M:B_HXB2R"
"ELMI002297"	"MOD"	"MOD_N-GLC_1"	"ENV_HV1H2"	"P04578"	"P04578 O09779"	"385"	"390"	"12072528"	"mutation analysis"	"true positive"	""	"HIV-1 M:B_HXB2R"
"ELMI001799"	"MOD"	"MOD_N-GLC_1"	"ENV_HV1H2"	"P04578"	"P04578 O09779"	"391"	"396"	"12072528"	"mutation analysis"	"true positive"	""	"HIV-1 M:B_HXB2R"
"ELMI001800"	"MOD"	"MOD_N-GLC_1"	"ENV_HV1H2"	"P04578"	"P04578 O09779"	"396"	"401"	"12072528"	"mutation analysis"	"true positive"	""	"HIV-1 M:B_HXB2R"
"ELMI001801"	"MOD"	"MOD_N-GLC_1"	"ENV_HV1H2"	"P04578"	"P04578 O09779"	"447"	"452"	"12072528"	"mutation analysis"	"true positive"	""	"HIV-1 M:B_HXB2R"
"ELMI000601"	"MOD"	"MOD_N-GLC_1"	"FA9_HUMAN"	"P00740"	"P00740 A8K9N4 Q5JYJ8"	"202"	"207"	"11133752"	"not specified"	"true positive"	""	"Homo sapiens"
"ELMI000602"	"MOD"	"MOD_N-GLC_1"	"FA9_HUMAN"	"P00740"	"P00740 A8K9N4 Q5JYJ8"	"212"	"217"	"11133752"	"not specified"	"true positive"	""	"Homo sapiens"
"ELMI000606"	"MOD"	"MOD_N-GLC_1"	"FSHB_HUMAN"	"P01225"	"P01225 A2TF08 A5JVV3 Q14D61"	"24"	"29"	"11502795"	"not specified"	"true positive"	""	"Homo sapiens"
"ELMI002298"	"MOD"	"MOD_N-GLC_1"	"FUS_NIPAV"	"Q9IH63"	"Q9IH63 Q5K4D9 Q8QU00"	"63"	"68"	"15194804"	"mutation analysis"	"true positive"	""	"Nipah virus"
"ELMI001802"	"MOD"	"MOD_N-GLC_1"	"FUS_NIPAV"	"Q9IH63"	"Q9IH63 Q5K4D9 Q8QU00"	"66"	"71"	"15194804"	"mutation analysis"	"true positive"	""	"Nipah virus"
"ELMI001803"	"MOD"	"MOD_N-GLC_1"	"FUS_NIPAV"	"Q9IH63"	"Q9IH63 Q5K4D9 Q8QU00"	"98"	"103"	"15194804"	"mutation analysis"	"true positive"	""	"Nipah virus"
"ELMI001804"	"MOD"	"MOD_N-GLC_1"	"FUS_NIPAV"	"Q9IH63"	"Q9IH63 Q5K4D9 Q8QU00"	"413"	"418"	"15194804"	"mutation analysis"	"true positive"	""	"Nipah virus"
"ELMI001805"	"MOD"	"MOD_N-GLC_1"	"FUS_NIPAV"	"Q9IH63"	"Q9IH63 Q5K4D9 Q8QU00"	"463"	"468"	"15194804"	"mutation analysis"	"true positive"	""	"Nipah virus"
"ELMI000832"	"MOD"	"MOD_N-GLC_1"	"HEXB_HUMAN"	"P07686"	"P07686"	"83"	"88"	""	""	"true positive"	""	"Homo sapiens"
"ELMI000833"	"MOD"	"MOD_N-GLC_1"	"HEXB_HUMAN"	"P07686"	"P07686"	"189"	"194"	""	""	"true positive"	""	"Homo sapiens"
"ELMI000834"	"MOD"	"MOD_N-GLC_1"	"HEXB_HUMAN"	"P07686"	"P07686"	"326"	"331"	""	""	"true positive"	""	"Homo sapiens"
"ELMI000585"	"MOD"	"MOD_N-GLC_1"	"IL3RB_HUMAN"	"P32927"	"P32927 Q5JZI1 Q6ICE0"	"57"	"62"	"10828016"	"not specified"	"true positive"	""	"Homo sapiens"
"ELMI000586"	"MOD"	"MOD_N-GLC_1"	"IL3RB_HUMAN"	"P32927"	"P32927 Q5JZI1 Q6ICE0"	"190"	"195"	"10828016"	"not specified"	"true positive"	""	"Homo sapiens"
"ELMI000587"	"MOD"	"MOD_N-GLC_1"	"IL3RB_HUMAN"	"P32927"	"P32927 Q5JZI1 Q6ICE0"	"345"	"350"	"10828016"	"not specified"	"true positive"	""	"Homo sapiens"
"ELMI000588"	"MOD"	"MOD_N-GLC_1"	"IL6RA_HUMAN"	"P08887"	"P08887 A8KAE8 B2R6V4 Q16202 Q53EQ7 Q5FWG2 Q5VZ23"	"54"	"59"	"10066782"	"not specified"	"true positive"	""	"Homo sapiens"
"ELMI000589"	"MOD"	"MOD_N-GLC_1"	"IL6RA_HUMAN"	"P08887"	"P08887 A8KAE8 B2R6V4 Q16202 Q53EQ7 Q5FWG2 Q5VZ23"	"92"	"97"	"10066782"	"not specified"	"true positive"	""	"Homo sapiens"
"ELMI000590"	"MOD"	"MOD_N-GLC_1"	"IL6RA_HUMAN"	"P08887"	"P08887 A8KAE8 B2R6V4 Q16202 Q53EQ7 Q5FWG2 Q5VZ23"	"220"	"225"	"10066782"	"not specified"	"true positive"	""	"Homo sapiens"
"ELMI000543"	"MOD"	"MOD_N-GLC_1"	"IL6RB_HUMAN"	"P40189"	"P40189 A0N0L4 Q9UQ41"	"42"	"47"	"11098061"	"not specified"	"true positive"	""	"Homo sapiens"
"ELMI000544"	"MOD"	"MOD_N-GLC_1"	"IL6RB_HUMAN"	"P40189"	"P40189 A0N0L4 Q9UQ41"	"82"	"87"	"11098061"	"not specified"	"true positive"	""	"Homo sapiens"
"ELMI000545"	"MOD"	"MOD_N-GLC_1"	"IL6RB_HUMAN"	"P40189"	"P40189 A0N0L4 Q9UQ41"	"130"	"135"	"11098061"	"not specified"	"true positive"	""	"Homo sapiens"
"ELMI000546"	"MOD"	"MOD_N-GLC_1"	"IL6RB_HUMAN"	"P40189"	"P40189 A0N0L4 Q9UQ41"	"156"	"161"	"11098061"	"not specified"	"true positive"	""	"Homo sapiens"
"ELMI000547"	"MOD"	"MOD_N-GLC_1"	"IL6RB_HUMAN"	"P40189"	"P40189 A0N0L4 Q9UQ41"	"226"	"231"	"11098061"	"not specified"	"true positive"	""	"Homo sapiens"
"ELMI000548"	"MOD"	"MOD_N-GLC_1"	"IL6RB_HUMAN"	"P40189"	"P40189 A0N0L4 Q9UQ41"	"378"	"383"	"11098061"	"not specified"	"true positive"	""	"Homo sapiens"
"ELMI000549"	"MOD"	"MOD_N-GLC_1"	"IL6RB_HUMAN"	"P40189"	"P40189 A0N0L4 Q9UQ41"	"382"	"387"	"11098061"	"not specified"	"true positive"	""	"Homo sapiens"
"ELMI000550"	"MOD"	"MOD_N-GLC_1"	"IL6RB_HUMAN"	"P40189"	"P40189 A0N0L4 Q9UQ41"	"552"	"557"	"11098061"	"not specified"	"true positive"	""	"Homo sapiens"
"ELMI000551"	"MOD"	"MOD_N-GLC_1"	"IL6RB_HUMAN"	"P40189"	"P40189 A0N0L4 Q9UQ41"	"563"	"568"	"11098061"	"not specified"	"true positive"	""	"Homo sapiens"
"ELMI000607"	"MOD"	"MOD_N-GLC_1"	"INHA_HUMAN"	"P05111"	"P05111 A8K8H5"	"301"	"306"	"8885240"	"not specified"	"true positive"	""	"Homo sapiens"
"ELMI000611"	"MOD"	"MOD_N-GLC_1"	"MOGS_HUMAN"	"Q13724"	"Q13724 A8K938 Q17RN9 Q8TCT5"	"656"	"661"	"7635146"	"not specified"	"true positive"	""	"Homo sapiens"
"ELMI000597"	"MOD"	"MOD_N-GLC_1"	"NK2R_HUMAN"	"P21452"	"P21452 A8K7I1 Q4QRI5 Q8NGQ8 Q9UDE6 Q9UDE7"	"10"	"15"	"7721803"	"not specified"	"true positive"	""	"Homo sapiens"
"ELMI000598"	"MOD"	"MOD_N-GLC_1"	"NK2R_HUMAN"	"P21452"	"P21452 A8K7I1 Q4QRI5 Q8NGQ8 Q9UDE6 Q9UDE7"	"18"	"23"	"7721803"	"not specified"	"true positive"	""	"Homo sapiens"
"ELMI000591"	"MOD"	"MOD_N-GLC_1"	"OXYR_HUMAN"	"P30559"	"P30559 Q15071"	"7"	"12"	"9433921"	"not specified"	"true positive"	""	"Homo sapiens"
"ELMI000592"	"MOD"	"MOD_N-GLC_1"	"OXYR_HUMAN"	"P30559"	"P30559 Q15071"	"14"	"19"	"9433921"	"not specified"	"true positive"	""	"Homo sapiens"
"ELMI000593"	"MOD"	"MOD_N-GLC_1"	"OXYR_HUMAN"	"P30559"	"P30559 Q15071"	"25"	"30"	"9433921"	"not specified"	"true positive"	""	"Homo sapiens"
"ELMI000610"	"MOD"	"MOD_N-GLC_1"	"PMP22_HUMAN"	"Q01453"	"Q01453 Q8WV01"	"40"	"45"	"10982389"	"not specified"	"true positive"	""	"Homo sapiens"
"ELMI001806"	"MOD"	"MOD_N-GLC_1"	"POLG_HCVH"	"P27958"	"P27958 O36579 O36608 O36609 O36610"	"195"	"200"	"10211957"	"mutation analysis"	"true positive"	""	"Hepatitis C virus (isolate H)"
"ELMI001807"	"MOD"	"MOD_N-GLC_1"	"POLG_HCVH"	"P27958"	"P27958 O36579 O36608 O36609 O36610"	"208"	"213"	"10211957"	"mutation analysis"	"true positive"	""	"Hepatitis C virus (isolate H)"
"ELMI001808"	"MOD"	"MOD_N-GLC_1"	"POLG_HCVH"	"P27958"	"P27958 O36579 O36608 O36609 O36610"	"233"	"238"	"10211957"	"mutation analysis"	"true positive"	""	"Hepatitis C virus (isolate H)"
"ELMI001809"	"MOD"	"MOD_N-GLC_1"	"POLG_HCVH"	"P27958"	"P27958 O36579 O36608 O36609 O36610"	"304"	"309"	"10211957"	"mutation analysis"	"true positive"	""	"Hepatitis C virus (isolate H)"
"ELMI000599"	"MOD"	"MOD_N-GLC_1"	"PRIO_HUMAN"	"P04156"	"P04156 O60489 P78446 Q15216 Q15221 Q27H91 Q5QPB4 Q8TBG0 Q96E70 Q9UP19"	"180"	"185"	"12356908"	"not specified"	"true positive"	""	"Homo sapiens"
"ELMI000600"	"MOD"	"MOD_N-GLC_1"	"PRIO_HUMAN"	"P04156"	"P04156 O60489 P78446 Q15216 Q15221 Q27H91 Q5QPB4 Q8TBG0 Q96E70 Q9UP19"	"196"	"201"	"12356908"	"not specified"	"true positive"	""	"Homo sapiens"
"ELMI000594"	"MOD"	"MOD_N-GLC_1"	"PRLR_HUMAN"	"P16471"	"P16471 B2R882 Q16354 Q8TD75 Q8TD78 Q96P35 Q96P36 Q9BX87 Q9UHJ5"	"58"	"63"	"9544990"	"not specified"	"true positive"	""	"Homo sapiens"
"ELMI000595"	"MOD"	"MOD_N-GLC_1"	"PRLR_HUMAN"	"P16471"	"P16471 B2R882 Q16354 Q8TD75 Q8TD78 Q96P35 Q96P36 Q9BX87 Q9UHJ5"	"103"	"108"	"9544990"	"not specified"	"true positive"	""	"Homo sapiens"
"ELMI000596"	"MOD"	"MOD_N-GLC_1"	"PRLR_HUMAN"	"P16471"	"P16471 B2R882 Q16354 Q8TD75 Q8TD78 Q96P35 Q96P36 Q9BX87 Q9UHJ5"	"232"	"237"	"9544990"	"not specified"	"true positive"	""	"Homo sapiens"
"ELMI001810"	"MOD"	"MOD_N-GLC_1"	"Q3I0Y8_WNV"	"Q3I0Y8"	"Q3I0Y8"	"443"	"448"	"16987985"	"x-ray crystallography"	"true positive"	"2HG0"	"West Nile virus"
"ELMI000540"	"MOD"	"MOD_N-GLC_1"	"SIAL_HUMAN"	"P21815"	"P21815"	"176"	"181"	"11459848"	"not specified"	"true positive"	""	"Homo sapiens"
"ELMI000541"	"MOD"	"MOD_N-GLC_1"	"SIAL_HUMAN"	"P21815"	"P21815"	"181"	"186"	"11459848"	"not specified"	"true positive"	""	"Homo sapiens"
"ELMI000542"	"MOD"	"MOD_N-GLC_1"	"SIAL_HUMAN"	"P21815"	"P21815"	"189"	"194"	"11459848"	"not specified"	"true positive"	""	"Homo sapiens"
"ELMI001811"	"MOD"	"MOD_N-GLC_1"	"SPIKE_CVHSA"	"P59594"	"P59594 Q6QU82 Q7T696 Q7TA19 Q7TFA2 Q7TFB1 Q80BV6"	"118"	"123"	"12775768"	"deglycosylase assay; detection by mass spectrometry"	"true positive"	""	"SARS coronavirus"
"ELMI001812"	"MOD"	"MOD_N-GLC_1"	"SPIKE_CVHSA"	"P59594"	"P59594 Q6QU82 Q7T696 Q7TA19 Q7TFA2 Q7TFB1 Q80BV6"	"226"	"231"	"12775768"	"deglycosylase assay; detection by mass spectrometry"	"true positive"	""	"SARS coronavirus"
"ELMI001813"	"MOD"	"MOD_N-GLC_1"	"SPIKE_CVHSA"	"P59594"	"P59594 Q6QU82 Q7T696 Q7TA19 Q7TFA2 Q7TFB1 Q80BV6"	"268"	"273"	"12775768"	"deglycosylase assay; detection by mass spectrometry"	"true positive"	""	"SARS coronavirus"
"ELMI001814"	"MOD"	"MOD_N-GLC_1"	"SPIKE_CVHSA"	"P59594"	"P59594 Q6QU82 Q7T696 Q7TA19 Q7TFA2 Q7TFB1 Q80BV6"	"317"	"322"	"12775768"	"deglycosylase assay; detection by mass spectrometry"	"true positive"	""	"SARS coronavirus"
"ELMI001815"	"MOD"	"MOD_N-GLC_1"	"SPIKE_CVHSA"	"P59594"	"P59594 Q6QU82 Q7T696 Q7TA19 Q7TFA2 Q7TFB1 Q80BV6"	"329"	"334"	"12775768"	"deglycosylase assay; detection by mass spectrometry"	"true positive"	""	"SARS coronavirus"
"ELMI001816"	"MOD"	"MOD_N-GLC_1"	"SPIKE_CVHSA"	"P59594"	"P59594 Q6QU82 Q7T696 Q7TA19 Q7TFA2 Q7TFB1 Q80BV6"	"356"	"361"	"12775768"	"deglycosylase assay; detection by mass spectrometry"	"true positive"	""	"SARS coronavirus"
"ELMI001817"	"MOD"	"MOD_N-GLC_1"	"SPIKE_CVHSA"	"P59594"	"P59594 Q6QU82 Q7T696 Q7TA19 Q7TFA2 Q7TFB1 Q80BV6"	"782"	"787"	"12775768"	"deglycosylase assay; detection by mass spectrometry"	"true positive"	""	"SARS coronavirus"
"ELMI001818"	"MOD"	"MOD_N-GLC_1"	"SPIKE_CVHSA"	"P59594"	"P59594 Q6QU82 Q7T696 Q7TA19 Q7TFA2 Q7TFB1 Q80BV6"	"1055"	"1060"	"12775768"	"deglycosylase assay; detection by mass spectrometry"	"true positive"	""	"SARS coronavirus"
"ELMI001819"	"MOD"	"MOD_N-GLC_1"	"SPIKE_CVHSA"	"P59594"	"P59594 Q6QU82 Q7T696 Q7TA19 Q7TFA2 Q7TFB1 Q80BV6"	"1079"	"1084"	"12775768"	"deglycosylase assay; detection by mass spectrometry"	"true positive"	""	"SARS coronavirus"
"ELMI001820"	"MOD"	"MOD_N-GLC_1"	"SPIKE_CVHSA"	"P59594"	"P59594 Q6QU82 Q7T696 Q7TA19 Q7TFA2 Q7TFB1 Q80BV6"	"1139"	"1144"	"12775768"	"deglycosylase assay; detection by mass spectrometry"	"true positive"	""	"SARS coronavirus"
"ELMI001821"	"MOD"	"MOD_N-GLC_1"	"SPIKE_CVHSA"	"P59594"	"P59594 Q6QU82 Q7T696 Q7TA19 Q7TFA2 Q7TFB1 Q80BV6"	"1154"	"1159"	"12775768"	"deglycosylase assay; detection by mass spectrometry"	"true positive"	""	"SARS coronavirus"
"ELMI001822"	"MOD"	"MOD_N-GLC_1"	"SPIKE_CVHSA"	"P59594"	"P59594 Q6QU82 Q7T696 Q7TA19 Q7TFA2 Q7TFB1 Q80BV6"	"1175"	"1180"	"12775768"	"deglycosylase assay; detection by mass spectrometry"	"true positive"	""	"SARS coronavirus"
"ELMI000343"	"MOD"	"MOD_N-GLC_1"	"THYG_HUMAN"	"P01266"	"P01266 O15274 O43899 Q15593 Q15948 Q9NYR1 Q9NYR2 Q9UMZ0 Q9UNY3"	"75"	"80"	""	""	"true positive"	""	"Homo sapiens"
"ELMI000518"	"MOD"	"MOD_N-GLC_1"	"THYG_HUMAN"	"P01266"	"P01266 O15274 O43899 Q15593 Q15948 Q9NYR1 Q9NYR2 Q9UMZ0 Q9UNY3"	"109"	"114"	"8530385"	"not specified"	"true positive"	""	"Homo sapiens"
"ELMI000519"	"MOD"	"MOD_N-GLC_1"	"THYG_HUMAN"	"P01266"	"P01266 O15274 O43899 Q15593 Q15948 Q9NYR1 Q9NYR2 Q9UMZ0 Q9UNY3"	"197"	"202"	"8615697"	"not specified"	"true positive"	""	"Homo sapiens"
"ELMI000520"	"MOD"	"MOD_N-GLC_1"	"THYG_HUMAN"	"P01266"	"P01266 O15274 O43899 Q15593 Q15948 Q9NYR1 Q9NYR2 Q9UMZ0 Q9UNY3"	"483"	"488"	"8615697"	"not specified"	"true positive"	""	"Homo sapiens"
"ELMI000521"	"MOD"	"MOD_N-GLC_1"	"THYG_HUMAN"	"P01266"	"P01266 O15274 O43899 Q15593 Q15948 Q9NYR1 Q9NYR2 Q9UMZ0 Q9UNY3"	"528"	"533"	"8615697"	"not specified"	"true positive"	""	"Homo sapiens"
"ELMI000522"	"MOD"	"MOD_N-GLC_1"	"THYG_HUMAN"	"P01266"	"P01266 O15274 O43899 Q15593 Q15948 Q9NYR1 Q9NYR2 Q9UMZ0 Q9UNY3"	"747"	"752"	"8615697"	"not specified"	"true positive"	""	"Homo sapiens"
"ELMI000523"	"MOD"	"MOD_N-GLC_1"	"THYG_HUMAN"	"P01266"	"P01266 O15274 O43899 Q15593 Q15948 Q9NYR1 Q9NYR2 Q9UMZ0 Q9UNY3"	"815"	"820"	"8615697"	"not specified"	"true positive"	""	"Homo sapiens"
"ELMI000524"	"MOD"	"MOD_N-GLC_1"	"THYG_HUMAN"	"P01266"	"P01266 O15274 O43899 Q15593 Q15948 Q9NYR1 Q9NYR2 Q9UMZ0 Q9UNY3"	"946"	"951"	"8615697"	"not specified"	"true positive"	""	"Homo sapiens"
"ELMI000525"	"MOD"	"MOD_N-GLC_1"	"THYG_HUMAN"	"P01266"	"P01266 O15274 O43899 Q15593 Q15948 Q9NYR1 Q9NYR2 Q9UMZ0 Q9UNY3"	"1219"	"1224"	"8615697"	"not specified"	"true positive"	""	"Homo sapiens"
"ELMI000526"	"MOD"	"MOD_N-GLC_1"	"THYG_HUMAN"	"P01266"	"P01266 O15274 O43899 Q15593 Q15948 Q9NYR1 Q9NYR2 Q9UMZ0 Q9UNY3"	"1347"	"1352"	"8615697"	"not specified"	"true positive"	""	"Homo sapiens"
"ELMI000527"	"MOD"	"MOD_N-GLC_1"	"THYG_HUMAN"	"P01266"	"P01266 O15274 O43899 Q15593 Q15948 Q9NYR1 Q9NYR2 Q9UMZ0 Q9UNY3"	"1364"	"1369"	"8615697"	"not specified"	"true positive"	""	"Homo sapiens"
"ELMI000528"	"MOD"	"MOD_N-GLC_1"	"THYG_HUMAN"	"P01266"	"P01266 O15274 O43899 Q15593 Q15948 Q9NYR1 Q9NYR2 Q9UMZ0 Q9UNY3"	"1715"	"1720"	"8615697"	"not specified"	"true positive"	""	"Homo sapiens"
"ELMI000529"	"MOD"	"MOD_N-GLC_1"	"THYG_HUMAN"	"P01266"	"P01266 O15274 O43899 Q15593 Q15948 Q9NYR1 Q9NYR2 Q9UMZ0 Q9UNY3"	"1773"	"1778"	"8615697"	"not specified"	"true positive"	""	"Homo sapiens"
"ELMI000530"	"MOD"	"MOD_N-GLC_1"	"THYG_HUMAN"	"P01266"	"P01266 O15274 O43899 Q15593 Q15948 Q9NYR1 Q9NYR2 Q9UMZ0 Q9UNY3"	"2012"	"2017"	"8615697"	"not specified"	"true positive"	""	"Homo sapiens"
"ELMI000531"	"MOD"	"MOD_N-GLC_1"	"THYG_HUMAN"	"P01266"	"P01266 O15274 O43899 Q15593 Q15948 Q9NYR1 Q9NYR2 Q9UMZ0 Q9UNY3"	"2249"	"2254"	"8615697"	"not specified"	"true positive"	""	"Homo sapiens"
"ELMI000532"	"MOD"	"MOD_N-GLC_1"	"THYG_HUMAN"	"P01266"	"P01266 O15274 O43899 Q15593 Q15948 Q9NYR1 Q9NYR2 Q9UMZ0 Q9UNY3"	"2294"	"2299"	"8615697"	"not specified"	"true positive"	""	"Homo sapiens"
"ELMI000533"	"MOD"	"MOD_N-GLC_1"	"THYG_HUMAN"	"P01266"	"P01266 O15274 O43899 Q15593 Q15948 Q9NYR1 Q9NYR2 Q9UMZ0 Q9UNY3"	"2581"	"2586"	"8615697"	"not specified"	"true positive"	""	"Homo sapiens"
"ELMI000603"	"MOD"	"MOD_N-GLC_1"	"TLR4_HUMAN"	"O00206"	"O00206 A8K1Y8 A9XLP9 A9XLQ0 A9XLQ1 B4E194 Q5VZI8 Q5VZI9 Q9UK78 Q9UM57"	"525"	"530"	"11706042"	"not specified"	"true positive"	""	"Homo sapiens"
"ELMI000604"	"MOD"	"MOD_N-GLC_1"	"TLR4_HUMAN"	"O00206"	"O00206 A8K1Y8 A9XLP9 A9XLQ0 A9XLQ1 B4E194 Q5VZI8 Q5VZI9 Q9UK78 Q9UM57"	"574"	"579"	"11706042"	"not specified"	"true positive"	""	"Homo sapiens"
"ELMI000582"	"MOD"	"MOD_N-GLC_1"	"TNFL6_HUMAN"	"P48023"	"P48023 Q9BZP9"	"183"	"188"	"9405425"	"not specified"	"true positive"	""	"Homo sapiens"
"ELMI000583"	"MOD"	"MOD_N-GLC_1"	"TNFL6_HUMAN"	"P48023"	"P48023 Q9BZP9"	"249"	"254"	"9405425"	"not specified"	"true positive"	""	"Homo sapiens"
"ELMI000584"	"MOD"	"MOD_N-GLC_1"	"TNFL6_HUMAN"	"P48023"	"P48023 Q9BZP9"	"259"	"264"	"9405425"	"not specified"	"true positive"	""	"Homo sapiens"
"ELMI000534"	"MOD"	"MOD_N-GLC_1"	"TPO_HUMAN"	"P40225"	"P40225 A1L3Y0 B7ZLR8 B9EGA8 Q13020 Q15790 Q15791 Q15792"	"196"	"201"	"9766811"	"not specified"	"true positive"	""	"Homo sapiens"
"ELMI000535"	"MOD"	"MOD_N-GLC_1"	"TPO_HUMAN"	"P40225"	"P40225 A1L3Y0 B7ZLR8 B9EGA8 Q13020 Q15790 Q15791 Q15792"	"205"	"210"	"9766811"	"not specified"	"true positive"	""	"Homo sapiens"
"ELMI000536"	"MOD"	"MOD_N-GLC_1"	"TPO_HUMAN"	"P40225"	"P40225 A1L3Y0 B7ZLR8 B9EGA8 Q13020 Q15790 Q15791 Q15792"	"233"	"238"	"9766811"	"not specified"	"true positive"	""	"Homo sapiens"
"ELMI000537"	"MOD"	"MOD_N-GLC_1"	"TPO_HUMAN"	"P40225"	"P40225 A1L3Y0 B7ZLR8 B9EGA8 Q13020 Q15790 Q15791 Q15792"	"254"	"259"	"9766811"	"not specified"	"true positive"	""	"Homo sapiens"
"ELMI000538"	"MOD"	"MOD_N-GLC_1"	"TPO_HUMAN"	"P40225"	"P40225 A1L3Y0 B7ZLR8 B9EGA8 Q13020 Q15790 Q15791 Q15792"	"339"	"344"	"9766811"	"not specified"	"true positive"	""	"Homo sapiens"
"ELMI000539"	"MOD"	"MOD_N-GLC_1"	"TPO_HUMAN"	"P40225"	"P40225 A1L3Y0 B7ZLR8 B9EGA8 Q13020 Q15790 Q15791 Q15792"	"347"	"352"	"9766811"	"not specified"	"true positive"	""	"Homo sapiens"
"ELMI001823"	"MOD"	"MOD_N-GLC_1"	"VGP_EBOZM"	"Q05320"	"Q05320 Q66818 Q77LU5 Q8B9S1 Q8JS62"	"39"	"44"	"12438572"	"mutation analysis"	"true positive"	""	"Ebola virus - Mayinga, Zaire, 1976"
"ELMI001824"	"MOD"	"MOD_N-GLC_1"	"VGP_EBOZM"	"Q05320"	"Q05320 Q66818 Q77LU5 Q8B9S1 Q8JS62"	"295"	"300"	"12438572"	"mutation analysis"	"true positive"	""	"Ebola virus - Mayinga, Zaire, 1976"
"ELMI001825"	"MOD"	"MOD_N-GLC_1"	"VME1_CVHSA"	"P59596"	"P59596 Q6S8E5 Q7T6Q8 Q7T6R1 Q7T6R5 Q7T6S0 Q7T6S3 Q7T726 Q7T7P6 Q7T7S6 Q7TA12"	"3"	"8"	"19534833"	"mutation analysis"	"true positive"	""	"SARS coronavirus"
"ELMI000574"	"MOD"	"MOD_N-GLC_1"	"WFS1_HUMAN"	"O76024"	"O76024 B2R797 D3DVT1 Q8N6I3 Q9UNW6"	"27"	"32"	"11181517"	"not specified"	"true positive"	""	"Homo sapiens"
"ELMI000575"	"MOD"	"MOD_N-GLC_1"	"WFS1_HUMAN"	"O76024"	"O76024 B2R797 D3DVT1 Q8N6I3 Q9UNW6"	"334"	"339"	"11181517"	"not specified"	"true positive"	""	"Homo sapiens"
"ELMI000576"	"MOD"	"MOD_N-GLC_1"	"WFS1_HUMAN"	"O76024"	"O76024 B2R797 D3DVT1 Q8N6I3 Q9UNW6"	"499"	"504"	"11181517"	"not specified"	"true positive"	""	"Homo sapiens"
"ELMI000577"	"MOD"	"MOD_N-GLC_1"	"WFS1_HUMAN"	"O76024"	"O76024 B2R797 D3DVT1 Q8N6I3 Q9UNW6"	"660"	"665"	"11181517"	"not specified"	"true positive"	""	"Homo sapiens"
"ELMI000578"	"MOD"	"MOD_N-GLC_1"	"WFS1_HUMAN"	"O76024"	"O76024 B2R797 D3DVT1 Q8N6I3 Q9UNW6"	"745"	"750"	"11181517"	"not specified"	"true positive"	""	"Homo sapiens"
"ELMI000125"	"MOD"	"MOD_N-GLC_2"	"CD69_HUMAN"	"Q07108"	"Q07108"	"111"	"113"	"9287313"	"mutation analysis"	"true positive"	""	"Homo sapiens"
"ELMI000124"	"MOD"	"MOD_N-GLC_2"	"EGFR_HUMAN"	"P00533"	"P00533 O00688 O00732 P06268 Q14225 Q68GS5 Q92795 Q9BZS2 Q9GZX1 Q9H2C9 Q9H3C9 Q9UMD7 Q9UMD8 Q9UMG5"	"56"	"58"	"10731668"	"protein cleavage"	"true positive"	""	"Homo sapiens"
"ELMI000122"	"MOD"	"MOD_N-GLC_2"	"PROC_BOVIN"	"P00745"	"P00745"	"366"	"368"	"6896877"	"protein cleavage"	"true positive"	""	"Bos taurus"
"ELMI000121"	"MOD"	"MOD_N-GLC_2"	"PROC_HUMAN"	"P04070"	"P04070 Q15189 Q15190 Q16001 Q53S74 Q9UC55"	"371"	"373"	"1694179"	"protein cleavage"	"true positive"	""	"Homo sapiens"
"ELMI000123"	"MOD"	"MOD_N-GLC_2"	"VWF_HUMAN"	"P04275"	"P04275 Q99806"	"1147"	"1149"	"3524673"	"protein cleavage"	"true positive"	""	"Homo sapiens"
"ELMI002335"	"MOD"	"MOD_NMyristoyl"	"AIFM2_HUMAN"	"Q9BRQ8"	"Q9BRQ8 B3KXI0 Q63Z39"	"1"	"7"	"20213681"	"detection by mass spectrometry"	"true positive"	""	"Homo sapiens"
"ELMI002341"	"MOD"	"MOD_NMyristoyl"	"AKIB1_HUMAN"	"Q9P2G1"	"Q9P2G1 Q6GMS4 Q6P3S9 Q9NTD7 Q9NW49"	"1"	"7"	"20213681"	"detection by mass spectrometry"	"true positive"	""	"Homo sapiens"
"ELMI002338"	"MOD"	"MOD_NMyristoyl"	"ANM8_HUMAN"	"Q9NR22"	"Q9NR22 B2RDP0 Q8TBJ8"	"1"	"7"	"16051612"	"coimmunoprecipitation; green fluorescent protein tag; western blot"	"true positive"	""	"Homo sapiens"
"ELMI002321"	"MOD"	"MOD_NMyristoyl"	"ARF1_HUMAN"	"P84077"	"P84077 P10947 P32889"	"1"	"7"	"7990966 20213681"	"detection by mass spectrometry; x-ray crystallography"	"true positive"	"1HUR"	"Homo sapiens"
"ELMI002318"	"MOD"	"MOD_NMyristoyl"	"ARL4C_HUMAN"	"P56559"	"P56559 Q53R10 Q9BVN1 Q9UQ34"	"1"	"7"	"17398095 15147902"	"colocalization; mutation analysis"	"true positive"	""	"Homo sapiens"
"ELMI003775"	"MOD"	"MOD_NMyristoyl"	"AVRB_PSESG"	"P13835"	"P13835"	"1"	"7"	"10830163"	"alanine scanning; confocal microscopy; radiolabel; western blot"	"true positive"	""	"Pseudomonas syringae pv. glycinea"
"ELMI002322"	"MOD"	"MOD_NMyristoyl"	"BASP1_RAT"	"Q05175"	"Q05175"	"1"	"7"	"14765114 10207003"	"detection by mass spectrometry; x-ray crystallography"	"true positive"	""	"Rattus norvegicus"
"ELMI002340"	"MOD"	"MOD_NMyristoyl"	"BTBD7_HUMAN"	"Q9P203"	"Q9P203 A8K5V7 Q69Z05 Q7Z308 Q86TS0 Q9HAA4 Q9NVM0"	"1"	"7"	"20213681"	"detection by mass spectrometry"	"true positive"	""	"Homo sapiens"
"ELMI002320"	"MOD"	"MOD_NMyristoyl"	"CANB1_HUMAN"	"P63098"	"P63098 B2RC10 B5MDU4 P06705 P15117 Q08044 Q53SL0"	"1"	"7"	"8524402 12357034 12218175"	"x-ray crystallography"	"true positive"	"1AUI 1M63 1MF8"	"Homo sapiens"
"ELMI002330"	"MOD"	"MOD_NMyristoyl"	"CCNY_HUMAN"	"Q8ND76"	"Q8ND76 B7ZKX9 D3DRY9 Q2M3V4 Q2TU96 Q6NT86 Q7Z4U7 Q8TEX2 Q8TEX3 Q96M99 Q96P45"	"1"	"7"	"19524571 20059949"	"colocalization; green fluorescent protein tag; mutation analysis"	"true positive"	""	"Homo sapiens"
"ELMI002324"	"MOD"	"MOD_NMyristoyl"	"CD5R1_HUMAN"	"Q15078"	"Q15078 E1P664 Q5U0G3"	"1"	"7"	"10604467 20213681"	"colocalization; confocal microscopy; mutation analysis"	"true positive"	""	"Homo sapiens"
"ELMI002325"	"MOD"	"MOD_NMyristoyl"	"DEGS1_RAT"	"Q5XIF5"	"Q5XIF5 Q564G4 Q91XI6"	"1"	"7"	"17716801"	"mutation analysis; protein kinase assay; western blot"	"true positive"	""	"Rattus norvegicus"
"ELMI002328"	"MOD"	"MOD_NMyristoyl"	"DYM_HUMAN"	"Q7RTS9"	"Q7RTS9 A8K5I8 B2RCF9 B4DKI7 Q3ZTS8 Q6P2P5 Q8N2M0 Q9BVE9 Q9NPU7"	"1"	"7"	"18996921"	"classical fluorescence spectroscopy; colocalization; mutation analysis; western blot"	"true positive"	""	"Homo sapiens"
"ELMI001834"	"MOD"	"MOD_NMyristoyl"	"E7R_VACCW"	"P68446"	"P68446 P21048 Q76ZV8"	"1"	"7"	"9188589"	"mutation analysis; myristoylase assay"	"true positive"	""	"Vaccinia virus WR"
"ELMI002327"	"MOD"	"MOD_NMyristoyl"	"EEPD1_HUMAN"	"Q7L9B9"	"Q7L9B9 Q96K64 Q9C0F7"	"1"	"7"	"20213681"	"detection by mass spectrometry"	"true positive"	""	"Homo sapiens"
"ELMI002333"	"MOD"	"MOD_NMyristoyl"	"FMNL2_HUMAN"	"Q96PY5"	"Q96PY5 B2RZH5 Q14CC9 Q4ZG52 Q8N3E0"	"1"	"7"	"20213681"	"detection by mass spectrometry"	"true positive"	""	"Homo sapiens"
"ELMI001826"	"MOD"	"MOD_NMyristoyl"	"GAG_HTL1A"	"P03345"	"P03345 Q85589"	"1"	"7"	"2547372"	"scintillation proximity assay; western blot"	"true positive"	""	"Human T-cell lymphotrophic virus type 1 (strain ATK)"
"ELMI001827"	"MOD"	"MOD_NMyristoyl"	"GAG_HV1H2"	"P04591"	"P04591"	"1"	"7"	"10196310"	"mutation analysis"	"true positive"	""	"HIV-1 M:B_HXB2R"
"ELMI001828"	"MOD"	"MOD_NMyristoyl"	"GAG_MMTVC"	"P11284"	"P11284 Q9IZT1"	"1"	"7"	"2542570"	"detection by mass spectrometry"	"true positive"	""	"Mouse mammary tumor virus (STRAIN C3H)"
"ELMI002319"	"MOD"	"MOD_NMyristoyl"	"GNAI1_HUMAN"	"P63096"	"P63096 A8KA88 P04898 P11015 P31871 Q5U074 Q8TAN5 Q9UGA4"	"1"	"7"	"18519563 20213681"	"detection by mass spectrometry; x-ray crystallography"	"true positive"	"2EBC"	"Homo sapiens"
"ELMI002317"	"MOD"	"MOD_NMyristoyl"	"GUC1B_BOVIN"	"P51177"	"P51177"	"1"	"7"	"21520322 19616509 10383444"	"nuclear magnetic resonance; x-ray crystallography"	"true positive"	"1JBA"	"Bos taurus"
"ELMI001829"	"MOD"	"MOD_NMyristoyl"	"HBSAG_HBVD3"	"P03138"	"P03138"	"1"	"7"	"7491754"	"mutation analysis"	"true positive"	""	"Hepatitis B virus ayw/France/Tiollais/1979"
"ELMI002314"	"MOD"	"MOD_NMyristoyl"	"HCK_HUMAN"	"P08631"	"P08631 B4DQB6 E1P5M2 Q29RX1 Q2VPE2 Q504R5 Q5T7K1 Q5T7K2 Q96CC0 Q9H5Y5 Q9NUA4 Q9UMJ5"	"1"	"7"	"7791757"	"mutation analysis; western blot"	"true positive"	""	"Homo sapiens"
"ELMI002326"	"MOD"	"MOD_NMyristoyl"	"K1609_HUMAN"	"Q6P9B6"	"Q6P9B6 Q8IZ64 Q9HCG3 Q9NTE8"	"1"	"7"	"20213681"	"detection by mass spectrometry"	"true positive"	""	"Homo sapiens"
"ELMI002313"	"MOD"	"MOD_NMyristoyl"	"KAPCA_BOVIN"	"P00517"	"P00517"	"1"	"7"	"18345609 14998327 15634010 16249095 8824261 12798691 15196017 14656443 17258463"	"x-ray crystallography"	"true positive"	"1Q24 1Q8W 1SMH 1VEB 1XH4 1YDR 2C1A 2OH0 2VNW"	"Bos taurus"
"ELMI002202"	"MOD"	"MOD_NMyristoyl"	"KAPCA_HUMAN"	"P17612"	"P17612 Q32P54 Q9H2Y0 Q9NRB4 Q9NRH9"	"1"	"7"	"21740913"	"circular dichroism; detection by mass spectrometry; nuclear magnetic resonance"	"true positive"	""	"Homo sapiens"
"ELMI001836"	"MOD"	"MOD_NMyristoyl"	"L1R_VACCC"	"P20540"	"P20540"	"1"	"7"	"8463289"	"mutation analysis; myristoylase assay"	"true positive"	""	"Vaccinia virus Copenhagen"
"ELMI002336"	"MOD"	"MOD_NMyristoyl"	"LNP_HUMAN"	"Q9C0E8"	"Q9C0E8 Q2M2V8 Q2YD99 Q658W8 Q8N5V9 Q96MS5"	"1"	"7"	"20213681"	"detection by mass spectrometry"	"true positive"	""	"Homo sapiens"
"ELMI002316"	"MOD"	"MOD_NMyristoyl"	"MARCS_HUMAN"	"P29966"	"P29966 E1P560 Q2LA83 Q5TDB7"	"1"	"7"	"3352735"	"coimmunoprecipitation; western blot"	"true positive"	""	"Homo sapiens"
"ELMI001832"	"MOD"	"MOD_NMyristoyl"	"MU1_REOVD"	"P11078"	"P11078 A4ZY24 P17701"	"1"	"7"	"1548757"	"alanine scanning"	"true positive"	""	"Mammalian orthoreovirus 3 Dearing"
"ELMI002315"	"MOD"	"MOD_NMyristoyl"	"NOS3_BOVIN"	"P29473"	"P29473"	"1"	"7"	"7682550"	"coimmunoprecipitation; mutation analysis; western blot"	"true positive"	""	"Bos taurus"
"ELMI002342"	"MOD"	"MOD_NMyristoyl"	"PALD_HUMAN"	"Q9ULE6"	"Q9ULE6 B2RMS1 B9EGC6 Q5JTK7 Q5JTK8"	"1"	"7"	"20213681"	"detection by mass spectrometry"	"true positive"	""	"Homo sapiens"
"ELMI002310"	"MOD"	"MOD_NMyristoyl"	"PDE2A_HUMAN"	"O00408"	"O00408 E9PGI1 Q5J793"	"1"	"7"	"20213681"	"detection by mass spectrometry"	"true positive"	""	"Homo sapiens"
"ELMI002334"	"MOD"	"MOD_NMyristoyl"	"PI3R4_HUMAN"	"Q99570"	"Q99570 Q2TBF4"	"1"	"7"	"20213681"	"detection by mass spectrometry"	"true positive"	""	"Homo sapiens"
"ELMI001830"	"MOD"	"MOD_NMyristoyl"	"POLG_POL1M"	"P03300"	"P03300 P03299 Q84879 Q84880 Q89679"	"1"	"7"	"1850017"	"mutation analysis"	"true positive"	""	"Human poliovirus 1 Mahoney"
"ELMI001831"	"MOD"	"MOD_NMyristoyl"	"PP220_ASFB7"	"Q08358"	"Q08358 Q65287"	"1"	"7"	"8335009"	"coimmunoprecipitation"	"true positive"	""	"African swine fever virus BA71V"
"ELMI003776"	"MOD"	"MOD_NMyristoyl"	"Q4ZYH0_PSEU2"	"Q4ZYH0"	"Q4ZYH0"	"1"	"7"	"10830163"	"alanine scanning; confocal microscopy; radiolabel; western blot"	"true positive"	""	"Pseudomonas syringae pv. syringae B728a"
"ELMI002203"	"MOD"	"MOD_NMyristoyl"	"RECO_BOVIN"	"P21457"	"P21457"	"1"	"7"	"7630423"	"nuclear magnetic resonance"	"true positive"	"1IKU 1JSA"	"Bos taurus"
"ELMI002323"	"MOD"	"MOD_NMyristoyl"	"RFTN1_HUMAN"	"Q14699"	"Q14699 Q0D2G0 Q496Y2 Q4QQI7 Q5JB48 Q7Z7P2"	"1"	"7"	"12805216"	"classical fluorescence spectroscopy; colocalization; mutation analysis; western blot"	"true positive"	""	"Homo sapiens"
"ELMI002331"	"MOD"	"MOD_NMyristoyl"	"RN125_HUMAN"	"Q96EQ8"	"Q96EQ8 Q9NX39"	"1"	"7"	"15843525"	"mutation analysis; western blot"	"true positive"	""	"Homo sapiens"
"ELMI002332"	"MOD"	"MOD_NMyristoyl"	"RN157_HUMAN"	"Q96PX1"	"Q96PX1 Q8NB72 Q96N56"	"1"	"7"	"20213681"	"detection by mass spectrometry"	"true positive"	""	"Homo sapiens"
"ELMI002339"	"MOD"	"MOD_NMyristoyl"	"SERC1_HUMAN"	"Q9NRX5"	"Q9NRX5 B3KY69 E1P565 O75655 Q7Z2F5 Q8TAG1 Q9NTH8 Q9ULG7"	"1"	"7"	"20213681"	"detection by mass spectrometry"	"true positive"	""	"Homo sapiens"
"ELMI002337"	"MOD"	"MOD_NMyristoyl"	"SLAP2_HUMAN"	"Q9H6Q3"	"Q9H6Q3 A8K648 E1P5U1 E1P5U2 Q5TH27 Q5TH28 Q8WY18 Q96QI4 Q9H135"	"1"	"7"	"11696592"	"coimmunoprecipitation; mutation analysis; western blot"	"true positive"	""	"Homo sapiens"
"ELMI000824"	"MOD"	"MOD_NMyristoyl"	"SRC_HUMAN"	"P12931"	"P12931 E1P5V4 Q76P87 Q86VB9 Q9H5A8"	"1"	"7"	""	""	"true positive"	""	"Homo sapiens"
"ELMI001833"	"MOD"	"MOD_NMyristoyl"	"SRC_RSVSA"	"P00524"	"P00524"	"1"	"7"	"8313462 2547372"	"chromatography technology; sequence based prediction; western blot"	"true positive"	""	"Rous sarcoma virus (strain Schmidt-Ruppin A)"
"ELMI002329"	"MOD"	"MOD_NMyristoyl"	"TCAM2_HUMAN"	"Q86XR7"	"Q86XR7 B3Y698"	"1"	"7"	"16603631 16757566"	"colocalization; confocal microscopy; mutation analysis; western blot"	"true positive"	""	"Homo sapiens"
"ELMI001835"	"MOD"	"MOD_NMyristoyl"	"VG09_VACCC"	"P21030"	"P21030"	"1"	"7"	"2825164"	"chromatography technology; coimmunoprecipitation"	"true positive"	""	"Vaccinia virus Copenhagen"
"ELMI002312"	"MOD"	"MOD_NMyristoyl"	"XRP2_HUMAN"	"O75695"	"O75695 Q86XJ7 Q9NU67"	"1"	"7"	"10942419 1094241 16472755 18376416"	"colocalization; confocal microscopy; mutation analysis; western blot; x-ray crystallography"	"true positive"	"2BX6 3BH6 3BH7"	"Homo sapiens"
"ELMI001837"	"MOD"	"MOD_NMyristoyl"	"Z_LASSJ"	"O73557"	"O73557"	"1"	"7"	"15452271"	"mutation analysis; radiolabel"	"true positive"	""	"Lassa virus Josiah"
"ELMI002311"	"MOD"	"MOD_NMyristoyl"	"ZZEF1_HUMAN"	"O43149"	"O43149 A7MBM5 Q6NXG0 Q6ZRA1 Q6ZSF4 Q9NVB9"	"1"	"7"	"20213681"	"detection by mass spectrometry"	"true positive"	""	"Homo sapiens"
"ELMI000225"	"MOD"	"MOD_OFUCOSY"	"TPA_HUMAN"	"P00750"	"P00750 A8K022 B2R8E8 Q15103 Q503B0 Q6PJA5 Q7Z7N2 Q86YK8 Q9BU99 Q9BZW1"	"91"	"97"	"1900431"	"de novo protein sequencing by mass spectrometry"	"true positive"	""	"Homo sapiens"
"ELMI000226"	"MOD"	"MOD_OFUCOSY"	"TPA_HUMAN"	"P00750"	"P00750 A8K022 B2R8E8 Q15103 Q503B0 Q6PJA5 Q7Z7N2 Q86YK8 Q9BU99 Q9BZW1"	"291"	"296"	"1900431"	"competition binding"	"false positive"	""	"Homo sapiens"
"ELMI000224"	"MOD"	"MOD_OFUCOSY"	"UROK_HUMAN"	"P00749"	"P00749 B4DPZ2 Q15844 Q16618 Q53XS3 Q5SWW9 Q969W6"	"33"	"39"	"2393398"	"de novo protein sequencing by mass spectrometry"	"true positive"	""	"Homo sapiens"
"ELMI000342"	"MOD"	"MOD_OFUCOSY"	"URT1_DESRO"	"P98119"	"P98119"	"92"	"98"	"8631761"	"detection by mass spectrometry"	"true positive"	""	"Desmodus rotundus"
"ELMI000222"	"MOD"	"MOD_OGLYCOS"	"FA7_HUMAN"	"P08709"	"P08709 B0YJC8 Q14339 Q5JVF1 Q5JVF2 Q9UD52 Q9UD53 Q9UD54"	"110"	"115"	"3149637"	"de novo protein sequencing by mass spectrometry"	"true positive"	""	"Homo sapiens"
"ELMI000223"	"MOD"	"MOD_OGLYCOS"	"FA9_HUMAN"	"P00740"	"P00740 A8K9N4 Q5JYJ8"	"97"	"102"	"3149637"	"de novo protein sequencing by mass spectrometry"	"true positive"	""	"Homo sapiens"
"ELMI000956"	"MOD"	"MOD_PIKK_1"	"4EBP1_RAT"	"Q62622"	"Q62622"	"108"	"114"	"11146653"	"mutation analysis"	"true positive"	""	"Rattus norvegicus"
"ELMI004650"	"MOD"	"MOD_PIKK_1"	"A0A024R7R0_HUMAN"	"A0A024R7R0"	"A0A024R7R0"	"98"	"104"	"36631611"	"Identification by mass spectrometry"	"true positive"	""	"Homo sapiens"
"ELMI004647"	"MOD"	"MOD_PIKK_1"	"A0A0A0MTR7_HUMAN"	"A0A0A0MTR7"	"A0A0A0MTR7"	"214"	"220"	"36631611"	"Identification by mass spectrometry"	"true positive"	""	"Homo sapiens"
"ELMI004642"	"MOD"	"MOD_PIKK_1"	"A0A0C4DG07_HUMAN"	"A0A0C4DG07"	"A0A0C4DG07 E5RGN7"	"258"	"264"	"36631611"	"Identification by mass spectrometry"	"true positive"	""	"Homo sapiens"
"ELMI004648"	"MOD"	"MOD_PIKK_1"	"A6NNK5_HUMAN"	"A6NNK5"	"A6NNK5"	"582"	"588"	"36631611"	"Identification by mass spectrometry"	"true positive"	""	"Homo sapiens"
"ELMI004645"	"MOD"	"MOD_PIKK_1"	"A6NNK5_HUMAN"	"A6NNK5"	"A6NNK5"	"833"	"839"	"36631611"	"Identification by mass spectrometry"	"true positive"	""	"Homo sapiens"
"ELMI004640"	"MOD"	"MOD_PIKK_1"	"A6NNK5_HUMAN"	"A6NNK5"	"A6NNK5"	"1070"	"1076"	"36631611"	"Identification by mass spectrometry"	"true positive"	""	"Homo sapiens"
"ELMI004649"	"MOD"	"MOD_PIKK_1"	"A8K964_HUMAN"	"A8K964"	"A8K964"	"378"	"384"	"36631611"	"Identification by mass spectrometry"	"true positive"	""	"Homo sapiens"
"ELMI000950"	"MOD"	"MOD_PIKK_1"	"ABL1_MOUSE"	"P00520"	"P00520 P97896 Q61252 Q61253 Q61254 Q61255 Q61256 Q61257 Q61258 Q61259 Q61260 Q61261 Q6PCM5 Q8C1X4"	"443"	"449"	"9168116"	"coimmunoprecipitation; mass detection of residue modification; mutation analysis"	"true positive"	""	"Mus musculus"
"ELMI004639"	"MOD"	"MOD_PIKK_1"	"B7Z7Z8_HUMAN"	"B7Z7Z8"	"B7Z7Z8"	"263"	"269"	"36631611"	"Identification by mass spectrometry"	"true positive"	""	"Homo sapiens"
"ELMI000973"	"MOD"	"MOD_PIKK_1"	"BLM_HUMAN"	"P54132"	"P54132 Q52M96"	"96"	"102"	"14729972"	"coimmunoprecipitation; mutation analysis"	"true positive"	""	"Homo sapiens"
"ELMI000974"	"MOD"	"MOD_PIKK_1"	"BLM_HUMAN"	"P54132"	"P54132 Q52M96"	"119"	"125"	"14729972"	"coimmunoprecipitation; mutation analysis"	"true positive"	""	"Homo sapiens"
"ELMI000961"	"MOD"	"MOD_PIKK_1"	"BRCA1_HUMAN"	"P38398"	"P38398 O15129 Q3LRJ0 Q7KYU9"	"1384"	"1390"	"12183412"	"mutation analysis"	"true positive"	""	"Homo sapiens"
"ELMI000962"	"MOD"	"MOD_PIKK_1"	"BRCA1_HUMAN"	"P38398"	"P38398 O15129 Q3LRJ0 Q7KYU9"	"1420"	"1426"	"12183412"	"mutation analysis"	"true positive"	""	"Homo sapiens"
"ELMI000963"	"MOD"	"MOD_PIKK_1"	"BRCA1_HUMAN"	"P38398"	"P38398 O15129 Q3LRJ0 Q7KYU9"	"1521"	"1527"	"12183412"	"mutation analysis"	"true positive"	""	"Homo sapiens"
"ELMI000970"	"MOD"	"MOD_PIKK_1"	"CHK1_HUMAN"	"O14757"	"O14757 A8K934"	"314"	"320"	"11390642"	"coimmunoprecipitation; mutation analysis; protein cleavage"	"true positive"	""	"Homo sapiens"
"ELMI000971"	"MOD"	"MOD_PIKK_1"	"CHK1_HUMAN"	"O14757"	"O14757 A8K934"	"342"	"348"	"11390642"	"mutation analysis; protein cleavage"	"true positive"	""	"Homo sapiens"
"ELMI000954"	"MOD"	"MOD_PIKK_1"	"CHK2_HUMAN"	"O96017"	"O96017 A8K3Y9 B7ZBF3 B7ZBF4 B7ZBF5 Q6QA03 Q6QA04 Q6QA05 Q6QA06 Q6QA07 Q6QA08 Q6QA10 Q6QA11 Q6QA12 Q6QA13 Q9HCQ8 Q9UGF0 Q9UGF1"	"65"	"71"	"10973490"	"coimmunoprecipitation; glutathione s tranferase tag; mutation analysis; polyclonal antibody; pull down; western blot"	"true positive"	""	"Homo sapiens"
"ELMI000968"	"MOD"	"MOD_PIKK_1"	"E2F1_HUMAN"	"Q01094"	"Q01094 Q13143 Q92768"	"28"	"34"	"11459832"	"mutation analysis"	"true positive"	""	"Homo sapiens"
"ELMI000960"	"MOD"	"MOD_PIKK_1"	"GCR_RAT"	"P06536"	"P06536 O08624 Q8R463 Q8R5J0"	"524"	"530"	"9038175"	"coimmunoprecipitation; protein cleavage"	"true positive"	""	"Rattus norvegicus"
"ELMI001056"	"MOD"	"MOD_PIKK_1"	"H2A1_YEAST"	"P04911"	"P04911 D6VSK7"	"126"	"132"	"11140636"	"mutation analysis; western blot"	"true positive"	""	"Saccharomyces cerevisiae"
"ELMI000952"	"MOD"	"MOD_PIKK_1"	"H2AX_MOUSE"	"P27661"	"P27661"	"137"	"143"	"11571274"	"coimmunoprecipitation"	"true positive"	""	"Mus musculus"
"ELMI004644"	"MOD"	"MOD_PIKK_1"	"HMGA1_HUMAN"	"P17096"	"P17096 P10910 Q5T6U9 Q9UKB0"	"41"	"47"	"36631611"	"Identification by mass spectrometry"	"true positive"	""	"Homo sapiens"
"ELMI000966"	"MOD"	"MOD_PIKK_1"	"HS90A_HUMAN"	"P07900"	"P07900 A8K500 B3KPJ9 Q2PP14 Q5CAQ6 Q5CAQ7 Q9BVQ5"	"2"	"8"	"2507541"	"protein kinase assay"	"true positive"	""	"Homo sapiens"
"ELMI000967"	"MOD"	"MOD_PIKK_1"	"HS90A_HUMAN"	"P07900"	"P07900 A8K500 B3KPJ9 Q2PP14 Q5CAQ6 Q5CAQ7 Q9BVQ5"	"4"	"10"	"2507541"	"protein kinase assay"	"true positive"	""	"Homo sapiens"
"ELMI000964"	"MOD"	"MOD_PIKK_1"	"JUN_HUMAN"	"P05412"	"P05412 Q96G93"	"246"	"252"	"8464713"	"mutation analysis"	"true positive"	""	"Homo sapiens"
"ELMI000965"	"MOD"	"MOD_PIKK_1"	"MCM2_HUMAN"	"P49736"	"P49736 Q14577 Q15023 Q8N2V1 Q969W7 Q96AE1 Q9BRM7"	"105"	"111"	"15210935"	"mutation analysis; phosphatase assay"	"true positive"	""	"Homo sapiens"
"ELMI004638"	"MOD"	"MOD_PIKK_1"	"MCM6_HUMAN"	"Q14566"	"Q14566 B2R6H2 Q13504 Q99859"	"10"	"16"	"36631611"	"Identification by mass spectrometry"	"true positive"	""	"Homo sapiens"
"ELMI000953"	"MOD"	"MOD_PIKK_1"	"MDM2_HUMAN"	"Q00987"	"Q00987 A6NL51 A8K2S6 Q13226 Q13297 Q13298 Q13299 Q13300 Q13301 Q53XW0 Q71TW9 Q8WYJ1 Q8WYJ2 Q9UGI3 Q9UMT8"	"392"	"398"	"11331603"	"coimmunoprecipitation; glutathione s tranferase tag; mutation analysis; pull down"	"true positive"	""	"Homo sapiens"
"ELMI002276"	"MOD"	"MOD_PIKK_1"	"MDM2_HUMAN"	"Q00987"	"Q00987 A6NL51 A8K2S6 Q13226 Q13297 Q13298 Q13299 Q13300 Q13301 Q53XW0 Q71TW9 Q8WYJ1 Q8WYJ2 Q9UGI3 Q9UMT8"	"404"	"410"	"14654783"	"inhibitor; mutation analysis; protein kinase assay"	"true positive"	""	"Homo sapiens"
"ELMI002275"	"MOD"	"MOD_PIKK_1"	"MDM4_HUMAN"	"O15151"	"O15151 Q2M2Y2 Q32SL2 Q6GS18 Q8IV83"	"400"	"406"	"15788536 16163388"	"inhibitor; mass detection of residue modification; mutation analysis; protein kinase assay"	"true positive"	""	"Homo sapiens"
"ELMI002459"	"MOD"	"MOD_PIKK_1"	"MLL1_HUMAN"	"Q03164"	"Q03164 Q13743 Q13744 Q14845 Q16364 Q59FF2 Q6UBD1 Q9UD94 Q9UMA3"	"513"	"519"	"20818375"	"knock out; mutation analysis; protein kinase assay"	"true positive"	""	"Homo sapiens"
"ELMI000951"	"MOD"	"MOD_PIKK_1"	"NBN_HUMAN"	"O60934"	"O60934 B2R626 B2RNC5 O60672 Q32NF7 Q53FM6 Q63HR6 Q7LDM2"	"340"	"346"	"10766245"	"coimmunoprecipitation; mutation analysis; polyclonal antibody"	"true positive"	""	"Homo sapiens"
"ELMI000949"	"MOD"	"MOD_PIKK_1"	"P53_HUMAN"	"P04637"	"P04637 Q15086 Q15087 Q15088 Q16535 Q16807 Q16808 Q16809 Q16810 Q16811 Q16848 Q2XN98 Q3LRW1 Q3LRW2 Q3LRW3 Q3LRW4 Q3LRW5 Q86UG1 Q8J016 Q99659 Q9BTM4 Q9HAQ8 Q9NP68 Q9NPJ2 Q9NZD0 Q9UBI2 Q9UQ61"	"12"	"18"	"9733515"	"coimmunoprecipitation; mutation analysis; western blot"	"true positive"	""	"Homo sapiens"
"ELMI004634"	"MOD"	"MOD_PIKK_1"	"Q3LRH8_HUMAN"	"Q3LRH8"	"Q3LRH8"	"1521"	"1527"	"36631611"	"Identification by mass spectrometry"	"true positive"	""	"Homo sapiens"
"ELMI004651"	"MOD"	"MOD_PIKK_1"	"Q5H924_HUMAN"	"Q5H924"	"Q5H924"	"1407"	"1413"	"36631611"	"Identification by mass spectrometry"	"true positive"	""	"Homo sapiens"
"ELMI004641"	"MOD"	"MOD_PIKK_1"	"Q6PK95_HUMAN"	"Q6PK95"	"Q6PK95"	"7"	"13"	"36631611"	"Identification by mass spectrometry"	"true positive"	""	"Homo sapiens"
"ELMI000975"	"MOD"	"MOD_PIKK_1"	"Q8AY27_XENLA"	"Q8AY27"	"Q8AY27"	"2"	"8"	"16436514"	"mutation analysis; western blot"	"true positive"	""	"Xenopus laevis"
"ELMI004635"	"MOD"	"MOD_PIKK_1"	"S4R3H4_HUMAN"	"S4R3H4"	"S4R3H4"	"182"	"188"	"36631611"	"Identification by mass spectrometry"	"true positive"	""	"Homo sapiens"
"ELMI000957"	"MOD"	"MOD_PIKK_1"	"SRF_HUMAN"	"P11831"	"P11831 Q5T648"	"432"	"438"	"8407951"	"mutation analysis; protein cleavage"	"true positive"	""	"Homo sapiens"
"ELMI000958"	"MOD"	"MOD_PIKK_1"	"SRF_HUMAN"	"P11831"	"P11831 Q5T648"	"443"	"449"	"8407951"	"mutation analysis; protein cleavage"	"true positive"	""	"Homo sapiens"
"ELMI004643"	"MOD"	"MOD_PIKK_1"	"SRRM2_HUMAN"	"Q9UQ35"	"Q9UQ35 A6NKB9 D3DU97 O15038 O94803 Q6NSL3 Q6PIM3 Q6PK40 Q8IW17 Q96GY7 Q9P0G1 Q9UHA8 Q9UQ36 Q9UQ37 Q9UQ38 Q9UQ40"	"1230"	"1236"	"36631611"	"Identification by mass spectrometry"	"true positive"	""	"Homo sapiens"
"ELMI000955"	"MOD"	"MOD_PIKK_1"	"TERF1_HUMAN"	"P54274"	"P54274 A7XP29 Q15553 Q8NHT6 Q93029"	"216"	"222"	"11375976"	"coimmunoprecipitation; glutathione s tranferase tag; mutation analysis; pull down"	"true positive"	""	"Homo sapiens"
"ELMI004636"	"MOD"	"MOD_PIKK_1"	"UT14A_HUMAN"	"Q9BVJ6-3"	"Q9BVJ6-3"	"390"	"396"	"36631611"	"Identification by mass spectrometry"	"true positive"	""	"Homo sapiens"
"ELMI004637"	"MOD"	"MOD_PIKK_1"	"UT14A_HUMAN"	"Q9BVJ6-3"	"Q9BVJ6-3"	"398"	"404"	"36631611"	"Identification by mass spectrometry"	"true positive"	""	"Homo sapiens"
"ELMI004646"	"MOD"	"MOD_PIKK_1"	"X5DRB1_HUMAN"	"X5DRB1"	"X5DRB1"	"348"	"354"	"36631611"	"Identification by mass spectrometry"	"true positive"	""	"Homo sapiens"
"ELMI000972"	"MOD"	"MOD_PIKK_1"	"XPA_HUMAN"	"P23025"	"P23025 Q5T1U9 Q6LCW7 Q6LD02"	"193"	"199"	"16540648"	"mutation analysis; protein kinase assay"	"true positive"	""	"Homo sapiens"
"ELMI000959"	"MOD"	"MOD_PIKK_1"	"XRCC1_HUMAN"	"P18887"	"P18887 Q6IBS4 Q9HCB1"	"368"	"374"	"16397295"	"mutation analysis"	"true positive"	""	"Homo sapiens"
"ELMI002727"	"MOD"	"MOD_PK_1"	"PYGM_RABIT"	"P00489"	"P00489"	"12"	"18"	"885872"	"mutation analysis; protein kinase assay"	"true positive"	""	"Oryctolagus cuniculus"
"ELMI001492"	"MOD"	"MOD_PKA_1"	"AIBP_MOUSE"	"Q8K4Z3"	"Q8K4Z3"	"40"	"46"	"18202122"	"detection by mass spectrometry; protein kinase assay; protein kinase assay"	"true positive"	""	"Mus musculus"
"ELMI001493"	"MOD"	"MOD_PKA_1"	"AICDA_HUMAN"	"Q9GZX7"	"Q9GZX7"	"24"	"30"	"16387847"	"mutation analysis; protein kinase assay; protein kinase assay"	"true positive"	""	"Homo sapiens"
"ELMI001494"	"MOD"	"MOD_PKA_1"	"AICDA_HUMAN"	"Q9GZX7"	"Q9GZX7"	"35"	"41"	"16387847"	"mutation analysis; protein kinase assay; protein kinase assay"	"true positive"	""	"Homo sapiens"
"ELMI001505"	"MOD"	"MOD_PKA_1"	"AT1A1_RAT"	"P06685"	"P06685 Q64609"	"940"	"946"	"7510709"	"mass detection of residue modification; protein kinase assay; protein kinase assay"	"true positive"	""	"Rattus norvegicus"
"ELMI001500"	"MOD"	"MOD_PKA_1"	"CSKP_RAT"	"Q62915"	"Q62915"	"721"	"727"	"20067577"	"glutathione s tranferase tag; mutation analysis; protein kinase assay; protein kinase assay; pull down"	"true positive"	""	"Rattus norvegicus"
"ELMI001502"	"MOD"	"MOD_PKA_1"	"CTNB1_HUMAN"	"P35222"	"P35222 A8K1L7 Q8NEW9 Q8NI94 Q9H391"	"549"	"555"	"16476742"	"mutation analysis; protein kinase assay; protein kinase assay; western blot"	"true positive"	""	"Homo sapiens"
"ELMI001503"	"MOD"	"MOD_PKA_1"	"CTNB1_HUMAN"	"P35222"	"P35222 A8K1L7 Q8NEW9 Q8NI94 Q9H391"	"672"	"678"	"16476742"	"mutation analysis; protein kinase assay; protein kinase assay; western blot"	"true positive"	""	"Homo sapiens"
"ELMI001496"	"MOD"	"MOD_PKA_1"	"HDAC8_HUMAN"	"Q9BY41"	"Q9BY41 A6NET3 A8MQ62 Q86VC8 Q9NP76 Q9NYH4"	"36"	"42"	"14701748"	"mass detection of residue modification; mutation analysis; protein kinase assay; protein kinase assay; western blot"	"true positive"	""	"Homo sapiens"
"ELMI000095"	"MOD"	"MOD_PKA_1"	"KAP2_BOVIN"	"P00515"	"P00515"	"93"	"99"	""	"mutation analysis"	"true positive"	""	"Bos taurus"
"ELMI001507"	"MOD"	"MOD_PKA_1"	"KPYK1_YEAST"	"P00549"	"P00549 D6VPH8 Q2VQG5"	"19"	"25"	"16426231"	"mutation analysis; protein kinase assay; protein kinase assay"	"true positive"	""	"Saccharomyces cerevisiae"
"ELMI001504"	"MOD"	"MOD_PKA_1"	"LASP1_MOUSE"	"Q61792"	"Q61792 Q62416"	"153"	"159"	"15465019"	"mutation analysis; protein kinase assay; protein kinase assay"	"true positive"	""	"Mus musculus"
"ELMI001508"	"MOD"	"MOD_PKA_1"	"MCLN1_HUMAN"	"Q9GZU1"	"Q9GZU1 D6W647 Q7Z4F7 Q9H292 Q9H4B3 Q9H4B5"	"554"	"560"	"17988215"	"mutation analysis; protein kinase assay; protein kinase assay"	"true positive"	""	"Homo sapiens"
"ELMI001498"	"MOD"	"MOD_PKA_1"	"MEF2D_MOUSE"	"Q63943"	"Q63943 E9QKS9 Q63944"	"118"	"124"	"18299387"	"detection by mass spectrometry; glutathione s tranferase tag; mutation analysis; protein kinase assay; protein kinase assay; pull down; western blot"	"true positive"	""	"Mus musculus"
"ELMI001513"	"MOD"	"MOD_PKA_1"	"MERL_HUMAN"	"P35240"	"P35240 O95683 Q8WUJ2 Q969N0 Q969Q3 Q96T30 Q96T31 Q96T32 Q96T33 Q9BTW3 Q9UNG9 Q9UNH3 Q9UNH4"	"515"	"521"	"14981079"	"glutathione s tranferase tag; mutation analysis; protein kinase assay; protein kinase assay; pull down"	"true positive"	""	"Homo sapiens"
"ELMI002148"	"MOD"	"MOD_PKA_1"	"NFAC1_HUMAN"	"O95644"	"O95644 Q12865 Q15793"	"266"	"272"	"12351631"	"alanine scanning; coimmunoprecipitation; protein kinase assay; protein kinase assay"	"true positive"	""	"Homo sapiens"
"ELMI002147"	"MOD"	"MOD_PKA_1"	"NMDZ1_HUMAN"	"Q05586"	"Q05586 A6NLK7 A6NLR1 C9K0X1 P35437 Q12867 Q12868 Q5VSF3 Q5VSF6 Q5VSF7 Q5VSF8"	"894"	"900"	"9030583"	"mutation analysis; polyclonal antibody; western blot"	"true positive"	""	"Homo sapiens"
"ELMI001501"	"MOD"	"MOD_PKA_1"	"NOXA1_HUMAN"	"Q86UR1"	"Q86UR1 O60533 Q29VU9 Q29VV0 Q2TAM1 Q8IUS3"	"169"	"175"	"17913709"	"mutation analysis; protein kinase assay; protein kinase assay; western blot"	"true positive"	""	"Homo sapiens"
"ELMI001497"	"MOD"	"MOD_PKA_1"	"PTBP1_HUMAN"	"P26599"	"P26599"	"13"	"19"	"12851456"	"coimmunoprecipitation; mutation analysis; protein kinase assay; protein kinase assay; western blot"	"true positive"	""	"Homo sapiens"
"ELMI001509"	"MOD"	"MOD_PKA_1"	"PTN5_MOUSE"	"P54830"	"P54830 Q64694 Q8CAN0"	"157"	"163"	"10908600"	"mutation analysis; protein kinase assay; protein kinase assay"	"true positive"	""	"Mus musculus"
"ELMI001510"	"MOD"	"MOD_PKA_1"	"PTN5_MOUSE"	"P54830"	"P54830 Q64694 Q8CAN0"	"218"	"224"	"10908600"	"mutation analysis; protein kinase assay; protein kinase assay"	"true positive"	""	"Mus musculus"
"ELMI001495"	"MOD"	"MOD_PKA_1"	"RARA_HUMAN"	"P10276"	"P10276 P78456 Q13440 Q13441 Q96S41 Q9NQS0"	"366"	"372"	"16769902"	"mutation analysis; protein kinase assay; protein kinase assay; western blot"	"true positive"	""	"Homo sapiens"
"ELMI001512"	"MOD"	"MOD_PKA_1"	"RGRF1_MOUSE"	"P27671"	"P27671"	"913"	"919"	"10601308"	"mass detection of residue modification; mutation analysis; protein kinase assay; protein kinase assay"	"true positive"	""	"Mus musculus"
"ELMI001499"	"MOD"	"MOD_PKA_1"	"RIMS1_RAT"	"Q9JIR4"	"Q9JIR4 O35168"	"410"	"416"	"18799741 14532002"	"mutation analysis; protein kinase assay; protein kinase assay; western blot"	"true positive"	""	"Rattus norvegicus"
"ELMI001511"	"MOD"	"MOD_PKA_1"	"SOX9_HUMAN"	"P48436"	"P48436 Q53Y80"	"61"	"67"	"10805756"	"coimmunoprecipitation; mutation analysis; protein kinase assay; protein kinase assay; two hybrid"	"true positive"	""	"Homo sapiens"
"ELMI001506"	"MOD"	"MOD_PKA_1"	"STK11_MOUSE"	"Q9WTK7"	"Q9WTK7 Q3TAE0"	"428"	"434"	"10642527"	"glutathione s tranferase tag; mutation analysis; protein kinase assay; protein kinase assay; pull down"	"true positive"	""	"Mus musculus"
"ELMI001422"	"MOD"	"MOD_PKA_2"	"AKT2_ARATH"	"Q38898"	"Q38898 Q0WMS8 Q42408 Q9M0L6"	"207"	"213"	"16297070"	"mutation analysis"	"true positive"	""	"Arabidopsis thaliana"
"ELMI001423"	"MOD"	"MOD_PKA_2"	"AKT2_ARATH"	"Q38898"	"Q38898 Q0WMS8 Q42408 Q9M0L6"	"326"	"332"	"16297070"	"mutation analysis"	"true positive"	""	"Arabidopsis thaliana"
"ELMI001419"	"MOD"	"MOD_PKA_2"	"B9EIS4_HUMAN"	"B9EIS4"	"B9EIS4"	"18"	"24"	"15946941"	"mutation analysis; protein kinase assay; protein kinase assay; western blot"	"true positive"	""	"Homo sapiens"
"ELMI001414"	"MOD"	"MOD_PKA_2"	"BIRC5_HUMAN"	"O15392"	"O15392 B2R4R1 Q2I3N8 Q4VGX0 Q53F61 Q5MGC6 Q6FHL2 Q75SP2 Q9P2W8"	"17"	"23"	"17612487"	"mutation analysis; protein kinase assay; protein kinase assay; western blot"	"true positive"	""	"Homo sapiens"
"ELMI001410"	"MOD"	"MOD_PKA_2"	"C2TA_HUMAN"	"P33076"	"P33076 D3DUG0"	"831"	"837"	"11416140"	"mass detection of residue modification; mutation analysis; protein kinase assay; protein kinase assay"	"true positive"	""	"Homo sapiens"
"ELMI001411"	"MOD"	"MOD_PKA_2"	"C2TA_HUMAN"	"P33076"	"P33076 D3DUG0"	"1047"	"1053"	"11416140"	"mass detection of residue modification; mutation analysis; protein kinase assay; protein kinase assay"	"true positive"	""	"Homo sapiens"
"ELMI002149"	"MOD"	"MOD_PKA_2"	"CCG2_MOUSE"	"O88602"	"O88602"	"317"	"323"	"11805122"	"coimmunoprecipitation; mutation analysis; two hybrid"	"true positive"	""	"Mus musculus"
"ELMI001415"	"MOD"	"MOD_PKA_2"	"CSKP_RAT"	"Q62915"	"Q62915"	"559"	"565"	"20067577"	"glutathione s tranferase tag; mutation analysis; protein kinase assay; protein kinase assay; pull down"	"true positive"	""	"Rattus norvegicus"
"ELMI001403"	"MOD"	"MOD_PKA_2"	"EF2K_RAT"	"P70531"	"P70531 O09089"	"496"	"502"	"11171050"	"mutation analysis; protein kinase assay; protein kinase assay"	"true positive"	""	"Rattus norvegicus"
"ELMI001421"	"MOD"	"MOD_PKA_2"	"GDIR1_HUMAN"	"P52565"	"P52565 B2R5X1 Q6IBM5"	"171"	"177"	"18768928"	"detection by mass spectrometry; mutation analysis; protein kinase assay; protein kinase assay"	"true positive"	""	"Homo sapiens"
"ELMI001425"	"MOD"	"MOD_PKA_2"	"HSPB8_HUMAN"	"Q9UJY1"	"Q9UJY1 B2R6A6 Q6FIH3 Q9UKS3"	"54"	"60"	"18298377"	"mutation analysis; protein kinase assay"	"true positive"	""	"Homo sapiens"
"ELMI001426"	"MOD"	"MOD_PKA_2"	"IRK1_HUMAN"	"P48048"	"P48048 B2RMR4 Q6LD67"	"216"	"222"	"8621594"	"mutation analysis; protein kinase assay; protein kinase assay"	"true positive"	""	"Homo sapiens"
"ELMI001427"	"MOD"	"MOD_PKA_2"	"IRK1_HUMAN"	"P48048"	"P48048 B2RMR4 Q6LD67"	"310"	"316"	"8621594"	"mutation analysis; protein kinase assay; protein kinase assay"	"true positive"	""	"Homo sapiens"
"ELMI001409"	"MOD"	"MOD_PKA_2"	"MEF2D_MOUSE"	"Q63943"	"Q63943 E9QKS9 Q63944"	"187"	"193"	"18299387"	"detection by mass spectrometry; glutathione s tranferase tag; mutation analysis; protein kinase assay; protein kinase assay; pull down; western blot"	"true positive"	""	"Mus musculus"
"ELMI001417"	"MOD"	"MOD_PKA_2"	"NEB2_RAT"	"O35274"	"O35274"	"91"	"97"	"12417592"	"chromatography technology; mutation analysis; protein kinase assay; protein kinase assay; western blot"	"true positive"	""	"Rattus norvegicus"
"ELMI001418"	"MOD"	"MOD_PKA_2"	"NEB2_RAT"	"O35274"	"O35274"	"174"	"180"	"12417592"	"mutation analysis; protein kinase assay; protein kinase assay; western blot"	"true positive"	""	"Rattus norvegicus"
"ELMI002150"	"MOD"	"MOD_PKA_2"	"NFAC1_HUMAN"	"O95644"	"O95644 Q12865 Q15793"	"242"	"248"	"12351631"	"alanine scanning; coimmunoprecipitation; protein kinase assay; protein kinase assay"	"true positive"	""	"Homo sapiens"
"ELMI002151"	"MOD"	"MOD_PKA_2"	"NFAC1_HUMAN"	"O95644"	"O95644 Q12865 Q15793"	"291"	"297"	"12351631"	"alanine scanning; coimmunoprecipitation; protein kinase assay; protein kinase assay"	"true positive"	""	"Homo sapiens"
"ELMI001416"	"MOD"	"MOD_PKA_2"	"NOXA1_HUMAN"	"Q86UR1"	"Q86UR1 O60533 Q29VU9 Q29VV0 Q2TAM1 Q8IUS3"	"458"	"464"	"17913709"	"mutation analysis; protein kinase assay; protein kinase assay"	"true positive"	""	"Homo sapiens"
"ELMI001412"	"MOD"	"MOD_PKA_2"	"PELP1_HUMAN"	"Q8IZL8"	"Q8IZL8 O15450 Q5EGN3 Q6NTE6 Q96FT1 Q9BU60"	"412"	"418"	"18505929"	"coimmunoprecipitation; glutathione s tranferase tag; mutation analysis; protein kinase assay; protein kinase assay; pull down"	"true positive"	""	"Homo sapiens"
"ELMI001424"	"MOD"	"MOD_PKA_2"	"PKD1_MOUSE"	"O08852"	"O08852 E9QJR6"	"4156"	"4162"	"10364454"	"mutation analysis; protein kinase assay; western blot"	"true positive"	""	"Mus musculus"
"ELMI001420"	"MOD"	"MOD_PKA_2"	"PLSL_HUMAN"	"P13796"	"P13796 B2R613 Q5TBN4"	"2"	"8"	"16636079 10446213"	"mutation analysis; protein kinase assay; protein kinase assay; western blot"	"true positive"	""	"Homo sapiens"
"ELMI001413"	"MOD"	"MOD_PKA_2"	"Q26658_STRPU"	"Q26658"	"Q26658"	"84"	"90"	"10207092"	"mass detection of residue modification; mutation analysis; protein kinase assay; protein kinase assay; western blot"	"true positive"	""	"Strongylocentrotus purpuratus"
"ELMI001406"	"MOD"	"MOD_PKA_2"	"RXRA_HUMAN"	"P19793"	"P19793 Q2NL52 Q2V504"	"24"	"30"	"11162439"	"mutation analysis; protein kinase assay; protein kinase assay"	"true positive"	""	"Homo sapiens"
"ELMI001404"	"MOD"	"MOD_PKA_2"	"SCN5A_RAT"	"P15389"	"P15389 Q925G6"	"523"	"529"	"8910529"	"mass detection of residue modification; mutation analysis; protein kinase assay; protein kinase assay; western blot"	"true positive"	""	"Rattus norvegicus"
"ELMI001407"	"MOD"	"MOD_PKA_2"	"SCN5A_RAT"	"P15389"	"P15389 Q925G6"	"526"	"532"	"8910529"	"mass detection of residue modification; mutation analysis; protein kinase assay; protein kinase assay; western blot"	"true positive"	""	"Rattus norvegicus"
"ELMI001405"	"MOD"	"MOD_PKA_2"	"SNAPN_RAT"	"P60192"	"P60192"	"47"	"53"	"12887314 11283605"	"mutation analysis; protein kinase assay; protein kinase assay; radiolabel"	"true positive"	""	"Rattus norvegicus"
"ELMI001408"	"MOD"	"MOD_PKA_2"	"THOP1_RAT"	"P24155"	"P24155 Q66HS4"	"641"	"647"	"10969067"	"coimmunoprecipitation; detection by mass spectrometry; mutation analysis; protein kinase assay; protein kinase assay"	"true positive"	""	"Rattus norvegicus"
"ELMI002427"	"MOD"	"MOD_PKB_1"	"BAD_MOUSE"	"Q61337"	"Q61337"	"131"	"139"	"9346240"	"inhibitor; mutation analysis; protein kinase assay; protein kinase assay"	"true positive"	""	"Mus musculus"
"ELMI002552"	"MOD"	"MOD_PKB_1"	"BRCA1_HUMAN"	"P38398"	"P38398 O15129 Q3LRJ0 Q7KYU9"	"504"	"512"	"17428466"	"mutation analysis; protein kinase assay"	"true positive"	""	"Homo sapiens"
"ELMI002548"	"MOD"	"MOD_PKB_1"	"CASP9_HUMAN"	"P55211"	"P55211 O95348 Q53Y70 Q5JRU9 Q92852 Q9BQ62 Q9UEQ3 Q9UIJ8"	"191"	"199"	"9812896"	"mutation analysis; protein kinase assay"	"true positive"	""	"Homo sapiens"
"ELMI002426"	"MOD"	"MOD_PKB_1"	"CDN1A_HUMAN"	"P38936"	"P38936 Q14010 Q9BUT4"	"140"	"148"	"11463845"	"mutation analysis; protein kinase assay"	"true positive"	""	"Homo sapiens"
"ELMI002425"	"MOD"	"MOD_PKB_1"	"CDN1B_HUMAN"	"P46527"	"P46527 Q16307 Q5U0H2 Q9BUS6"	"152"	"160"	"12244301"	"coimmunoprecipitation; mutation analysis; protein kinase assay; protein kinase assay; protein kinase assay"	"true positive"	""	"Homo sapiens"
"ELMI000102"	"MOD"	"MOD_PKB_1"	"F262_BOVIN"	"P26285"	"P26285"	"462"	"470"	""	"sequence based prediction"	"true positive"	""	"Bos taurus"
"ELMI002279"	"MOD"	"MOD_PKB_1"	"FOXO4_HUMAN"	"P98177"	"P98177 B7WPJ7 O43821 Q13720 Q3KPF1 Q8TDK9"	"27"	"35"	"14690436"	"mass detection of residue modification; mutation analysis; protein kinase assay"	"true positive"	""	"Homo sapiens"
"ELMI002280"	"MOD"	"MOD_PKB_1"	"FOXO4_HUMAN"	"P98177"	"P98177 B7WPJ7 O43821 Q13720 Q3KPF1 Q8TDK9"	"192"	"200"	"14690436"	"mass detection of residue modification; mutation analysis; protein kinase assay"	"true positive"	""	"Homo sapiens"
"ELMI002547"	"MOD"	"MOD_PKB_1"	"GSK3B_MOUSE"	"Q9WV60"	"Q9WV60"	"4"	"12"	"12434148"	"mutation analysis; x-ray crystallography"	"true positive"	"1O6K"	"Mus musculus"
"ELMI002549"	"MOD"	"MOD_PKB_1"	"IKKA_HUMAN"	"O15111"	"O15111 O14666 Q13132 Q5W0I4 Q92467"	"18"	"26"	"10485710"	"mutation analysis; protein kinase assay"	"true positive"	""	"Homo sapiens"
"ELMI002550"	"MOD"	"MOD_PKB_1"	"MDM2_HUMAN"	"Q00987"	"Q00987 A6NL51 A8K2S6 Q13226 Q13297 Q13298 Q13299 Q13300 Q13301 Q53XW0 Q71TW9 Q8WYJ1 Q8WYJ2 Q9UGI3 Q9UMT8"	"161"	"169"	"11715018"	"mutation analysis; protein kinase assay"	"true positive"	""	"Homo sapiens"
"ELMI002551"	"MOD"	"MOD_PKB_1"	"MDM2_HUMAN"	"Q00987"	"Q00987 A6NL51 A8K2S6 Q13226 Q13297 Q13298 Q13299 Q13300 Q13301 Q53XW0 Q71TW9 Q8WYJ1 Q8WYJ2 Q9UGI3 Q9UMT8"	"181"	"189"	"11715018"	"mutation analysis; protein kinase assay"	"true positive"	""	"Homo sapiens"
"ELMI000100"	"MOD"	"MOD_PKB_1"	"NR4A1_HUMAN"	"P22736"	"P22736"	"346"	"354"	"11274386"	"mutation analysis; protein kinase assay"	"true positive"	""	"Homo sapiens"
"ELMI000099"	"MOD"	"MOD_PKB_1"	"NR4A1_MOUSE"	"P12813"	"P12813"	"349"	"357"	""	"mutation analysis"	"true positive"	""	"Mus musculus"
"ELMI002553"	"MOD"	"MOD_PKB_1"	"RAF1_HUMAN"	"P04049"	"P04049 B0LPH8 B2R5N3 Q15278 Q9UC20"	"254"	"262"	"19058874"	"coimmunoprecipitation; protein kinase assay"	"true positive"	""	"Homo sapiens"
"ELMI000101"	"MOD"	"MOD_PKB_1"	"TERT_HUMAN"	"O14746"	"O14746 O14783 Q2XS35 Q8N6C3 Q8NG46"	"819"	"827"	""	"mutation analysis"	"true positive"	""	"Homo sapiens"
"ELMI002554"	"MOD"	"MOD_PKB_1"	"TSC2_HUMAN"	"P49815"	"P49815 A7E2E2 B4DIQ7 B4DRN2 C9J378 O75275 Q4LE71 Q8TAZ1"	"934"	"942"	"18466115"	"protein kinase assay"	"true positive"	""	"Homo sapiens"
"ELMI002555"	"MOD"	"MOD_PKB_1"	"TSC2_HUMAN"	"P49815"	"P49815 A7E2E2 B4DIQ7 B4DRN2 C9J378 O75275 Q4LE71 Q8TAZ1"	"976"	"984"	"18466115"	"protein kinase assay"	"true positive"	""	"Homo sapiens"
"ELMI002556"	"MOD"	"MOD_PKB_1"	"TSC2_HUMAN"	"P49815"	"P49815 A7E2E2 B4DIQ7 B4DRN2 C9J378 O75275 Q4LE71 Q8TAZ1"	"1127"	"1135"	"18466115"	"protein kinase assay"	"true positive"	""	"Homo sapiens"
"ELMI002557"	"MOD"	"MOD_PKB_1"	"TSC2_HUMAN"	"P49815"	"P49815 A7E2E2 B4DIQ7 B4DRN2 C9J378 O75275 Q4LE71 Q8TAZ1"	"1457"	"1465"	"18466115"	"protein kinase assay"	"true positive"	""	"Homo sapiens"
"ELMI003355"	"MOD"	"MOD_Plk_1"	"BRCA2_HUMAN"	"P51587"	"P51587 O00183 O15008 Q13879 Q5TBJ7"	"190"	"196"	"12815053"	"alanine scanning; detection by mass spectrometry; electrophoretic mobility-based method; protein kinase assay; western blot"	"true positive"	""	"Homo sapiens"
"ELMI003434"	"MOD"	"MOD_Plk_1"	"CDH1_YEAST"	"P53197"	"P53197 D6VUD5"	"122"	"128"	"1850033"	"alanine scanning; protein kinase assay"	"true positive"	""	"Saccharomyces cerevisiae S288c"
"ELMI003428"	"MOD"	"MOD_Plk_1"	"CND1_YEAST"	"Q06156"	"Q06156 D6VYR9"	"468"	"474"	"19481522"	"Identification by mass spectrometry"	"true positive"	""	"Saccharomyces cerevisiae S288c"
"ELMI003426"	"MOD"	"MOD_Plk_1"	"CND2_YEAST"	"P38170"	"P38170 D6VPQ8 Q6Q5G8"	"262"	"268"	"19481522"	"alanine scanning"	"true positive"	""	"Saccharomyces cerevisiae S288c"
"ELMI003427"	"MOD"	"MOD_Plk_1"	"CND3_YEAST"	"Q06680"	"Q06680 D6VSV8"	"511"	"517"	"19481522"	"alanine scanning"	"true positive"	""	"Saccharomyces cerevisiae S288c"
"ELMI003356"	"MOD"	"MOD_Plk_1"	"CNDD3_HUMAN"	"P42695"	"P42695 A6NFS2 Q4KMQ9"	"1421"	"1427"	"21498573"	"alanine scanning; fluorescence technology; inhibitor; protein kinase assay; western blot"	"true positive"	""	"Homo sapiens"
"ELMI003430"	"MOD"	"MOD_Plk_1"	"CYK2_YEAST"	"Q05080"	"Q05080 D6VZK6"	"338"	"344"	"21498574"	"Identification by mass spectrometry; protein kinase assay; protein kinase assay"	"true positive"	""	"Saccharomyces cerevisiae S288c"
"ELMI003431"	"MOD"	"MOD_Plk_1"	"CYK2_YEAST"	"Q05080"	"Q05080 D6VZK6"	"378"	"384"	"21498574"	"Identification by mass spectrometry; protein kinase assay; protein kinase assay"	"true positive"	""	"Saccharomyces cerevisiae S288c"
"ELMI003432"	"MOD"	"MOD_Plk_1"	"CYK2_YEAST"	"Q05080"	"Q05080 D6VZK6"	"434"	"440"	"21498574"	"Identification by mass spectrometry; protein kinase assay; protein kinase assay"	"true positive"	""	"Saccharomyces cerevisiae S288c"
"ELMI003419"	"MOD"	"MOD_Plk_1"	"DAM1_SCHPO"	"Q9HDZ6"	"Q9HDZ6"	"140"	"146"	"22375062"	"alanine scanning; western blot"	"true positive"	""	"Schizosaccharomyces pombe 972h-"
"ELMI003358"	"MOD"	"MOD_Plk_1"	"FOXM1_HUMAN"	"Q08050-2"	"Q08050 O43258 O43259 O43260 Q4ZGG7 Q9BRL2"	"712"	"718"	"19160488"	"alanine scanning; colocalization; detection by mass spectrometry; glutathione s tranferase tag; mutation analysis; protein kinase assay; protein kinase assay; western blot"	"true positive"	""	"Homo sapiens"
"ELMI003357"	"MOD"	"MOD_Plk_1"	"FOXM1_HUMAN"	"Q08050"	"Q08050 O43258 O43259 O43260 Q4ZGG7 Q9BRL2"	"736"	"742"	"19160488"	"alanine scanning; colocalization; detection by mass spectrometry; glutathione s tranferase tag; mutation analysis; protein kinase assay; protein kinase assay; western blot"	"true positive"	""	"Homo sapiens"
"ELMI003359"	"MOD"	"MOD_Plk_1"	"IKKB_HUMAN"	"O14920"	"O14920 B4DZ30 B4E0U4 O75327"	"730"	"736"	"18957422"	"alanine scanning; glutathione s tranferase tag; protein kinase assay"	"true positive"	""	"Homo sapiens"
"ELMI003360"	"MOD"	"MOD_Plk_1"	"IKKB_HUMAN"	"O14920"	"O14920 B4DZ30 B4E0U4 O75327"	"737"	"743"	"18957422"	"alanine scanning; glutathione s tranferase tag; protein kinase assay; protein kinase assay; western blot"	"true positive"	""	"Homo sapiens"
"ELMI003361"	"MOD"	"MOD_Plk_1"	"IKKB_HUMAN"	"O14920"	"O14920 B4DZ30 B4E0U4 O75327"	"747"	"753"	"18957422"	"alanine scanning; glutathione s tranferase tag; protein kinase assay"	"true positive"	""	"Homo sapiens"
"ELMI003362"	"MOD"	"MOD_Plk_1"	"KIZ_HUMAN"	"Q2M2Z5"	"Q2M2Z5 B4DDE9 B4DK54 Q4G0M8 Q4G0S5 Q5BKY3 Q6P0M6 Q71ME0 Q9NZ35"	"376"	"382"	"16980960"	"Two dimensional phosphopeptide mapping; alanine scanning; coimmunoprecipitation; protein kinase assay; protein kinase assay"	"true positive"	""	"Homo sapiens"
"ELMI003416"	"MOD"	"MOD_Plk_1"	"MAD3_YEAST"	"P47074"	"P47074 D6VWG4"	"219"	"225"	"15970700"	"alanine scanning; protein kinase assay; western blot"	"true positive"	""	"Saccharomyces cerevisiae"
"ELMI003417"	"MOD"	"MOD_Plk_1"	"MAD3_YEAST"	"P47074"	"P47074 D6VWG4"	"377"	"383"	"15970700"	"alanine scanning; protein kinase assay; western blot"	"true positive"	""	"Saccharomyces cerevisiae"
"ELMI003421"	"MOD"	"MOD_Plk_1"	"MID1_SCHPO"	"P78953"	"P78953"	"4"	"10"	"21376600"	"alanine scanning"	"true positive"	""	"Schizosaccharomyces pombe 972h-"
"ELMI003422"	"MOD"	"MOD_Plk_1"	"MID1_SCHPO"	"P78953"	"P78953"	"12"	"18"	"21376600"	"Identification by mass spectrometry; alanine scanning"	"true positive"	""	"Schizosaccharomyces pombe 972h-"
"ELMI003423"	"MOD"	"MOD_Plk_1"	"MID1_SCHPO"	"P78953"	"P78953"	"21"	"27"	"21376600"	"Identification by mass spectrometry; alanine scanning"	"true positive"	""	"Schizosaccharomyces pombe 972h-"
"ELMI003424"	"MOD"	"MOD_Plk_1"	"MID1_SCHPO"	"P78953"	"P78953"	"59"	"65"	"21376600"	"Identification by mass spectrometry; alanine scanning"	"true positive"	""	"Schizosaccharomyces pombe 972h-"
"ELMI003425"	"MOD"	"MOD_Plk_1"	"MID1_SCHPO"	"P78953"	"P78953"	"92"	"98"	"21376600"	"Identification by mass spectrometry; alanine scanning"	"true positive"	""	"Schizosaccharomyces pombe 972h-"
"ELMI003363"	"MOD"	"MOD_Plk_1"	"MPIP3_HUMAN"	"P30307"	"P30307 D3DQB8 Q96PL3 Q9H168 Q9H2E8 Q9H2E9 Q9H2F1"	"195"	"201"	"12738781 11897663"	"alanine scanning; electrophoretic mobility shift assay; protein kinase assay; protein kinase assay; western blot"	"true positive"	""	"Homo sapiens"
"ELMI003435"	"MOD"	"MOD_Plk_1"	"NDD1_YEAST"	"Q08887"	"Q08887 D6W365"	"82"	"88"	"17122856"	"alanine scanning; protein kinase assay; protein kinase assay; western blot"	"true positive"	""	"Saccharomyces cerevisiae S288c"
"ELMI003364"	"MOD"	"MOD_Plk_1"	"NEDD1_HUMAN"	"Q8NHV4"	"Q8NHV4 B0AZN0 B4E145 G3V3F1 Q8NA30"	"393"	"399"	"19509060"	"alanine scanning; coimmunoprecipitation; detection by mass spectrometry; glutathione s tranferase tag; protein kinase assay; protein kinase assay; pull down; western blot"	"true positive"	""	"Homo sapiens"
"ELMI003365"	"MOD"	"MOD_Plk_1"	"NEDD1_HUMAN"	"Q8NHV4"	"Q8NHV4 B0AZN0 B4E145 G3V3F1 Q8NA30"	"423"	"429"	"19509060"	"alanine scanning; coimmunoprecipitation; detection by mass spectrometry; glutathione s tranferase tag; protein kinase assay; protein kinase assay; pull down; western blot"	"true positive"	""	"Homo sapiens"
"ELMI003366"	"MOD"	"MOD_Plk_1"	"O96561_DROME"	"O96561"	"O96561"	"608"	"614"	"27238966"	"alanine scanning; protein kinase assay; x-ray crystallography"	"true positive"	""	"Drosophila melanogaster"
"ELMI003367"	"MOD"	"MOD_Plk_1"	"PINX1_HUMAN"	"Q96BK5"	"Q96BK5 B2R9B1 Q548A5 Q6QWG9 Q7Z7J8 Q96QD7 Q9HBU7 Q9NWW2"	"314"	"320"	"20573420"	"Identification by mass spectrometry; alanine scanning; coimmunoprecipitation; glutathione s tranferase tag; inhibitor; protein kinase assay; protein kinase assay; pull down; two hybrid"	"true positive"	""	"Homo sapiens"
"ELMI003368"	"MOD"	"MOD_Plk_1"	"PMYT1_HUMAN"	"Q99640"	"Q99640 D3DUA4 O14731 Q7LE24 Q8TCM9"	"423"	"429"	"12738781 21498573"	"alanine scanning; coimmunoprecipitation; electrophoretic mobility shift assay; glutathione s tranferase tag; protein kinase assay; protein kinase assay; western blot"	"true positive"	""	"Homo sapiens"
"ELMI003369"	"MOD"	"MOD_Plk_1"	"PMYT1_HUMAN"	"Q99640"	"Q99640 D3DUA4 O14731 Q7LE24 Q8TCM9"	"432"	"438"	"21498573"	"alanine scanning; electrophoretic mobility shift assay; glutathione s tranferase tag; protein kinase assay; protein kinase assay; western blot"	"true positive"	""	"Homo sapiens"
"ELMI003370"	"MOD"	"MOD_Plk_1"	"PMYT1_HUMAN"	"Q99640"	"Q99640 D3DUA4 O14731 Q7LE24 Q8TCM9"	"492"	"498"	"12738781 21498573"	"alanine scanning; coimmunoprecipitation; electrophoretic mobility shift assay; glutathione s tranferase tag; protein kinase assay; protein kinase assay; western blot"	"true positive"	""	"Homo sapiens"
"ELMI003372"	"MOD"	"MOD_Plk_1"	"RGAP1_HUMAN"	"Q9H0H5"	"Q9H0H5 Q6PJ26 Q9NWN2 Q9P250 Q9P2W2"	"154"	"160"	"19468300"	"alanine scanning; mutation analysis; protein kinase assay"	"true positive"	""	"Homo sapiens"
"ELMI003371"	"MOD"	"MOD_Plk_1"	"RGAP1_HUMAN"	"Q9H0H5"	"Q9H0H5 Q6PJ26 Q9NWN2 Q9P250 Q9P2W2"	"167"	"173"	"19468302 19468300"	"alanine scanning; fluorescence technology; mutation analysis; mutation disrupting interaction; protein kinase assay; protein kinase assay; western blot"	"true positive"	""	"Homo sapiens"
"ELMI003414"	"MOD"	"MOD_Plk_1"	"SCC1_YEAST"	"Q12158"	"Q12158 D6VRY5 Q05325"	"172"	"178"	"11371343"	"Identification by mass spectrometry; alanine scanning; protein kinase assay; protein kinase assay"	"true positive"	""	"Saccharomyces cerevisiae S288c"
"ELMI003415"	"MOD"	"MOD_Plk_1"	"SCC1_YEAST"	"Q12158"	"Q12158 D6VRY5 Q05325"	"260"	"266"	"11371343"	"Identification by mass spectrometry; alanine scanning; protein kinase assay; protein kinase assay"	"true positive"	""	"Saccharomyces cerevisiae S288c"
"ELMI003418"	"MOD"	"MOD_Plk_1"	"SFI1_YEAST"	"Q12369"	"Q12369 D6VY00"	"823"	"829"	"24954044"	"Identification by mass spectrometry; mutation analysis; protein kinase assay"	"true positive"	""	"Saccharomyces cerevisiae S288c"
"ELMI003433"	"MOD"	"MOD_Plk_1"	"SLD2_YEAST"	"P34252"	"P34252 D6VXH9"	"140"	"146"	"27705801"	"Identification by mass spectrometry; alanine scanning; protein kinase assay"	"true positive"	""	"Saccharomyces cerevisiae S288c"
"ELMI003420"	"MOD"	"MOD_Plk_1"	"SPC7_SCHPO"	"O59757"	"O59757"	"254"	"260"	"28497540"	"protein kinase assay; protein kinase assay; western blot"	"true positive"	""	"Schizosaccharomyces pombe 972h-"
"ELMI003374"	"MOD"	"MOD_Plk_1"	"SRBP1_HUMAN"	"P36956"	"P36956 D3DXC4 Q16062 Q59F52 Q6P4R7 Q6PFW7 Q6PJ36 Q8TAK9"	"421"	"427"	"27579997"	"Two dimensional phosphopeptide mapping; edman degradation; inhibitor; protein kinase assay; protein kinase assay; western blot"	"true positive"	""	"Homo sapiens"
"ELMI003373"	"MOD"	"MOD_Plk_1"	"SRBP1_HUMAN"	"P36956"	"P36956 D3DXC4 Q16062 Q59F52 Q6P4R7 Q6PFW7 Q6PJ36 Q8TAK9"	"483"	"489"	"27579998"	"Two dimensional phosphopeptide mapping; edman degradation; inhibitor; protein kinase assay; protein kinase assay; western blot"	"true positive"	""	"Homo sapiens"
"ELMI003375"	"MOD"	"MOD_Plk_1"	"TOPRS_HUMAN"	"Q9NS56"	"Q9NS56 O43273 Q6P987 Q9NS55 Q9UNR9"	"716"	"722"	"19473992"	"alanine scanning; coimmunoprecipitation; protein kinase assay; protein kinase assay; pull down"	"true positive"	""	"Homo sapiens"
"ELMI003376"	"MOD"	"MOD_Plk_1"	"VIME_MOUSE"	"P20152"	"P20152 O08704 Q8CCH1"	"84"	"90"	"16260496"	"alanine scanning; colocalization; glutathione s tranferase tag"	"true positive"	""	"Mus musculus"
"ELMI003377"	"MOD"	"MOD_Plk_1"	"WEE1_HUMAN"	"P30291"	"P30291 B3KVE1 D3DQV0"	"50"	"56"	"15070733"	"alanine scanning; mutation analysis; protein kinase assay; protein kinase assay"	"true positive"	""	"Homo sapiens"
"ELMI003380"	"MOD"	"MOD_Plk_2-3"	"MPIP3_HUMAN"	"P30307"	"P30307 D3DQB8 Q96PL3 Q9H168 Q9H2E8 Q9H2E9 Q9H2F1"	"188"	"194"	"14968113"	"alanine scanning; coimmunoprecipitation; mutation analysis; protein kinase assay"	"true positive"	""	"Homo sapiens"
"ELMI003378"	"MOD"	"MOD_Plk_2-3"	"SYUA_HUMAN"	"P37840"	"P37840 A8K2A4 Q13701 Q4JHI3 Q6IAU6"	"126"	"132"	"19004816"	"fluorescence technology; inhibitor; protein kinase assay"	"true positive"	""	"Homo sapiens"
"ELMI003379"	"MOD"	"MOD_Plk_2-3"	"TOP2A_HUMAN"	"P11388"	"P11388 B2RTS1 Q71UN1 Q71UQ5 Q9HB24 Q9HB25 Q9HB26 Q9UP44 Q9UQP9"	"1340"	"1346"	"18062778"	"alanine scanning; coimmunoprecipitation; protein kinase assay; western blot"	"true positive"	""	"Homo sapiens"
"ELMI003381"	"MOD"	"MOD_Plk_4"	"CENPJ_HUMAN"	"Q9HC77"	"Q9HC77 Q2KHM6 Q5JPD5 Q5T6R5 Q96KS5 Q9C067"	"592"	"598"	"20531387"	"alanine scanning; mutation analysis; protein kinase assay; protein kinase assay; western blot"	"true positive"	""	"Homo sapiens"
"ELMI003387"	"MOD"	"MOD_Plk_4"	"FBXW5_HUMAN"	"Q969U6"	"Q969U6 B2RDZ6 Q59ET5 Q5SPZ8 Q5SPZ9 Q5SQ00 Q5SQ02 Q5SQ03 Q5SQ04 Q8WY79 Q96GJ6 Q9BSU8 Q9H6A8 Q9HBQ6 Q9NSZ3"	"148"	"154"	"21725316"	"alanine scanning; coimmunoprecipitation; protein kinase assay; western blot"	"true positive"	""	"Homo sapiens"
"ELMI003384"	"MOD"	"MOD_Plk_4"	"PLK4_HUMAN"	"O00444"	"O00444 B2RAL0 B7Z837 B7Z8G7 Q8IYF0 Q96Q95 Q9UD84 Q9UDE2"	"302"	"308"	"20032307"	"alanine scanning; protein kinase assay; protein kinase assay; western blot"	"true positive"	""	"Homo sapiens"
"ELMI003385"	"MOD"	"MOD_Plk_4"	"PLK4_HUMAN"	"O00444"	"O00444 B2RAL0 B7Z837 B7Z8G7 Q8IYF0 Q96Q95 Q9UD84 Q9UDE2"	"339"	"345"	"20032307"	"protein kinase assay"	"true positive"	""	"Homo sapiens"
"ELMI003386"	"MOD"	"MOD_Plk_4"	"PLK4_HUMAN"	"O00444"	"O00444 B2RAL0 B7Z837 B7Z8G7 Q8IYF0 Q96Q95 Q9UD84 Q9UDE2"	"954"	"960"	"20032307"	"protein kinase assay"	"true positive"	""	"Homo sapiens"
"ELMI003382"	"MOD"	"MOD_Plk_4"	"Q9XZ31_DROME"	"Q9XZ31"	"Q9XZ31"	"315"	"321"	"25264260"	"Two dimensional phosphopeptide mapping; alanine scanning; protein kinase assay"	"true positive"	""	"Drosophila melanogaster"
"ELMI003383"	"MOD"	"MOD_Plk_4"	"STIL_HUMAN"	"Q15468"	"Q15468 Q5T0C5 Q68CN9"	"1105"	"1111"	"26101219"	"alanine scanning; coimmunoprecipitation; colocalization; detection by mass spectrometry; glutathione s tranferase tag; protein kinase assay; protein kinase assay; pull down; western blot"	"true positive"	""	"Homo sapiens"
"ELMI003486"	"MOD"	"MOD_PRMT_GGRGG_1"	"A0A0H3LXR6_BORBR"	"A0A0H3LXR6"	"A0A0H3LXR6"	"420"	"424"	""	"sequence based prediction"	"true positive"	""	"Bordetella bronchiseptica RB50"
"ELMI003471"	"MOD"	"MOD_PRMT_GGRGG_1"	"DDX4_XENLA"	"Q91372"	"Q91372"	"191"	"195"	"20080973"	"western blot"	"true positive"	""	"Xenopus laevis"
"ELMI003464"	"MOD"	"MOD_PRMT_GGRGG_1"	"EWS_HUMAN"	"Q01844"	"Q01844 B0QYK1 Q5THL0 Q92635 Q96FE8 Q96MN4 Q96MX4 Q9BWA2"	"488"	"492"	"11278906"	"detection by mass spectrometry"	"true positive"	""	"Homo sapiens"
"ELMI003466"	"MOD"	"MOD_PRMT_GGRGG_1"	"EWS_HUMAN"	"Q01844"	"Q01844 B0QYK1 Q5THL0 Q92635 Q96FE8 Q96MN4 Q96MX4 Q9BWA2"	"573"	"577"	"11278906"	"detection by mass spectrometry"	"true positive"	""	"Homo sapiens"
"ELMI003467"	"MOD"	"MOD_PRMT_GGRGG_1"	"EWS_HUMAN"	"Q01844"	"Q01844 B0QYK1 Q5THL0 Q92635 Q96FE8 Q96MN4 Q96MX4 Q9BWA2"	"590"	"594"	"11278906"	"detection by mass spectrometry"	"true positive"	""	"Homo sapiens"
"ELMI003465"	"MOD"	"MOD_PRMT_GGRGG_1"	"EWS_HUMAN"	"Q01844"	"Q01844 B0QYK1 Q5THL0 Q92635 Q96FE8 Q96MN4 Q96MX4 Q9BWA2"	"634"	"638"	"11278906"	"detection by mass spectrometry"	"true positive"	""	"Homo sapiens"
"ELMI003482"	"MOD"	"MOD_PRMT_GGRGG_1"	"FBRL_HUMAN"	"P22087"	"P22087 B5BUE8 O75259 Q6IAT5 Q9UPI6"	"13"	"17"	"15044439"	"methylation reaction; radiolabel"	"true positive"	""	"Homo sapiens"
"ELMI003470"	"MOD"	"MOD_PRMT_GGRGG_1"	"FUS_HUMAN"	"P35637"	"P35637 Q9H4A8"	"246"	"250"	"12964758"	"detection by mass spectrometry; edman degradation"	"true positive"	""	"Homo sapiens"
"ELMI003469"	"MOD"	"MOD_PRMT_GGRGG_1"	"HNRPK_HUMAN"	"P61978"	"P61978 Q07244 Q15671 Q59F98 Q5T6W4 Q60577 Q6IBN1 Q922Y7 Q96J62"	"297"	"301"	"21184736"	"methylation reaction; mutation analysis"	"true positive"	""	"Homo sapiens"
"ELMI003481"	"MOD"	"MOD_PRMT_GGRGG_1"	"NAB2_YEAST"	"P32505"	"P32505 D6VU26"	"220"	"224"	"11779864"	"methylation reaction; mutation analysis"	"true positive"	""	"Saccharomyces cerevisiae S288c"
"ELMI003477"	"MOD"	"MOD_PRMT_GGRGG_1"	"NUCL_MOUSE"	"P09405"	"P09405 Q548M9 Q61991 Q8BQD8 Q99K50"	"655"	"659"	"12707784"	"methylation reaction; mutation analysis"	"true positive"	""	"Mus musculus"
"ELMI003478"	"MOD"	"MOD_PRMT_GGRGG_1"	"NUCL_MOUSE"	"P09405"	"P09405 Q548M9 Q61991 Q8BQD8 Q99K50"	"665"	"669"	"12707784"	"methylation reaction; mutation analysis"	"true positive"	""	"Mus musculus"
"ELMI003479"	"MOD"	"MOD_PRMT_GGRGG_1"	"NUCL_MOUSE"	"P09405"	"P09405 Q548M9 Q61991 Q8BQD8 Q99K50"	"682"	"686"	"12707784"	"methylation reaction; mutation analysis"	"true positive"	""	"Mus musculus"
"ELMI003485"	"MOD"	"MOD_PRMT_GGRGG_1"	"Q2YLH4_BRUA2"	"Q2YLH4"	"Q2YLH4"	"53"	"57"	""	"sequence based prediction"	"true positive"	""	"Brucella melitensis biovar Abortus 2308"
"ELMI003473"	"MOD"	"MOD_PRMT_GGRGG_1"	"Q6T6K0_9TRYP"	"Q6T6K0"	"Q6T6K0"	"21"	"25"	"19880512"	"deletion analysis; monoclonal antibody western blot; phenotype-based detection assay"	"true positive"	""	"Trypanosoma brucei"
"ELMI003474"	"MOD"	"MOD_PRMT_GGRGG_1"	"Q6T6K0_9TRYP"	"Q6T6K0"	"Q6T6K0"	"32"	"36"	"19880512"	"deletion analysis; monoclonal antibody western blot; phenotype-based detection assay"	"true positive"	""	"Trypanosoma brucei"
"ELMI003475"	"MOD"	"MOD_PRMT_GGRGG_1"	"Q6T6K0_9TRYP"	"Q6T6K0"	"Q6T6K0"	"43"	"47"	"19880512"	"deletion analysis; monoclonal antibody western blot; phenotype-based detection assay"	"true positive"	""	"Trypanosoma brucei"
"ELMI003476"	"MOD"	"MOD_PRMT_GGRGG_1"	"Q6T6K0_9TRYP"	"Q6T6K0"	"Q6T6K0"	"54"	"58"	"19880512"	"deletion analysis; monoclonal antibody western blot; phenotype-based detection assay"	"true positive"	""	"Trypanosoma brucei"
"ELMI003468"	"MOD"	"MOD_PRMT_GGRGG_1"	"ROA1_HUMAN"	"P09651"	"P09651 A8K4Z8 Q3MIB7 Q6PJZ7"	"204"	"208"	"9136880"	"detection by mass spectrometry; edman degradation"	"true positive"	""	"Homo sapiens"
"ELMI003480"	"MOD"	"MOD_PRMT_GGRGG_1"	"ROA2_RAT"	"A7VJC2-2"	"A7VJC2 A7VJC1 A7VJC3 A7VJC4"	"252"	"256"	"24098712"	"detection by mass spectrometry; edman degradation; mutation analysis"	"true positive"	""	"Rattus norvegicus"
"ELMI003483"	"MOD"	"MOD_PRMT_GGRGG_1"	"ROA3_RAT"	"Q6URK4-1"	"Q6URK4 Q6URK3"	"244"	"248"	"24098712"	"detection by mass spectrometry"	"true positive"	""	"Rattus norvegicus"
"ELMI003463"	"MOD"	"MOD_PRMT_GGRGG_1"	"SPRN_HUMAN"	"Q5BIV9"	"Q5BIV9"	"26"	"30"	"19812790"	"sequence based prediction"	"true positive"	""	"Homo sapiens"
"ELMI003484"	"MOD"	"MOD_PRMT_GGRGG_1"	"TIR_ECO5T"	"C6UYL8"	"C6UYL8"	"156"	"160"	""	"sequence based prediction"	"true positive"	""	"Escherichia coli O157:H7 str. TW14359"
"ELMI003472"	"MOD"	"MOD_PRMT_GGRGG_1"	"VASA1_DROME"	"P09052"	"P09052 Q24582 Q8SXU8 Q9V3Q8"	"63"	"67"	"20080973"	"detection by mass spectrometry; methylation reaction; western blot"	"true positive"	""	"Drosophila melanogaster"
"ELMI001454"	"MOD"	"MOD_ProDKin_1"	"A6P3E3_MOUSE"	"A6P3E3"	"A6P3E3"	"733"	"739"	"16410316"	"mutation analysis; protein kinase assay; protein kinase assay; western blot"	"true positive"	""	"Mus musculus"
"ELMI001455"	"MOD"	"MOD_ProDKin_1"	"BAZ1B_HUMAN"	"Q9UIG0"	"Q9UIG0 B9EGK3 D3DXE9 O95039 O95247 O95277 Q6P1K4 Q86UJ6"	"155"	"161"	"19776015"	"mutation analysis; protein kinase assay; protein kinase assay; western blot"	"true positive"	""	"Homo sapiens"
"ELMI001436"	"MOD"	"MOD_ProDKin_1"	"ELK4_HUMAN"	"P28324"	"P28324 P28323 Q6GSJ2"	"378"	"384"	"9130707"	"mutation analysis; protein kinase assay; protein kinase assay"	"true positive"	""	"Homo sapiens"
"ELMI001437"	"MOD"	"MOD_ProDKin_1"	"ELK4_HUMAN"	"P28324"	"P28324 P28323 Q6GSJ2"	"384"	"390"	"9130707"	"mutation analysis; protein kinase assay; protein kinase assay"	"true positive"	""	"Homo sapiens"
"ELMI001452"	"MOD"	"MOD_ProDKin_1"	"ETV6_HUMAN"	"P41212"	"P41212 A3QVP6 A8K076 Q9UMF6 Q9UMF7 Q9UMG0"	"254"	"260"	"12435397"	"mutation analysis; protein kinase assay; protein kinase assay"	"true positive"	""	"Homo sapiens"
"ELMI001460"	"MOD"	"MOD_ProDKin_1"	"FAK1_HUMAN"	"Q05397"	"Q05397 Q14291 Q9UD85"	"907"	"913"	"12692126"	"mutation analysis; protein kinase assay; protein kinase assay; western blot"	"true positive"	""	"Homo sapiens"
"ELMI002153"	"MOD"	"MOD_ProDKin_1"	"FAK1_MOUSE"	"P34152-3"	"P34152 O08578 Q5DTH7 Q8C513 Q8CFH7 Q8CHM2 Q8K2S0 Q9DAW3"	"907"	"913"	"19595712"	"inhibitor; mutation analysis"	"true positive"	""	"Mus musculus"
"ELMI001450"	"MOD"	"MOD_ProDKin_1"	"GRB10_HUMAN"	"Q13322"	"Q13322 A4D258 A7VJ95 A8K0E6 D3DVM9 O00427 O00701 O75222 Q92606 Q92907 Q92948"	"147"	"153"	"15952796"	"mutation analysis; protein kinase assay; protein kinase assay"	"true positive"	""	"Homo sapiens"
"ELMI001463"	"MOD"	"MOD_ProDKin_1"	"GRB10_HUMAN"	"Q13322"	"Q13322 A4D258 A7VJ95 A8K0E6 D3DVM9 O00427 O00701 O75222 Q92606 Q92907 Q92948"	"473"	"479"	"15952796"	"mutation analysis; protein kinase assay; protein kinase assay"	"true positive"	""	"Homo sapiens"
"ELMI002266"	"MOD"	"MOD_ProDKin_1"	"HIF1A_HUMAN"	"Q16665"	"Q16665 Q53XP6 Q96PT9 Q9UPB1"	"638"	"644"	"16954218"	"inhibitor; mass detection of residue modification; mutation analysis; protein kinase assay"	"true positive"	""	"Homo sapiens"
"ELMI002191"	"MOD"	"MOD_ProDKin_1"	"HSF1_HUMAN"	"Q00613"	"Q00613 A8K4L0 A8MW26 Q53XT4"	"304"	"310"	"8940068"	"mutation analysis; protein kinase assay"	"true positive"	""	"Homo sapiens"
"ELMI003789"	"MOD"	"MOD_ProDKin_1"	"INCA_CHLCV"	"H2VFV1"	"H2VFV1"	"14"	"20"	"15230981"	"inhibitor; mass detection of residue modification; mutation analysis"	"true positive"	""	"Chlamydophila caviae GPIC"
"ELMI001462"	"MOD"	"MOD_ProDKin_1"	"JDP2_MOUSE"	"P97875"	"P97875"	"145"	"151"	"11602244"	"mutation analysis; protein kinase assay; protein kinase assay"	"true positive"	""	"Mus musculus"
"ELMI001461"	"MOD"	"MOD_ProDKin_1"	"K2C8_HUMAN"	"P05787"	"P05787 A8K4H3 B0AZN5 Q14099 Q14716 Q14717 Q53GJ0 Q6DHW5 Q6GMY0 Q6P4C7 Q96J60"	"71"	"77"	"11781324"	"coimmunoprecipitation; protein kinase assay; protein kinase assay; western blot"	"true positive"	""	"Homo sapiens"
"ELMI001438"	"MOD"	"MOD_ProDKin_1"	"LCK_MOUSE"	"P06240"	"P06240 Q61794 Q61795 Q62320 Q91X65"	"56"	"62"	"8226850 11847223"	"mutation analysis; protein kinase assay; protein kinase assay"	"true positive"	""	"Mus musculus"
"ELMI001447"	"MOD"	"MOD_ProDKin_1"	"LIMA1_MOUSE"	"Q9ERG0"	"Q9ERG0 Q8K2H0 Q9ERG1"	"357"	"363"	"17875928"	"classical fluorescence spectroscopy; detection by mass spectrometry; mutation analysis; protein kinase assay; protein kinase assay; western blot"	"true positive"	""	"Mus musculus"
"ELMI001448"	"MOD"	"MOD_ProDKin_1"	"LIMA1_MOUSE"	"Q9ERG0"	"Q9ERG0 Q8K2H0 Q9ERG1"	"599"	"605"	"17875928"	"classical fluorescence spectroscopy; detection by mass spectrometry; mutation analysis; protein kinase assay; protein kinase assay"	"true positive"	""	"Mus musculus"
"ELMI001449"	"MOD"	"MOD_ProDKin_1"	"LIMA1_MOUSE"	"Q9ERG0"	"Q9ERG0 Q8K2H0 Q9ERG1"	"689"	"695"	"17875928"	"detection by mass spectrometry; mutation analysis; protein kinase assay; protein kinase assay; western blot"	"true positive"	""	"Mus musculus"
"ELMI001459"	"MOD"	"MOD_ProDKin_1"	"MED1_MOUSE"	"Q925J9"	"Q925J9 A2A526 A2A528 O88323 Q3UHV0 Q6AXD5 Q8BW37 Q8BX19 Q8VDQ7 Q925K0"	"1439"	"1445"	"12356758"	"mutation analysis; protein kinase assay; protein kinase assay"	"true positive"	""	"Mus musculus"
"ELMI002432"	"MOD"	"MOD_ProDKin_1"	"MYC_HUMAN"	"P01106"	"P01106 A8WFE7 P01107 Q14026"	"59"	"65"	"8035827 1651323"	"mutation analysis; protein kinase assay"	"true positive"	""	"Homo sapiens"
"ELMI001432"	"MOD"	"MOD_ProDKin_1"	"MYC_HUMAN"	"P01106"	"P01106 A8WFE7 P01107 Q14026"	"68"	"74"	"10551811"	"mutation analysis; polyclonal antibody; protein kinase assay; protein kinase assay; western blot"	"true positive"	""	"Homo sapiens"
"ELMI001439"	"MOD"	"MOD_ProDKin_1"	"NFAC4_HUMAN"	"Q14934"	"Q14934 B4DDG5 B4DY55 B5B2U7 B5B2U8 B5B2U9 B5B2V0 B5B2V1 B5B2V2 B5B2V3 B5B2V4 B5B2V5 B5B2V7 B5B2V8 B5B2V9 B5B2W0 B5B2W1 B5B2W2 B5B2W3 B5B2W4 B5B2W5 B5B2W6 B5B2W7 B5B2W8 B5B2W9 B5B2X0 Q7Z598 Q96H68"	"165"	"171"	"11997522"	"classical fluorescence spectroscopy; mutation analysis; protein cleavage; protein kinase assay; protein kinase assay"	"true positive"	""	"Homo sapiens"
"ELMI001440"	"MOD"	"MOD_ProDKin_1"	"NFAC4_HUMAN"	"Q14934"	"Q14934 B4DDG5 B4DY55 B5B2U7 B5B2U8 B5B2U9 B5B2V0 B5B2V1 B5B2V2 B5B2V3 B5B2V4 B5B2V5 B5B2V7 B5B2V8 B5B2V9 B5B2W0 B5B2W1 B5B2W2 B5B2W3 B5B2W4 B5B2W5 B5B2W6 B5B2W7 B5B2W8 B5B2W9 B5B2X0 Q7Z598 Q96H68"	"167"	"173"	"11997522"	"classical fluorescence spectroscopy; mutation analysis; protein cleavage; protein kinase assay; protein kinase assay"	"true positive"	""	"Homo sapiens"
"ELMI001451"	"MOD"	"MOD_ProDKin_1"	"PAPOA_MOUSE"	"Q61183"	"Q61183 Q61208 Q61209 Q8K4X2"	"534"	"540"	"18084034"	"detection by mass spectrometry; mutation analysis; protein kinase assay; protein kinase assay; western blot"	"true positive"	""	"Mus musculus"
"ELMI001441"	"MOD"	"MOD_ProDKin_1"	"PAX6_DANRE"	"P26630"	"P26630 A2AUN5"	"410"	"416"	"10329718"	"mutation analysis; protein kinase assay; protein kinase assay; western blot"	"true positive"	""	"Danio rerio"
"ELMI001456"	"MOD"	"MOD_ProDKin_1"	"Q8K4N4_MOUSE"	"Q8K4N4"	"Q8K4N4"	"254"	"260"	"15963504"	"mutation analysis; protein kinase assay; protein kinase assay"	"true positive"	""	"Mus musculus"
"ELMI001457"	"MOD"	"MOD_ProDKin_1"	"Q8K4N4_MOUSE"	"Q8K4N4"	"Q8K4N4"	"272"	"278"	"15963504"	"mutation analysis; protein kinase assay; protein kinase assay"	"true positive"	""	"Mus musculus"
"ELMI001458"	"MOD"	"MOD_ProDKin_1"	"Q8K4N4_MOUSE"	"Q8K4N4"	"Q8K4N4"	"292"	"298"	"15963504"	"mutation analysis; protein kinase assay; protein kinase assay"	"true positive"	""	"Mus musculus"
"ELMI001434"	"MOD"	"MOD_ProDKin_1"	"RARA_HUMAN"	"P10276"	"P10276 P78456 Q13440 Q13441 Q96S41 Q9NQS0"	"178"	"184"	"15657432"	"mass detection of residue modification; mutation analysis; protein kinase assay; protein kinase assay"	"true positive"	""	"Homo sapiens"
"ELMI001435"	"MOD"	"MOD_ProDKin_1"	"RARA_HUMAN"	"P10276"	"P10276 P78456 Q13440 Q13441 Q96S41 Q9NQS0"	"442"	"448"	"15657432"	"mass detection of residue modification; mutation analysis; protein kinase assay; protein kinase assay"	"true positive"	""	"Homo sapiens"
"ELMI001442"	"MOD"	"MOD_ProDKin_1"	"SOS1_HUMAN"	"Q07889"	"Q07889 A8K2G3"	"1164"	"1170"	"8816480"	"mass detection of residue modification; mutation analysis; protein kinase assay; protein kinase assay"	"true positive"	""	"Homo sapiens"
"ELMI001443"	"MOD"	"MOD_ProDKin_1"	"SOS1_HUMAN"	"Q07889"	"Q07889 A8K2G3"	"1175"	"1181"	"8816480"	"mass detection of residue modification; mutation analysis; protein kinase assay; protein kinase assay"	"true positive"	""	"Homo sapiens"
"ELMI001444"	"MOD"	"MOD_ProDKin_1"	"SOS1_HUMAN"	"Q07889"	"Q07889 A8K2G3"	"1190"	"1196"	"8816480"	"mass detection of residue modification; mutation analysis; protein kinase assay; protein kinase assay"	"true positive"	""	"Homo sapiens"
"ELMI001445"	"MOD"	"MOD_ProDKin_1"	"SP1_HUMAN"	"P08047"	"P08047 Q86TN8 Q9H3Q5 Q9NR51 Q9NY21 Q9NYE7"	"450"	"456"	"11904305"	"classical fluorescence spectroscopy; mutation analysis; protein kinase assay; protein kinase assay"	"true positive"	""	"Homo sapiens"
"ELMI001446"	"MOD"	"MOD_ProDKin_1"	"SP1_HUMAN"	"P08047"	"P08047 Q86TN8 Q9H3Q5 Q9NR51 Q9NY21 Q9NYE7"	"736"	"742"	"11904305"	"mutation analysis; protein kinase assay; protein kinase assay; western blot"	"true positive"	""	"Homo sapiens"
"ELMI003959"	"MOD"	"MOD_ProDKin_1"	"TACY_LISMO"	"P13128"	"P13128 Q48747 Q57096 Q57206"	"41"	"47"	"14638761 11062133 16441444"	"deletion analysis; electrophoretic mobility shift assay; inhibitor; mutation analysis; necessary binding site; phenotype-based detection assay; phosphatase assay"	"true positive"	""	"Listeria monocytogenes EGD-e"
"ELMI001453"	"MOD"	"MOD_ProDKin_1"	"TAL1_HUMAN"	"P17542"	"P17542 D3DQ24"	"119"	"125"	"8423803"	"mutation analysis; protein kinase assay; protein kinase assay"	"true positive"	""	"Homo sapiens"
"ELMI001433"	"MOD"	"MOD_ProDKin_1"	"TOB1_HUMAN"	"P50616"	"P50616 B2R9T0 D3DTY3 Q4KMQ0"	"151"	"157"	"12151396"	"mutation analysis; protein kinase assay; protein kinase assay; western blot"	"true positive"	""	"Homo sapiens"
"ELMI000313"	"MOD"	"MOD_SPalmitoyl_2"	"RASH_HUMAN"	"P01112"	"P01112 B5BUA0 Q14080 Q6FHV9 Q9BR65 Q9UCE2"	"180"	"186"	"8626715"	"mutation analysis"	"true positive"	""	"Homo sapiens"
"ELMI002107"	"MOD"	"MOD_SPalmitoyl_2"	"RASN_HUMAN"	"P01111"	"P01111 Q14971 Q15104 Q15282"	"180"	"186"	"2661017"	"mutation analysis"	"true positive"	""	"Homo sapiens"
"ELMI000327"	"MOD"	"MOD_SPalmitoyl_4"	"GNAO_HUMAN"	"P09471"	"P09471 P29777 Q8TD72 Q9UMV4"	"1"	"7"	""	""	"true positive"	""	"Homo sapiens"
"ELMI000311"	"MOD"	"MOD_SPalmitoyl_4"	"GNAZ_HUMAN"	"P19086"	"P19086 B2R6C1 Q4QRJ6"	"1"	"7"	""	""	"true positive"	""	"Homo sapiens"
"ELMI000316"	"MOD"	"MOD_SPalmitoyl_4"	"LCK_HUMAN"	"P06239"	"P06239 D3DPP8 P07100 Q12850 Q13152 Q5TDH8 Q5TDH9 Q7RTZ3 Q96DW4 Q9NYT8"	"1"	"7"	""	""	"true positive"	""	"Homo sapiens"
"ELMI002108"	"MOD"	"MOD_SPalmitoyl_4"	"LCK_MOUSE"	"P06240"	"P06240 Q61794 Q61795 Q62320 Q91X65"	"1"	"7"	"8524258"	"fluorescence technology; mutation analysis"	"true positive"	""	"Mus musculus"
"ELMI000337"	"MOD"	"MOD_SPalmitoyl_4"	"LYN_HUMAN"	"P07948"	"P07948 A0AVQ5"	"1"	"7"	""	""	"unknown"	""	"Homo sapiens"
"ELMI000336"	"MOD"	"MOD_SPalmitoyl_4"	"YES_HUMAN"	"P07947"	"P07947 A6NLB3 D3DUH1"	"1"	"7"	""	""	"unknown"	""	"Homo sapiens"
"ELMI003757"	"MOD"	"MOD_SUMO_for_1"	"AMPA_ANAPZ"	"Q2GIB5"	"Q2GIB5"	"134"	"137"	"25308709"	"colocalization; phenotype-based detection assay; pull down"	"true positive"	""	"Anaplasma phagocytophilum str. HZ"
"ELMI000850"	"MOD"	"MOD_SUMO_for_1"	"AP2C_HUMAN"	"Q92754"	"Q92754 O00685 O00730 Q86V30 Q8IVB6 Q9P1X2"	"9"	"12"	"12072434"	"not specified"	"true positive"	""	"Homo sapiens"
"ELMI000851"	"MOD"	"MOD_SUMO_for_1"	"ARNT_HUMAN"	"P27540"	"P27540 C4AMA1 Q5QP39 Q8NDC7"	"244"	"247"	"12354770"	"not specified"	"true positive"	""	"Homo sapiens"
"ELMI000854"	"MOD"	"MOD_SUMO_for_1"	"CDC11_YEAST"	"P32458"	"P32458 D6VWP6"	"411"	"414"	"10579719"	"not specified"	"true positive"	""	"Saccharomyces cerevisiae"
"ELMI001230"	"MOD"	"MOD_SUMO_for_1"	"CDC3_YEAST"	"P32457"	"P32457 D6VYV8 Q06161"	"3"	"6"	"10579719"	"mutation analysis; western blot"	"true positive"	""	"Saccharomyces cerevisiae"
"ELMI000856"	"MOD"	"MOD_SUMO_for_1"	"CEBPA_HUMAN"	"P49715"	"P49715 A7LNP2 P78319 Q05CA4"	"160"	"163"	"12161447"	"not specified"	"true positive"	""	"Homo sapiens"
"ELMI000857"	"MOD"	"MOD_SUMO_for_1"	"CEBPB_HUMAN"	"P17676"	"P17676 A8K671 Q96IH2 Q9H4Z5"	"173"	"176"	"12161447"	"not specified"	"true positive"	""	"Homo sapiens"
"ELMI000858"	"MOD"	"MOD_SUMO_for_1"	"CEBPD_HUMAN"	"P49716"	"P49716 Q14937 Q2M2X9"	"119"	"122"	"12161447"	"not specified"	"true positive"	""	"Homo sapiens"
"ELMI000859"	"MOD"	"MOD_SUMO_for_1"	"CEBPE_HUMAN"	"Q15744"	"Q15744 Q15745 Q8IYI2 Q99803"	"120"	"123"	"12161447"	"not specified"	"true positive"	""	"Homo sapiens"
"ELMI000860"	"MOD"	"MOD_SUMO_for_1"	"GCR_HUMAN"	"P04150"	"P04150 B0LPG8 D3DQF4 P04151 Q53EP5 Q6N0A4"	"276"	"279"	"12144530"	"not specified"	"true positive"	""	"Homo sapiens"
"ELMI000861"	"MOD"	"MOD_SUMO_for_1"	"GCR_HUMAN"	"P04150"	"P04150 B0LPG8 D3DQF4 P04151 Q53EP5 Q6N0A4"	"292"	"295"	"12144530"	"not specified"	"true positive"	""	"Homo sapiens"
"ELMI000862"	"MOD"	"MOD_SUMO_for_1"	"HDAC1_HUMAN"	"Q13547"	"Q13547 Q92534"	"443"	"446"	"11960997"	"not specified"	"true positive"	""	"Homo sapiens"
"ELMI000863"	"MOD"	"MOD_SUMO_for_1"	"HDAC1_HUMAN"	"Q13547"	"Q13547 Q92534"	"475"	"478"	"11960997"	"not specified"	"true positive"	""	"Homo sapiens"
"ELMI000864"	"MOD"	"MOD_SUMO_for_1"	"HDAC4_HUMAN"	"P56524"	"P56524 Q9UND6"	"558"	"561"	"12032081"	"not specified"	"true positive"	""	"Homo sapiens"
"ELMI001254"	"MOD"	"MOD_SUMO_for_1"	"HIC1_HUMAN"	"Q14526"	"Q14526 D3DTI4"	"332"	"335"	"17283066"	"coimmunoprecipitation; mutation analysis; western blot"	"true positive"	""	"Homo sapiens"
"ELMI002264"	"MOD"	"MOD_SUMO_for_1"	"HIF1A_HUMAN"	"Q16665"	"Q16665 Q53XP6 Q96PT9 Q9UPB1"	"390"	"393"	"17610843 15465032"	"anti tag coimmunoprecipitation; coimmunoprecipitation; mutation analysis; western blot"	"true positive"	""	"Homo sapiens"
"ELMI002265"	"MOD"	"MOD_SUMO_for_1"	"HIF1A_HUMAN"	"Q16665"	"Q16665 Q53XP6 Q96PT9 Q9UPB1"	"476"	"479"	"17610843 15465032"	"anti tag coimmunoprecipitation; coimmunoprecipitation; mutation analysis; western blot"	"true positive"	""	"Homo sapiens"
"ELMI002460"	"MOD"	"MOD_SUMO_for_1"	"HIF1A_HUMAN"	"Q16665"	"Q16665 Q53XP6 Q96PT9 Q9UPB1"	"531"	"534"	"17610843 15465032"	"mutation analysis; sumoylase assay"	"true negative"	""	"Homo sapiens"
"ELMI000865"	"MOD"	"MOD_SUMO_for_1"	"HSF1_HUMAN"	"Q00613"	"Q00613 A8K4L0 A8MW26 Q53XT4"	"297"	"300"	"11514557"	"not specified"	"true positive"	""	"Homo sapiens"
"ELMI000866"	"MOD"	"MOD_SUMO_for_1"	"LEF1_MOUSE"	"P27782"	"P27782"	"24"	"27"	"11731474"	"not specified"	"true positive"	""	"Mus musculus"
"ELMI000867"	"MOD"	"MOD_SUMO_for_1"	"LEF1_MOUSE"	"P27782"	"P27782"	"266"	"269"	"11731474"	"not specified"	"true positive"	""	"Mus musculus"
"ELMI002189"	"MOD"	"MOD_SUMO_for_1"	"MEF2A_HUMAN"	"Q02078"	"Q02078 O43814 Q14223 Q14224 Q96D14"	"402"	"405"	"16371476"	"coimmunoprecipitation; mutation analysis; western blot"	"true positive"	""	"Homo sapiens"
"ELMI000868"	"MOD"	"MOD_SUMO_for_1"	"MYB_HUMAN"	"P10242"	"P10242 P78391 P78392 P78525 P78526 Q14023 Q14024 Q708E4 Q708E7 Q9UE83"	"502"	"505"	"11779867"	"not specified"	"true positive"	""	"Homo sapiens"
"ELMI000869"	"MOD"	"MOD_SUMO_for_1"	"MYB_HUMAN"	"P10242"	"P10242 P78391 P78392 P78525 P78526 Q14023 Q14024 Q708E4 Q708E7 Q9UE83"	"526"	"529"	"11779867"	"not specified"	"true positive"	""	"Homo sapiens"
"ELMI000870"	"MOD"	"MOD_SUMO_for_1"	"NCOA2_HUMAN"	"Q15596"	"Q15596 Q14CD2"	"238"	"241"	"12060666"	"not specified"	"true positive"	""	"Homo sapiens"
"ELMI000871"	"MOD"	"MOD_SUMO_for_1"	"NCOA2_HUMAN"	"Q15596"	"Q15596 Q14CD2"	"730"	"733"	"12060666"	"not specified"	"true positive"	""	"Homo sapiens"
"ELMI000872"	"MOD"	"MOD_SUMO_for_1"	"NCOA2_HUMAN"	"Q15596"	"Q15596 Q14CD2"	"784"	"787"	"12060666"	"not specified"	"false positive"	""	"Homo sapiens"
"ELMI000091"	"MOD"	"MOD_SUMO_for_1"	"P53_HUMAN"	"P04637"	"P04637 Q15086 Q15087 Q15088 Q16535 Q16807 Q16808 Q16809 Q16810 Q16811 Q16848 Q2XN98 Q3LRW1 Q3LRW2 Q3LRW3 Q3LRW4 Q3LRW5 Q86UG1 Q8J016 Q99659 Q9BTM4 Q9HAQ8 Q9NP68 Q9NPJ2 Q9NZD0 Q9UBI2 Q9UQ61"	"385"	"388"	"10562558"	"mutation analysis"	"true positive"	""	"Homo sapiens"
"ELMI000874"	"MOD"	"MOD_SUMO_for_1"	"PCNA_YEAST"	"P15873"	"P15873 D6VQ89"	"126"	"129"	"12226657"	"not specified"	"true positive"	""	"Saccharomyces cerevisiae"
"ELMI000876"	"MOD"	"MOD_SUMO_for_1"	"PML_HUMAN"	"P29590"	"P29590 P29591 P29592 P29593 Q00755 Q15959 Q59FP9 Q8WUA0 Q96S41 Q9BPW2 Q9BWP7 Q9BZX6 Q9BZX7 Q9BZX8 Q9BZX9 Q9BZY0 Q9BZY2 Q9BZY3"	"159"	"162"	"11413191"	"not specified"	"true positive"	""	"Homo sapiens"
"ELMI002434"	"MOD"	"MOD_SUMO_for_1"	"PML_HUMAN"	"P29590"	"P29590 P29591 P29592 P29593 Q00755 Q15959 Q59FP9 Q8WUA0 Q96S41 Q9BPW2 Q9BWP7 Q9BZX6 Q9BZX7 Q9BZX8 Q9BZX9 Q9BZY0 Q9BZY2 Q9BZY3"	"489"	"492"	"9756909 9885291 10779416"	"anti tag coimmunoprecipitation; colocalization; mutation analysis; sumoylase assay; two hybrid; western blot"	"true positive"	""	"Homo sapiens"
"ELMI002197"	"MOD"	"MOD_SUMO_for_1"	"PPARG_HUMAN"	"P37231"	"P37231 A8K3G6 B5BUA1 O00684 O00710 O14515 Q0QJH8 Q15178 Q15179 Q15180 Q15832 Q86U60 Q96J12"	"106"	"109"	"15123625"	"inferred by author; interologs; sequence based prediction"	"true positive"	""	"Homo sapiens"
"ELMI002198"	"MOD"	"MOD_SUMO_for_1"	"PPARG_MOUSE"	"P37238"	"P37238"	"106"	"109"	"15123625"	"coimmunoprecipitation; glutathione s tranferase tag; mutation analysis; pull down; western blot"	"true positive"	""	"Mus musculus"
"ELMI000877"	"MOD"	"MOD_SUMO_for_1"	"PRGR_HUMAN"	"P06401"	"P06401 A7X8B0 Q9UPF7"	"387"	"390"	"12114521"	"not specified"	"true positive"	""	"Homo sapiens"
"ELMI000009"	"MOD"	"MOD_SUMO_for_1"	"RAGP1_MOUSE"	"P46061"	"P46061 Q60801 Q6NZB5"	"525"	"528"	"11853669"	"x-ray crystallography"	"true positive"	"1KPS"	"Mus musculus"
"ELMI000878"	"MOD"	"MOD_SUMO_for_1"	"SALL1_HUMAN"	"Q9NSC2"	"Q9NSC2 Q99881 Q9NSC3 Q9P1R0"	"1085"	"1088"	"12200128"	"not specified"	"true positive"	""	"Homo sapiens"
"ELMI000908"	"MOD"	"MOD_SUMO_for_1"	"SATB2_HUMAN"	"Q9UPW6"	"Q9UPW6 A8K5Z8 Q4V763"	"232"	"235"	"14701874"	"coimmunoprecipitation; mutation analysis"	"true positive"	""	"Homo sapiens"
"ELMI000909"	"MOD"	"MOD_SUMO_for_1"	"SATB2_HUMAN"	"Q9UPW6"	"Q9UPW6 A8K5Z8 Q4V763"	"349"	"352"	"14701874"	"coimmunoprecipitation; mutation analysis"	"true positive"	""	"Homo sapiens"
"ELMI000879"	"MOD"	"MOD_SUMO_for_1"	"SHS1_YEAST"	"Q07657"	"Q07657 D6VRD0"	"425"	"428"	"10579719"	"not specified"	"true positive"	""	"Saccharomyces cerevisiae"
"ELMI000880"	"MOD"	"MOD_SUMO_for_1"	"SHS1_YEAST"	"Q07657"	"Q07657 D6VRD0"	"436"	"439"	"10579719"	"not specified"	"true positive"	""	"Saccharomyces cerevisiae"
"ELMI000883"	"MOD"	"MOD_SUMO_for_1"	"SP100_HUMAN"	"P23497"	"P23497 E9PH61 O75450 Q13343 Q8TE34 Q96F70 Q96T24 Q96T95 Q9NP33 Q9UE32"	"296"	"299"	"10212234"	"not specified"	"true positive"	""	"Homo sapiens"
"ELMI000884"	"MOD"	"MOD_SUMO_for_1"	"SP3_HUMAN"	"Q02447"	"Q02447 A0AVL9 B4E2B7 Q69B26 Q69B27 Q8TD56 Q8WWU4 Q9BQR1"	"550"	"553"	"12356736"	"not specified"	"true positive"	""	"Homo sapiens"
"ELMI000882"	"MOD"	"MOD_SUMO_for_1"	"SUMO2_HUMAN"	"P61956"	"P61956 B2R4I2 P55855 Q32Q42 Q6IPZ6 Q96HK1"	"10"	"13"	"11451954"	"not specified"	"true positive"	""	"Homo sapiens"
"ELMI000881"	"MOD"	"MOD_SUMO_for_1"	"SUMO3_HUMAN"	"P55854"	"P55854 B2R5X4 Q53HI9 Q6FGD4 Q9BWR4"	"10"	"13"	"11451954"	"not specified"	"true positive"	""	"Homo sapiens"
"ELMI000885"	"MOD"	"MOD_SUMO_for_1"	"TDG_HUMAN"	"Q13569"	"Q13569 Q8IUZ6 Q8IZM3"	"329"	"332"	"11889051"	"not specified"	"true positive"	""	"Homo sapiens"
"ELMI000886"	"MOD"	"MOD_SUMO_for_1"	"VIE1_HCMVA"	"P13202"	"P13202 Q7M6S4"	"449"	"452"	"11861864"	"not specified"	"true positive"	""	"Human herpesvirus 5 strain AD169"
"ELMI002886"	"MOD"	"MOD_SUMO_rev_2"	"HNRPU_HUMAN"	"Q00839"	"Q00839 O75507 Q8N174 Q96HY9 Q9BQ09"	"262"	"267"	"25114211 25218447"	"Identification by mass spectrometry; detection by mass spectrometry; his tag; pull down"	"true positive"	""	"Homo sapiens"
"ELMI002861"	"MOD"	"MOD_SUMO_rev_2"	"KHDR1_HUMAN"	"Q07666"	"Q07666 D3DPP3 Q6PJX7 Q8NB97 Q99760"	"98"	"104"	"25114211"	"detection by mass spectrometry"	"true positive"	""	"Homo sapiens"
"ELMI002867"	"MOD"	"MOD_SUMO_rev_2"	"LAS1L_HUMAN"	"Q9Y4W2"	"Q9Y4W2 A9X410 Q5JXQ0 Q8TEN5 Q9H9V5"	"228"	"236"	"25218447"	"detection by mass spectrometry"	"true positive"	""	"Homo sapiens"
"ELMI002882"	"MOD"	"MOD_SUMO_rev_2"	"NPM_HUMAN"	"P06748"	"P06748 A8K3N7 B5BU00 D3DQL6 P08693 Q12826 Q13440 Q13441 Q14115 Q5EU94 Q5EU95 Q5EU96 Q5EU97 Q5EU98 Q5EU99 Q6V962 Q8WTW5 Q96AT6 Q96DC4 Q96EA5 Q9BYG9 Q9UDJ7"	"245"	"249"	"24782567 25114211 25218447"	"Identification by mass spectrometry; detection by mass spectrometry; his tag; pull down"	"true positive"	""	"Homo sapiens"
"ELMI002862"	"MOD"	"MOD_SUMO_rev_2"	"NUCL_HUMAN"	"P19338"	"P19338 Q53SK1 Q8NB06 Q9UCF0 Q9UDG1"	"319"	"325"	"25218447"	"detection by mass spectrometry"	"true positive"	""	"Homo sapiens"
"ELMI002883"	"MOD"	"MOD_SUMO_rev_2"	"PHF12_HUMAN"	"Q96QT6"	"Q96QT6 Q0VAI5 Q2TAK2 Q6ZML2 Q9BV34 Q9H7U9 Q9P205"	"462"	"469"	"24782567 25218447"	"Identification by mass spectrometry; detection by mass spectrometry; his tag; pull down"	"true positive"	""	"Homo sapiens"
"ELMI002892"	"MOD"	"MOD_SUMO_rev_2"	"PPIL4_HUMAN"	"Q8WUA2"	"Q8WUA2 B2RD34 Q7Z3Q5"	"214"	"219"	"25218447"	"Identification by mass spectrometry; detection by mass spectrometry; his tag; pull down"	"true positive"	""	"Homo sapiens"
"ELMI002863"	"MOD"	"MOD_SUMO_rev_2"	"PTRF_HUMAN"	"Q6NZI2"	"Q6NZI2 B2RAW7 O00535 Q6GMY1 Q96H74 Q9BT85 Q9HAP4"	"158"	"163"	"25218447"	"detection by mass spectrometry"	"true positive"	""	"Homo sapiens"
"ELMI002860"	"MOD"	"MOD_SUMO_rev_2"	"RBP2_HUMAN"	"P49792"	"P49792 Q13074 Q15280 Q53TE2 Q59FH7"	"2568"	"2572"	"25218447"	"Identification by mass spectrometry; detection by mass spectrometry; his tag; pull down"	"true positive"	""	"Homo sapiens"
"ELMI002890"	"MOD"	"MOD_SUMO_rev_2"	"RBP2_HUMAN"	"P49792"	"P49792 Q13074 Q15280 Q53TE2 Q59FH7"	"2588"	"2593"	"25218447"	"Identification by mass spectrometry; detection by mass spectrometry; his tag; pull down"	"true positive"	""	"Homo sapiens"
"ELMI002887"	"MOD"	"MOD_SUMO_rev_2"	"SAFB2_HUMAN"	"Q14151"	"Q14151 B4DKG3 Q8TB13"	"246"	"254"	"25114211 25218447"	"Identification by mass spectrometry; detection by mass spectrometry; his tag; pull down"	"true positive"	""	"Homo sapiens"
"ELMI002865"	"MOD"	"MOD_SUMO_rev_2"	"SAFB2_HUMAN"	"Q14151"	"Q14151 B4DKG3 Q8TB13"	"387"	"393"	"25218447"	"detection by mass spectrometry"	"true positive"	""	"Homo sapiens"
"ELMI002884"	"MOD"	"MOD_SUMO_rev_2"	"SMRCD_HUMAN"	"Q9H4L7"	"Q9H4L7 B7Z799 Q05D56 Q96SX1 Q9H017 Q9H860 Q9NPU9 Q9ULU7"	"73"	"79"	"24782567 25218447"	"Identification by mass spectrometry; detection by mass spectrometry; his tag; pull down"	"true positive"	""	"Homo sapiens"
"ELMI002864"	"MOD"	"MOD_SUMO_rev_2"	"SUMO1_HUMAN"	"P63165"	"P63165 A8MUS8 B2R4I5 P55856 Q6FGG0 Q6NZ62 Q93068"	"3"	"8"	"25218447"	"detection by mass spectrometry"	"true positive"	""	"Homo sapiens"
"ELMI002866"	"MOD"	"MOD_SUMO_rev_2"	"TR150_HUMAN"	"Q9Y2W1"	"Q9Y2W1 D3DPS5 Q5VTK6"	"447"	"453"	"24782567"	"detection by mass spectrometry"	"true positive"	""	"Homo sapiens"
"ELMI002891"	"MOD"	"MOD_SUMO_rev_2"	"Z280C_HUMAN"	"Q8ND82"	"Q8ND82 A8K2V8 Q9NXR3"	"2"	"7"	"25218447"	"Identification by mass spectrometry; detection by mass spectrometry; his tag; pull down"	"true positive"	""	"Homo sapiens"
"ELMI002889"	"MOD"	"MOD_SUMO_rev_2"	"ZC11A_HUMAN"	"O75152"	"O75152 Q6AHY4 Q6AHY9 Q6AW79 Q6AWA1 Q6PJK4 Q86XZ7"	"111"	"116"	"24782567 25218447"	"Identification by mass spectrometry; detection by mass spectrometry; his tag; pull down"	"true positive"	""	"Homo sapiens"
"ELMI002888"	"MOD"	"MOD_SUMO_rev_2"	"ZC11A_HUMAN"	"O75152"	"O75152 Q6AHY4 Q6AHY9 Q6AW79 Q6AWA1 Q6PJK4 Q86XZ7"	"475"	"479"	"24782567 25218447"	"Identification by mass spectrometry; detection by mass spectrometry; his tag; pull down"	"true positive"	""	"Homo sapiens"
"ELMI002885"	"MOD"	"MOD_SUMO_rev_2"	"ZN281_HUMAN"	"Q9Y2X9"	"Q9Y2X9 A6NF48 B3KMX2 Q5RKW5 Q9NY92"	"790"	"797"	"24782567 25218447"	"Identification by mass spectrometry; detection by mass spectrometry; his tag; pull down"	"true positive"	""	"Homo sapiens"
"ELMI002893"	"MOD"	"MOD_SUMO_rev_2"	"ZN462_HUMAN"	"Q96JM2"	"Q96JM2 Q5T0T4 Q8N408"	"15"	"21"	"25218447"	"Identification by mass spectrometry; detection by mass spectrometry; his tag; pull down"	"true positive"	""	"Homo sapiens"
"ELMI000135"	"MOD"	"MOD_TYR_CSK"	"BLK_HUMAN"	"P51451"	"P51451 Q16291"	"497"	"505"	""	"sequence based prediction"	"true positive"	""	"Homo sapiens"
"ELMI000134"	"MOD"	"MOD_TYR_CSK"	"FGR_HUMAN"	"P09769"	"P09769 D3DPL7 Q9UIQ3"	"519"	"527"	""	"sequence based prediction"	"true positive"	""	"Homo sapiens"
"ELMI000129"	"MOD"	"MOD_TYR_CSK"	"FYN_HUMAN"	"P06241"	"P06241 B5BU57 E1P557 Q16248 Q5R3A6 Q5R3A7 Q8N5D7"	"527"	"535"	""	"sequence based prediction"	"true positive"	""	"Homo sapiens"
"ELMI000128"	"MOD"	"MOD_TYR_CSK"	"FYN_MOUSE"	"P39688"	"P39688 Q3TAT3 Q3U0T5 Q8K2A3"	"527"	"535"	"7685657"	"knock out"	"true positive"	""	"Mus musculus"
"ELMI000136"	"MOD"	"MOD_TYR_CSK"	"HCK_HUMAN"	"P08631"	"P08631 B4DQB6 E1P5M2 Q29RX1 Q2VPE2 Q504R5 Q5T7K1 Q5T7K2 Q96CC0 Q9H5Y5 Q9NUA4 Q9UMJ5"	"518"	"526"	""	"sequence based prediction"	"true positive"	""	"Homo sapiens"
"ELMI000132"	"MOD"	"MOD_TYR_CSK"	"LYN_HUMAN"	"P07948"	"P07948 A0AVQ5"	"504"	"512"	""	"sequence based prediction"	"true positive"	""	"Homo sapiens"
"ELMI000130"	"MOD"	"MOD_TYR_CSK"	"LYN_MOUSE"	"P25911"	"P25911 Q62127"	"504"	"512"	"8513497"	"knock out"	"true positive"	""	"Mus musculus"
"ELMI000131"	"MOD"	"MOD_TYR_CSK"	"LYN_RAT"	"Q07014"	"Q07014 Q63320"	"504"	"512"	"1722201"	"protein kinase assay"	"true positive"	""	"Rattus norvegicus"
"ELMI000126"	"MOD"	"MOD_TYR_CSK"	"SRC_CHICK"	"P00523"	"P00523 Q90992 Q90993 Q91343 Q91345 Q92013 Q98915"	"523"	"531"	"2420005"	"protein kinase assay"	"true positive"	""	"Gallus gallus"
"ELMI000005"	"MOD"	"MOD_TYR_CSK"	"SRC_HUMAN"	"P12931"	"P12931 E1P5V4 Q76P87 Q86VB9 Q9H5A8"	"526"	"534"	""	"sequence based prediction"	"true positive"	""	"Homo sapiens"
"ELMI000127"	"MOD"	"MOD_TYR_CSK"	"SRC_RAT"	"Q9WUD9"	"Q9WUD9"	"526"	"534"	"2480346"	"protein kinase assay"	"true positive"	""	"Rattus norvegicus"
"ELMI000133"	"MOD"	"MOD_TYR_CSK"	"YES_HUMAN"	"P07947"	"P07947 A6NLB3 D3DUH1"	"533"	"541"	""	"sequence based prediction"	"true positive"	""	"Homo sapiens"
"ELMI000390"	"MOD"	"MOD_TYR_DYR"	"DYR1A_HUMAN"	"Q13627"	"Q13627 O60769 Q92582 Q92810 Q9UNM5"	"315"	"325"	""	"sequence based prediction"	"true positive"	""	"Homo sapiens"
"ELMI000389"	"MOD"	"MOD_TYR_DYR"	"DYR1A_MOUSE"	"Q61214"	"Q61214"	"315"	"325"	"12522270"	"detection by mass spectrometry"	"true positive"	""	"Mus musculus"
"ELMI000138"	"MOD"	"MOD_TYR_DYR"	"DYR1A_RAT"	"Q63470"	"Q63470"	"315"	"325"	"11672423 12604362"	"de novo protein sequencing by mass spectrometry; mutation analysis"	"true positive"	""	"Rattus norvegicus"
"ELMI000140"	"MOD"	"MOD_TYR_DYR"	"DYR1B_HUMAN"	"Q9Y463"	"Q9Y463 O75258 O75788 O75789"	"267"	"277"	"9918863"	"sequence based prediction"	"true positive"	""	"Homo sapiens"
"ELMI000139"	"MOD"	"MOD_TYR_DYR"	"DYR1B_MOUSE"	"Q9Z188"	"Q9Z188 Q3UFR5 Q70UR5 Q9EPM2"	"267"	"277"	"9918863"	"sequence based prediction"	"true positive"	""	"Mus musculus"
"ELMI000141"	"MOD"	"MOD_TYR_DYR"	"DYRK3_DROME"	"P83102"	"P83102 A4V144 Q2PDL5 Q5LJP2 Q8MT39 Q9Y1N4"	"430"	"440"	""	"sequence based prediction"	"true positive"	""	"Drosophila melanogaster"
"ELMI000401"	"MOD"	"MOD_TYR_DYR"	"POM1_SCHPO"	"Q09690"	"Q09690"	"853"	"863"	""	"sequence based prediction"	"true positive"	""	"Schizosaccharomyces pombe"
"ELMI000402"	"MOD"	"MOD_TYR_DYR"	"PPK5_SCHPO"	"Q09815"	"Q09815"	"672"	"682"	""	"sequence based prediction"	"true positive"	""	"Schizosaccharomyces pombe"
"ELMI000137"	"MOD"	"MOD_TYR_DYR"	"YAK1_YEAST"	"P14680"	"P14680 D6VW43"	"524"	"534"	"9748265 10816418"	"detection by mass spectrometry; phosphatase assay; protein kinase assay"	"true positive"	""	"Saccharomyces cerevisiae"
"ELMI002726"	"MOD"	"MOD_WntLipid"	"WNT3A_MOUSE"	"P27467"	"P27467"	"76"	"89"	"12717451"	"depalmitoylase assay; mass detection of residue modification; mutation analysis"	"true positive"	""	"Mus musculus"
"ELMI001208"	"TRG"	"TRG_AP2beta_CARGO_1"	"ARH_HUMAN"	"Q5SW96"	"Q5SW96 A2BHI5 Q6TQS9 Q8N2Y0 Q9UFI9"	"256"	"266"	"16516836"	"isothermal titration calorimetry; x-ray crystallography"	"true positive"	"2G30"	"Homo sapiens"
"ELMI001207"	"TRG"	"TRG_AP2beta_CARGO_1"	"ARRB1_HUMAN"	"P49407"	"P49407 B6V9G8 O75625 O75630 Q2PP20 Q9BTK8"	"385"	"395"	"16903783 16516836"	"glutathione s tranferase tag; isothermal titration calorimetry; mutation analysis; pull down; two hybrid; x-ray crystallography"	"true positive"	"2IV8"	"Homo sapiens"
"ELMI001209"	"TRG"	"TRG_AP2beta_CARGO_1"	"EPN1_HUMAN"	"Q9Y6I3"	"Q9Y6I3 Q86ST3 Q9HA18"	"402"	"411"	"16516836"	"glutathione s tranferase tag; isothermal titration calorimetry; mutation analysis; pull down; two hybrid"	"true positive"	""	"Homo sapiens"
"ELMI001210"	"TRG"	"TRG_AP2beta_CARGO_1"	"EPN2_HUMAN"	"O95208"	"O95208 O95207 Q9H7Z2 Q9UPT7"	"456"	"465"	""	""	"true positive"	""	"Homo sapiens"
"ELMI001299"	"TRG"	"TRG_Cilium_Arf4_1"	"OPSD_BOVIN"	"P02699"	"P02699"	"344"	"348"	"9724753"	"competition binding; mutation analysis; mutation disrupting interaction"	"true positive"	""	"Bos taurus"
"ELMI001301"	"TRG"	"TRG_Cilium_RVxP_2"	"PKD2_HUMAN"	"Q13563"	"Q13563 O60441 Q15764 Q2M1Q3 Q2M1Q5"	"6"	"10"	"16537653"	"mutation analysis; mutation disrupting interaction"	"true positive"	""	"Homo sapiens"
"ELMI001300"	"TRG"	"TRG_Cilium_RVxP_2"	"Q80XL8_MOUSE"	"Q80XL8"	"Q80XL8"	"841"	"845"	"16782012"	"alanine scanning; coimmunoprecipitation; confocal microscopy"	"true positive"	""	"Mus musculus"
"ELMI004257"	"TRG"	"TRG_DiLeu_BaEn_1"	"A0A1D5PL70_CHICK"	"A0A1D5PL70"	"A0A1D5PL70"	"599"	"604"	"16756976"	"confocal microscopy; fusion protein; mutation analysis"	"true positive"	""	"Gallus gallus"
"ELMI004253"	"TRG"	"TRG_DiLeu_BaEn_1"	"AQP4_HUMAN"	"P55087"	"P55087 P78564"	"288"	"293"	"11742978"	"confocal microscopy; fusion protein; mutation analysis"	"true positive"	""	"Homo sapiens"
"ELMI004264"	"TRG"	"TRG_DiLeu_BaEn_1"	"AT8A1_HUMAN"	"Q9Y2Q0"	"Q9Y2Q0 Q32M35 Q32M36 Q4W5J7 Q4W5P2"	"1105"	"1110"	"33990468"	"confocal microscopy; fusion protein; mutation analysis"	"true positive"	""	"Homo sapiens"
"ELMI004258"	"TRG"	"TRG_DiLeu_BaEn_1"	"BCAM_HUMAN"	"P50895"	"P50895 A8MYF9 A9YWT5 A9YWT6 Q86VC7"	"604"	"609"	"10542217"	"confocal microscopy; mutation analysis; northern blot"	"true positive"	""	"Homo sapiens"
"ELMI004259"	"TRG"	"TRG_DiLeu_BaEn_1"	"CAM1_CAEEL"	"G5EGK5"	"G5EGK5 G5ECA5 Q38G54"	"541"	"546"	"27151641"	"fluorescence microscopy; mutation analysis"	"true positive"	""	"Caenorhabditis elegans"
"ELMI004255"	"TRG"	"TRG_DiLeu_BaEn_1"	"CD44_HUMAN"	"P16070"	"P16070 A5YRN9 D3DR12 D3DR13 P22511 Q04858 Q13419 Q13957 Q13958 Q13959 Q13960 Q13961 Q13967 Q13968 Q13980 Q15861 Q16064 Q16065 Q16066 Q16208 Q16522 Q86T72 Q86Z27 Q8N694 Q92493 Q96J24 Q9H5A5 Q9UC28 Q9UC29 Q9UC30 Q9UCB0 Q9UJ36"	"708"	"713"	"8647812"	"confocal microscopy; fusion protein; mass detection of residue modification; mutation analysis"	"true positive"	""	"Homo sapiens"
"ELMI004256"	"TRG"	"TRG_DiLeu_BaEn_1"	"CLCN2_HUMAN"	"P51788"	"P51788 B4DQT9 B4DZ58 E9PBD9 E9PCD2 O14864 Q6IPA9 Q8WU13"	"619"	"624"	"25739457"	"circular dichroism; confocal microscopy; fusion protein; mutation analysis"	"true positive"	""	"Homo sapiens"
"ELMI004262"	"TRG"	"TRG_DiLeu_BaEn_1"	"CXB1_RAT"	"P08033"	"P08033"	"247"	"252"	"29361528"	"fluorescence microscopy; mutation analysis"	"true positive"	""	"Rattus norvegicus"
"ELMI004260"	"TRG"	"TRG_DiLeu_BaEn_1"	"GTR12_MOUSE"	"Q8BFW9"	"Q8BFW9 Q14B60 Q3UPR6 Q8BZB7"	"8"	"13"	"21067453"	"confocal microscopy; mutation analysis; western blot"	"true positive"	""	"Mus musculus"
"ELMI004252"	"TRG"	"TRG_DiLeu_BaEn_1"	"LRP1_HUMAN"	"Q07954"	"Q07954 Q2PP12 Q8IVG8"	"4526"	"4531"	"19005208"	"confocal microscopy; fusion protein; mutation analysis"	"true positive"	""	"Homo sapiens"
"ELMI004250"	"TRG"	"TRG_DiLeu_BaEn_1"	"MICA_HUMAN"	"Q29983"	"Q29983 A8KQR0 A9LRW5 A9QVE0 B1VJF1 O60917 O60918 O60919 O60920 O60933 O77956 O78150 O78151 O78152 O78153 O97987 O97988 O97989 O97990 O97991 O97992 O97993 O97994 O97995 O98234 O98235 O98236 O98237 O98238 P79506 P79507 P79508 P79509 P79510 P79511 P79512 P79513 P79514 P79515 P79516 P79517 P79518 P79519 P79520 P79521 Q5C9P8 Q5XM81 Q70I48 Q70I49 Q7JFH9 Q7JFI0 Q7JFI1 Q7JFI2 Q7YQ98 Q861I1 Q95464 Q95HA2 Q95HD6 Q95HN4 Q95HN5 Q95HN6 Q95IB2 Q95IY7 Q99692 Q9BCR3 Q9BCR4 Q9BCR5 Q9BCR6 Q9BCR7 Q9BCR8 Q9BCR9 Q9BCS0 Q9BCS1 Q9BCS2 Q9BCS3 Q9BCS4 Q9BD20 Q9GIZ1 Q9GIZ2 Q9GIZ3 Q9GIZ4 Q9GIZ5 Q9GIZ6 Q9GJ01 Q9GJ02 Q9GJ03 Q9GJ04 Q9GJ05 Q9GJ06 Q9GJ07 Q9GJ08 Q9GJ09 Q9MY21 Q9TQ86 Q9TQ87 Q9TQ88 Q9TQ89 Q9TQ92 Q9TQ93 Q9TQ94 Q9TQ95 Q9TQ96 Q9TQ97 Q9TQ98 Q9TQ99 Q9TQA0 Q9TQA1 Q9TQA2 Q9TQA3 Q9TQA4 Q9TQI9 Q9TQJ0 Q9TQJ1 Q9TQJ9 Q9TQK0 Q9TQK1 Q9TQK2 Q9TQK8 Q9TQK9 Q9TQL0 Q9TQL1 Q9TQL2 Q9TQL3 Q9TQL4 Q9UE04 Q9UE05 Q9UE06 Q9UE11"	"339"	"344"	"11854468"	"confocal microscopy; fusion protein; mutation analysis"	"true positive"	""	"Homo sapiens"
"ELMI004254"	"TRG"	"TRG_DiLeu_BaEn_1"	"MRP1_HUMAN"	"P33527"	"P33527 A3RJX2 C9JPJ4 O14819 O43333 P78419 Q59GI9 Q9UQ97 Q9UQ99 Q9UQA0"	"296"	"301"	"24129190"	"confocal microscopy; fluorescence microscopy; mutation analysis"	"true positive"	""	"Homo sapiens"
"ELMI004270"	"TRG"	"TRG_DiLeu_BaEn_1"	"NEF_HV1B1"	"P03404"	"P03404 P03405"	"160"	"165"	"30053425"	"electron microscopy; mutation analysis"	"true positive"	"6DFF"	"Human immunodeficiency virus type 1 BH10"
"ELMI004269"	"TRG"	"TRG_DiLeu_BaEn_1"	"NEF_HV1H2"	"P04601"	"P04601 O09780 Q85587"	"160"	"165"	"24473078"	"isothermal titration calorimetry; mutation analysis; two hybrid; x-ray crystallography"	"true positive"	"4NEE"	"HIV-1 M:B_HXB2R"
"ELMI004272"	"TRG"	"TRG_DiLeu_BaEn_1"	"PPB_YEAST"	"P11491"	"P11491 D6VTA4 E9P949 Q03374"	"9"	"14"	"9564031"	"fluorescence microscopy; fusion protein; mutation analysis; radiolabel; western blot"	"true positive"	""	"Saccharomyces cerevisiae S288c"
"ELMI004267"	"TRG"	"TRG_DiLeu_BaEn_1"	"PTR26_ARATH"	"Q84WG0"	"Q84WG0 Q9ZPS2"	"6"	"11"	"22537078"	"confocal microscopy; fusion protein; mutation analysis"	"true positive"	""	"Arabidopsis thaliana"
"ELMI004271"	"TRG"	"TRG_DiLeu_BaEn_1"	"Q4JGV0_SIV"	"Q4JGV0"	"Q4JGV0"	"190"	"195"	"31447307"	"electron microscopy; fluorescence polarization spectroscopy; mutation analysis"	"true positive"	"6OWT"	"Simian immunodeficiency virus"
"ELMI004251"	"TRG"	"TRG_DiLeu_BaEn_1"	"S23A2_HUMAN"	"Q9UGH3"	"Q9UGH3 B4DJZ1 Q8WWR4 Q92512 Q96D54 Q9UNU1 Q9UP85"	"52"	"57"	"23837633"	"confocal microscopy; functional association; fusion protein; mutation analysis; phenotype-based detection assay"	"true positive"	""	"Homo sapiens"
"ELMI004263"	"TRG"	"TRG_DiLeu_BaEn_1"	"VACHT_RAT"	"Q62666"	"Q62666 Q64351"	"481"	"486"	"9651318"	"elisa; fluorescence microscopy; fusion protein; mutation analysis"	"true positive"	""	"Rattus norvegicus"
"ELMI004266"	"TRG"	"TRG_DiLeu_BaEn_1"	"VIT1_ARATH"	"Q9ZUA5"	"Q9ZUA5"	"16"	"21"	"25351491"	"affinity chromatography technology; confocal microscopy; detection by mass spectrometry; fusion protein; mutation analysis"	"true positive"	""	"Arabidopsis thaliana"
"ELMI004268"	"TRG"	"TRG_DiLeu_BaEn_1"	"VPU_HV1S1"	"P19554"	"P19554"	"63"	"68"	"24843023"	"chromatography technology; confocal microscopy; mutation analysis; western blot; x-ray crystallography"	"true positive"	"4P6Z"	"Human immunodeficiency virus type 1 (SF162 ISOLATE)"
"ELMI004261"	"TRG"	"TRG_DiLeu_BaEn_1"	"WC11_BOVIN"	"P30205"	"P30205"	"1328"	"1333"	"25632004"	"fluorescence-activated cell sorting; mutation analysis"	"true positive"	""	"Bos taurus"
"ELMI004265"	"TRG"	"TRG_DiLeu_BaEn_1"	"YPQ2_YEAST"	"Q06328"	"Q06328 D6VSY2"	"306"	"311"	"26577948"	"fluorescence microscopy; fusion protein; mutation analysis"	"true positive"	""	"Saccharomyces cerevisiae S288c"
"ELMI004274"	"TRG"	"TRG_DiLeu_BaEn_2"	"ACM3_HUMAN"	"P20309"	"P20309 Q0VAJ8 Q4QRI3 Q5VXY2 Q9HB60"	"275"	"281"	"15870063"	"confocal microscopy; fusion protein; mutation analysis"	"true positive"	""	"Homo sapiens"
"ELMI004275"	"TRG"	"TRG_DiLeu_BaEn_2"	"FURIN_HUMAN"	"P09958"	"P09958 Q14336 Q6LBS3 Q9UCZ5"	"782"	"788"	"10082580"	"fluorescence microscopy; fusion protein; mutation analysis"	"true positive"	""	"Homo sapiens"
"ELMI004276"	"TRG"	"TRG_DiLeu_BaEn_2"	"MOT4_HUMAN"	"O15427"	"O15427 B3KXG8 Q2M1P8"	"441"	"447"	"21199217"	"confocal microscopy; fusion protein; mutation analysis"	"true positive"	""	"Homo sapiens"
"ELMI004273"	"TRG"	"TRG_DiLeu_BaEn_2"	"S4A4_HUMAN"	"Q9Y6R1"	"Q9Y6R1 C4B714 O15153 Q8NEJ2 Q9H262 Q9NRZ1 Q9UIC0 Q9UIC1 Q9UP50"	"1052"	"1058"	"17182531"	"confocal microscopy; fluorescence microscopy; mutation analysis"	"true positive"	""	"Homo sapiens"
"ELMI004277"	"TRG"	"TRG_DiLeu_BaEn_3"	"ST14_HUMAN"	"Q9Y5Y6"	"Q9Y5Y6 Q9BS01 Q9H3S0 Q9HB36 Q9HCA3"	"33"	"39"	"32049977"	"confocal microscopy; fusion protein; mutation analysis"	"true positive"	""	"Homo sapiens"
"ELMI004278"	"TRG"	"TRG_DiLeu_BaEn_3"	"VGLU1_RAT"	"Q62634"	"Q62634 A9LRT0"	"505"	"511"	"23804088"	"fluorescence microscopy; fusion protein; mutation analysis"	"true positive"	""	"Rattus norvegicus"
"ELMI004279"	"TRG"	"TRG_DiLeu_BaEn_3"	"VGLU2_RAT"	"Q9JI12"	"Q9JI12"	"513"	"519"	"29123471"	"confocal microscopy; fusion protein; mutation analysis"	"true positive"	""	"Rattus norvegicus"
"ELMI004280"	"TRG"	"TRG_DiLeu_BaEn_3"	"VMAT2_RAT"	"Q01827"	"Q01827 Q9QVP1"	"478"	"484"	"9651318"	"fluorescence microscopy; fusion protein; mutation analysis"	"true positive"	""	"Rattus norvegicus"
"ELMI004281"	"TRG"	"TRG_DiLeu_BaEn_4"	"AREG_HUMAN"	"P15514"	"P15514 Q5U026"	"236"	"242"	"21917092"	"confocal microscopy; fusion protein; mutation analysis"	"true positive"	""	"Homo sapiens"
"ELMI004282"	"TRG"	"TRG_DiLeu_BaEn_4"	"BTC_HUMAN"	"P35070"	"P35070 Q96F48"	"156"	"162"	"26272915"	"confocal microscopy; fusion protein; mutation analysis"	"true positive"	""	"Homo sapiens"
"ELMI004283"	"TRG"	"TRG_DiLeu_BaEn_4"	"SC5A5_HUMAN"	"Q92911"	"Q92911 O43702 Q2M335 Q9NYB6"	"578"	"584"	"30496374"	"confocal microscopy; mutation analysis"	"true positive"	""	"Homo sapiens"
"ELMI004284"	"TRG"	"TRG_DiLeu_BaEn_4"	"TGFR1_HUMAN"	"P36897"	"P36897 Q6IR47 Q706C0 Q706C1"	"161"	"167"	"28768825"	"confocal microscopy; fusion protein; mutation analysis"	"true positive"	""	"Homo sapiens"
"ELMI004289"	"TRG"	"TRG_DiLeu_BaLyEn_6"	"AT2B1_HUMAN"	"P20020"	"P20020 Q12992 Q12993 Q13819 Q13820 Q13821 Q16504 Q93082"	"1157"	"1162"	"16803870"	"confocal microscopy; fusion protein; mutation analysis"	"true positive"	""	"Homo sapiens"
"ELMI004290"	"TRG"	"TRG_DiLeu_BaLyEn_6"	"AT2B2_HUMAN"	"Q01814"	"Q01814 O00766 Q12994 Q16818"	"1180"	"1185"	"16803870"	"confocal microscopy; fusion protein; mutation analysis"	"true positive"	""	"Homo sapiens"
"ELMI004291"	"TRG"	"TRG_DiLeu_BaLyEn_6"	"CADH1_HUMAN"	"P12830"	"P12830 Q13799 Q14216 Q15855 Q16194 Q4PJ14"	"737"	"742"	"11312273"	"confocal microscopy; fusion protein; mutation analysis"	"unknown"	""	"Homo sapiens"
"ELMI004295"	"TRG"	"TRG_DiLeu_BaLyEn_6"	"CASR_HUMAN"	"P41180"	"P41180 Q13912 Q16108 Q16109 Q16110 Q16379 Q2M1T0 Q4PJ19"	"1009"	"1014"	"23222959"	"elisa; fluorescence technology; mutation analysis"	"true positive"	""	"Homo sapiens"
"ELMI004293"	"TRG"	"TRG_DiLeu_BaLyEn_6"	"CD4_HUMAN"	"P01730"	"P01730 B2R737 D3DUS5 Q4ZGK2 Q5U066 Q9UDE5"	"434"	"439"	"19140243 10069811"	"functional association; mutation analysis; phenotype-based detection assay; radiolabel; surface plasmon resonance; x-ray crystallography"	"true positive"	"2JKR"	"Homo sapiens"
"ELMI004285"	"TRG"	"TRG_DiLeu_BaLyEn_6"	"IL6RB_HUMAN"	"P40189"	"P40189 A0N0L4 Q9UQ41"	"782"	"787"	"16274960"	"monoclonal antibody western blot; mutation analysis"	"true positive"	""	"Homo sapiens"
"ELMI004287"	"TRG"	"TRG_DiLeu_BaLyEn_6"	"LRFN2_HUMAN"	"Q9ULH4"	"Q9ULH4 A5PKU3 Q5SYP9"	"694"	"699"	"22174418"	"confocal microscopy; mutation analysis"	"true positive"	""	"Homo sapiens"
"ELMI004296"	"TRG"	"TRG_DiLeu_BaLyEn_6"	"NOTC1_MOUSE"	"Q01705"	"Q01705 Q06007 Q3TZW2 Q3U3Y2 Q61905 Q7TQ50 Q7TQ51 Q7TQ52 Q8K428 Q99JC2 Q9QW58 Q9R0X7"	"2098"	"2103"	"23171551"	"confocal microscopy; fusion protein; mutation analysis"	"true positive"	""	"Mus musculus"
"ELMI004300"	"TRG"	"TRG_DiLeu_BaLyEn_6"	"NRAM4_ARATH"	"Q9FN18"	"Q9FN18 Q0WWH0 Q9SNV8"	"6"	"11"	"29573093"	"confocal microscopy; fusion protein; mutation analysis"	"true positive"	""	"Arabidopsis thaliana"
"ELMI004294"	"TRG"	"TRG_DiLeu_BaLyEn_6"	"OPRD_HUMAN"	"P41143"	"P41143 B5B0B8"	"241"	"246"	"12851402"	"confocal microscopy; fusion protein; mutation analysis"	"unknown"	""	"Homo sapiens"
"ELMI004292"	"TRG"	"TRG_DiLeu_BaLyEn_6"	"Q91CB6_ADE09"	"Q91CB6"	"Q91CB6"	"400"	"405"	"26841862"	"confocal microscopy; mutation analysis; radiolabel"	"unknown"	""	"Human adenovirus 9"
"ELMI004288"	"TRG"	"TRG_DiLeu_BaLyEn_6"	"S12A2_HUMAN"	"P55011"	"P55011 Q8N713 Q8WWH7"	"985"	"990"	"18667527"	"confocal microscopy; fusion protein; mutation analysis"	"true positive"	""	"Homo sapiens"
"ELMI004297"	"TRG"	"TRG_DiLeu_BaLyEn_6"	"S17A5_HUMAN"	"Q9NRA2"	"Q9NRA2 Q5SZ76 Q8NBR5 Q9UGH0"	"18"	"23"	"15510212"	"confocal microscopy; fusion protein; mutation analysis"	"true positive"	""	"Homo sapiens"
"ELMI004299"	"TRG"	"TRG_DiLeu_BaLyEn_6"	"SNA4_YEAST"	"Q07549"	"Q07549 D6VRM7"	"114"	"119"	"19168755"	"fluorescence microscopy; fusion protein; mutation analysis"	"true positive"	""	"Saccharomyces cerevisiae S288c"
"ELMI004301"	"TRG"	"TRG_DiLeu_BaLyEn_6"	"TDT_ARATH"	"Q8LG88"	"Q8LG88 Q9FEH9 Q9FGK1 Q9MAW4"	"14"	"19"	"21815974"	"confocal microscopy; fusion protein; mutation analysis"	"true positive"	""	"Arabidopsis thaliana"
"ELMI004302"	"TRG"	"TRG_DiLeu_BaLyEn_6"	"TPC1_ARATH"	"Q94KI8"	"Q94KI8 Q948T1 Q9ZT83"	"1"	"6"	"22490017"	"confocal microscopy; fusion protein; mutation analysis"	"true positive"	""	"Arabidopsis thaliana"
"ELMI004286"	"TRG"	"TRG_DiLeu_BaLyEn_6"	"TPC1_MOUSE"	"Q9EQJ0"	"Q9EQJ0 Q3V2Z6 Q6ZPW5"	"7"	"12"	"22490017"	"confocal microscopy; fusion protein; mutation analysis"	"true positive"	""	"Mus musculus"
"ELMI004298"	"TRG"	"TRG_DiLeu_BaLyEn_6"	"TYRP1_HUMAN"	"P17643"	"P17643 P78468 P78469 Q13721 Q15679"	"510"	"515"	"7642699"	"confocal microscopy; electron microscopy; fusion protein"	"true positive"	""	"Homo sapiens"
"ELMI004303"	"TRG"	"TRG_DiLeu_LyEn_5"	"AT10B_HUMAN"	"O94823"	"O94823 Q9H725"	"26"	"31"	"32614659"	"confocal microscopy; fusion protein; mutation analysis"	"true positive"	""	"Homo sapiens"
"ELMI004309"	"TRG"	"TRG_DiLeu_LyEn_5"	"GTR8_MOUSE"	"Q9JIF3"	"Q9JIF3 Q5BKP8 Q9JJP4 Q9JJZ0"	"8"	"13"	"21067453"	"confocal microscopy; mutation analysis"	"true positive"	""	"Mus musculus"
"ELMI004310"	"TRG"	"TRG_DiLeu_LyEn_5"	"GTR8_RAT"	"Q9JJZ1"	"Q9JJZ1 Q9JMA6"	"8"	"13"	"10671487"	"fluorescence microscopy; mutation analysis"	"true positive"	""	"Rattus norvegicus"
"ELMI004314"	"TRG"	"TRG_DiLeu_LyEn_5"	"LAAT1_HUMAN"	"Q6ZP29"	"Q6ZP29 B3KWQ5 Q6ZMJ3 Q6ZP27 Q9NXC7"	"284"	"289"	"26577948"	"fluorescence microscopy; fusion protein; mutation analysis"	"true positive"	""	"Homo sapiens"
"ELMI004316"	"TRG"	"TRG_DiLeu_LyEn_5"	"MFSD8_HUMAN"	"Q8NHS3"	"Q8NHS3 B2RDM1 B7Z205 Q8N2P3"	"9"	"14"	"20406422"	"confocal microscopy; fusion protein; mutation analysis"	"true positive"	""	"Homo sapiens"
"ELMI004304"	"TRG"	"TRG_DiLeu_LyEn_5"	"NPC1_HUMAN"	"O15118"	"O15118 Q9P130"	"1271"	"1276"	"15347664"	"confocal microscopy; fusion protein; mutation analysis"	"true positive"	""	"Homo sapiens"
"ELMI004311"	"TRG"	"TRG_DiLeu_LyEn_5"	"O17470_CAEEL"	"O17470"	"O17470 Q21034"	"552"	"557"	"27151641"	"confocal microscopy; fusion protein; mutation analysis"	"true positive"	""	"Caenorhabditis elegans"
"ELMI004315"	"TRG"	"TRG_DiLeu_LyEn_5"	"P4K2A_HUMAN"	"Q9BTU6"	"Q9BTU6 D3DR59 Q9NSG8"	"57"	"62"	"18256276"	"anti bait coimmunoprecipitation; anti tag coimmunoprecipitation; confocal microscopy; fusion protein; mutation analysis"	"true positive"	""	"Homo sapiens"
"ELMI004308"	"TRG"	"TRG_DiLeu_LyEn_5"	"PMEL_MOUSE"	"Q60696"	"Q60696"	"616"	"621"	"16760433"	"fluorescence microscopy; mutation analysis"	"true positive"	""	"Mus musculus"
"ELMI004368"	"TRG"	"TRG_DiLeu_LyEn_5"	"PTR2_ARATH"	"P46032"	"P46032"	"7"	"12"	"22537078"	"confocal microscopy; fusion protein; mutation analysis"	"true positive"	""	"Arabidopsis thaliana"
"ELMI004306"	"TRG"	"TRG_DiLeu_LyEn_5"	"S15A4_HUMAN"	"Q8N697"	"Q8N697 A6H8Y9 B3KTK1 Q71M34 Q7Z5F8 Q8TAH0"	"10"	"15"	"29224352"	"fluorescence microscopy; fusion protein; mutation analysis"	"true positive"	""	"Homo sapiens"
"ELMI004307"	"TRG"	"TRG_DiLeu_LyEn_5"	"S35F6_RAT"	"Q5RKH7"	"Q5RKH7"	"356"	"361"	"18479248"	"confocal microscopy; fusion protein; mutation analysis"	"true positive"	""	"Rattus norvegicus"
"ELMI004305"	"TRG"	"TRG_DiLeu_LyEn_5"	"SCRB2_HUMAN"	"Q14108"	"Q14108"	"471"	"476"	"21097499"	"mutation analysis; two hybrid"	"true positive"	""	"Homo sapiens"
"ELMI004313"	"TRG"	"TRG_DiLeu_LyEn_5"	"TPC2_MOUSE"	"Q8BWC0"	"Q8BWC0 Q6NSV0 Q8BTJ7 Q8R396"	"4"	"9"	"22490017"	"confocal microscopy"	"true positive"	""	"Mus musculus"
"ELMI004312"	"TRG"	"TRG_DiLeu_LyEn_5"	"TYRO_MOUSE"	"P11344"	"P11344"	"513"	"518"	"21097499"	"mutation analysis; two hybrid"	"true positive"	""	"Mus musculus"
"ELMI004317"	"TRG"	"TRG_DiLeu_LyEn_5"	"VAM3_YEAST"	"Q12241"	"Q12241 D6W2G5"	"155"	"160"	"9722605"	"cosedimentation; mutation analysis; phenotype-based detection assay; radiolabel; western blot"	"true positive"	""	"Saccharomyces cerevisiae S288c"
"ELMI004318"	"TRG"	"TRG_DiLeu_LyEn_5"	"YPQ1_YEAST"	"Q12010"	"Q12010 D6W1X6"	"124"	"129"	"26577948"	"fluorescence microscopy; fusion protein; mutation analysis"	"true positive"	""	"Saccharomyces cerevisiae S288c"
"ELMI004319"	"TRG"	"TRG_DiLeu_LyEn_5"	"YPQ3_YEAST"	"P38279"	"P38279 D6VQE2"	"131"	"136"	"26577948"	"fluorescence microscopy; fusion protein; mutation analysis"	"true positive"	""	"Saccharomyces cerevisiae S288c"
"ELMI000292"	"TRG"	"TRG_ENDOCYTIC_2"	"ASGR1_HUMAN"	"P07306"	"P07306"	"5"	"8"	""	""	"true positive"	""	"Homo sapiens"
"ELMI000291"	"TRG"	"TRG_ENDOCYTIC_2"	"CTLA4_HUMAN"	"P16410"	"P16410 A0N1S0 E9PDH0 Q0PP65 Q52MC1 Q53TD5 Q5S005 Q8WXJ1 Q96P43 Q9UKN9"	"201"	"204"	""	""	"true positive"	""	"Homo sapiens"
"ELMI002109"	"TRG"	"TRG_ENDOCYTIC_2"	"CTLA4_MOUSE"	"P09793"	"P09793 Q9QZZ7"	"201"	"204"	"9175836"	"coimmunoprecipitation; competition binding; mutation analysis; two hybrid"	"true positive"	""	"Mus musculus"
"ELMI000289"	"TRG"	"TRG_ENDOCYTIC_2"	"EGFR_HUMAN"	"P00533"	"P00533 O00688 O00732 P06268 Q14225 Q68GS5 Q92795 Q9BZS2 Q9GZX1 Q9H2C9 Q9H3C9 Q9UMD7 Q9UMD8 Q9UMG5"	"998"	"1001"	""	""	"true positive"	""	"Homo sapiens"
"ELMI001838"	"TRG"	"TRG_ENDOCYTIC_2"	"ENV_BLV"	"P51519"	"P51519 Q85488 Q85489"	"487"	"490"	"15254202"	"mutation analysis"	"unknown"	""	"Bovine leukemia virus"
"ELMI001839"	"TRG"	"TRG_ENDOCYTIC_2"	"ENV_HTLV2"	"P03383"	"P03383 P03382"	"477"	"480"	"20463077"	"mutation analysis; rna interference"	"true positive"	""	"Human T-lymphotropic virus 2"
"ELMI001840"	"TRG"	"TRG_ENDOCYTIC_2"	"ENV_HV1H2"	"P04578"	"P04578 O09779"	"712"	"715"	"9882340 12768012"	"confocal microscopy; fluorescence-activated cell sorting; mutation analysis; two hybrid; western blot"	"true positive"	""	"HIV-1 M:B_HXB2R"
"ELMI001841"	"TRG"	"TRG_ENDOCYTIC_2"	"ENV_SIVMK"	"P05884"	"P05884"	"723"	"726"	"11208154"	"alanine scanning; surface plasmon resonance"	"true positive"	""	"Simian immunodeficiency virus - mac K6W"
"ELMI001842"	"TRG"	"TRG_ENDOCYTIC_2"	"GE_VZVO"	"Q9J3M8"	"Q9J3M8"	"582"	"585"	"9847342 8947032"	"alanine scanning; classical fluorescence spectroscopy; mutation analysis; sequence based prediction"	"true positive"	""	"Human herpesvirus 3 strain Oka vaccine"
"ELMI000293"	"TRG"	"TRG_ENDOCYTIC_2"	"L1CAM_HUMAN"	"P32004"	"P32004 A0AV65 B2RMU7 Q8TA87"	"1176"	"1179"	""	""	"true positive"	""	"Homo sapiens"
"ELMI000294"	"TRG"	"TRG_ENDOCYTIC_2"	"LAMP1_HUMAN"	"P11279"	"P11279 Q8WU33 Q96I40 Q9BRD2 Q9NP13"	"414"	"417"	""	""	"true positive"	""	"Homo sapiens"
"ELMI002180"	"TRG"	"TRG_ENDOCYTIC_2"	"PPAL_HUMAN"	"P11117"	"P11117 Q561W5 Q9BTU7"	"413"	"416"	"11044456 8509395"	"chromatography technology; competition binding; mutation analysis; surface plasmon resonance; western blot"	"true positive"	""	"Homo sapiens"
"ELMI000290"	"TRG"	"TRG_ENDOCYTIC_2"	"TFR1_HUMAN"	"P02786"	"P02786 D3DXB0 Q1HE24 Q59G55 Q9UCN0 Q9UCU5 Q9UDF9 Q9UK21"	"20"	"23"	"1918016"	"mutation analysis"	"true positive"	""	"Homo sapiens"
"ELMI001099"	"TRG"	"TRG_ENDOCYTIC_2"	"TGON3_RAT"	"P19814"	"P19814 Q4G0B6"	"350"	"353"	"9812899"	"x-ray crystallography"	"true positive"	"1BXX"	"Rattus norvegicus"
"ELMI001843"	"TRG"	"TRG_ENDOCYTIC_2"	"VGLG_VSIVA"	"P03522"	"P03522"	"501"	"504"	"10637287"	"alanine scanning"	"unknown"	""	"Vesicular stomatitis Indiana virus strain San Juan"
"ELMI002065"	"TRG"	"TRG_ER_diArg_1"	"ABCC8_HUMAN"	"Q09428"	"Q09428 A6NMX8 O75948 Q16583"	"648"	"651"	"10197533"	"fluorescence-activated cell sorting; mass detection of residue modification; mutation analysis; mutation disrupting interaction; over expressed level"	"true positive"	""	"Homo sapiens"
"ELMI002078"	"TRG"	"TRG_ER_diArg_1"	"ADA10_HUMAN"	"O14672"	"O14672 Q10742 Q92650"	"723"	"725"	"20100836"	"alanine scanning; colocalization; mutation analysis; western blot"	"true positive"	""	"Homo sapiens"
"ELMI002070"	"TRG"	"TRG_ER_diArg_1"	"ADA22_HUMAN"	"Q9P0K1"	"Q9P0K1 O75075 O75076 Q9P0K2 Q9UIA1 Q9UKK2"	"851"	"854"	"16868027"	"colocalization; fluorescence technology; mutation analysis; sequence based prediction"	"true positive"	""	"Homo sapiens"
"ELMI002084"	"TRG"	"TRG_ER_diArg_1"	"C8ZIX9_YEAS8"	"C8ZIX9"	"C8ZIX9"	"8"	"11"	"18083825"	"colocalization; green fluorescent protein tag; mutation analysis; subcellular preparation"	"true positive"	""	"Saccharomyces cerevisiae EC1118"
"ELMI002086"	"TRG"	"TRG_ER_diArg_1"	"CFTR_HUMAN"	"P13569"	"P13569 Q20BG8 Q20BH2 Q2I0A1 Q2I102"	"553"	"556"	"10445036"	"colocalization; mutation analysis; western blot"	"false positive"	""	"Homo sapiens"
"ELMI002074"	"TRG"	"TRG_ER_diArg_1"	"GABR1_HUMAN"	"Q9UBS5"	"Q9UBS5 B0UXY7 O95375 O95468 O95975 O96022 Q5STL4 Q5SUJ8 Q5SUL3 Q86W60 Q9UQQ0"	"923"	"926"	"10939334"	"colocalization; fluorescence technology; mutation analysis"	"true positive"	""	"Homo sapiens"
"ELMI002077"	"TRG"	"TRG_ER_diArg_1"	"GPAA1_HUMAN"	"O43292"	"O43292 Q9NSS0 Q9UQ31"	"9"	"11"	"15713669"	"alanine scanning; colocalization; mutation analysis"	"true negative"	""	"Homo sapiens"
"ELMI002071"	"TRG"	"TRG_ER_diArg_1"	"GPR15_HUMAN"	"P49685"	"P49685 Q3MIL4 Q6ISN6"	"352"	"354"	"21189250"	"alanine scanning; anti tag coimmunoprecipitation; coimmunoprecipitation; colocalization; mutation analysis; pull down"	"true positive"	""	"Homo sapiens"
"ELMI002076"	"TRG"	"TRG_ER_diArg_1"	"GRIK5_HUMAN"	"Q16478"	"Q16478 Q8WWG8"	"862"	"865"	"12878702"	"alanine scanning; anti tag coimmunoprecipitation; colocalization; fluorescence technology; mutation analysis"	"true positive"	""	"Homo sapiens"
"ELMI002072"	"TRG"	"TRG_ER_diArg_1"	"HG2A_HUMAN"	"P04233"	"P04233 A8K7R1 B4DNE8 D3DQG3 D3DQG4 Q14597 Q29832 Q5U0J8 Q8SNA0 Q8WLP6"	"3"	"5"	"8157008"	"coimmunoprecipitation; colocalization; fluorescence technology; mutation analysis"	"true positive"	""	"Homo sapiens"
"ELMI002089"	"TRG"	"TRG_ER_diArg_1"	"HMDH_NICSY"	"Q01559"	"Q01559"	"3"	"6"	"8970721"	"sequence based prediction"	"true positive"	""	"Nicotiana sylvestris"
"ELMI002067"	"TRG"	"TRG_ER_diArg_1"	"IRK11_HUMAN"	"Q14654"	"Q14654 Q2M1H7 Q58EX3"	"368"	"371"	"10197533 12699619"	"affinity chromatography technology; competition binding; fluorescence-activated cell sorting; green fluorescent protein tag; mass detection of residue modification; mutation analysis; mutation disrupting interaction; over expressed level; western blot"	"true positive"	""	"Homo sapiens"
"ELMI002066"	"TRG"	"TRG_ER_diArg_1"	"IRK8_HUMAN"	"Q15842"	"Q15842 O00657"	"380"	"383"	"10197533"	"fluorescence-activated cell sorting; mass detection of residue modification; mutation analysis; mutation disrupting interaction; over expressed level"	"true positive"	""	"Homo sapiens"
"ELMI002083"	"TRG"	"TRG_ER_diArg_1"	"MSHR_HUMAN"	"Q01726"	"Q01726 Q66K38 Q8WWX6 Q8WWX7 Q96I33 Q96RU4 Q9UBF7 Q9UN58 Q9UN59 Q9UN60 Q9UN61 Q9UN62"	"160"	"163"	"19452503"	"colocalization; mutation analysis; over expressed level; western blot"	"true positive"	""	"Homo sapiens"
"ELMI002450"	"TRG"	"TRG_ER_diArg_1"	"NMDZ1_HUMAN"	"Q05586-4"	"Q05586 A6NLK7 A6NLR1 C9K0X1 P35437 Q12867 Q12868 Q5VSF3 Q5VSF4 Q5VSF5 Q5VSF6 Q5VSF7 Q5VSF8 Q9UPF8 Q9UPF9"	"893"	"895"	"11163274"	"fluorescence microscopy; mutation analysis"	"true positive"	""	"Homo sapiens"
"ELMI002064"	"TRG"	"TRG_ER_diArg_1"	"NMDZ1_HUMAN"	"Q05586"	"Q05586 A6NLK7 A6NLR1 C9K0X1 P35437 Q12867 Q12868 Q5VSF3 Q5VSF6 Q5VSF7 Q5VSF8"	"893"	"895"	"11312291"	"colocalization; confocal microscopy; mutation analysis; mutation disrupting interaction; sequence based prediction"	"true positive"	""	"Homo sapiens"
"ELMI002085"	"TRG"	"TRG_ER_diArg_1"	"P2RX7_HUMAN"	"Q99572"	"Q99572 O14991 Q96EV7"	"575"	"578"	"19263245"	"fluorescence technology; mutation analysis"	"true positive"	""	"Homo sapiens"
"ELMI002073"	"TRG"	"TRG_ER_diArg_1"	"PAR4_HUMAN"	"Q96RI0"	"Q96RI0 O76067 Q6DK42"	"182"	"185"	"22411985"	"alanine scanning; colocalization; fluorescence technology; mutation analysis"	"true positive"	""	"Homo sapiens"
"ELMI002079"	"TRG"	"TRG_ER_diArg_1"	"PPLA_HUMAN"	"P26678"	"P26678"	"12"	"14"	"20634894"	"alanine scanning; coimmunoprecipitation; colocalization; mutation analysis; subcellular preparation"	"true positive"	""	"Homo sapiens"
"ELMI002069"	"TRG"	"TRG_ER_diArg_1"	"Q58F09_HUMAN"	"Q58F09"	"Q58F09"	"7"	"9"	"12626409"	"fluorescence technology; mutation analysis"	"true positive"	""	"Homo sapiens"
"ELMI002088"	"TRG"	"TRG_ER_diArg_1"	"S12A5_RAT"	"Q63633"	"Q63633 A7Y821"	"1101"	"1104"	"19679663"	"inferred by author; mutation analysis"	"true positive"	""	"Rattus norvegicus"
"ELMI002068"	"TRG"	"TRG_ER_diArg_1"	"SCNAA_RAT"	"Q62968"	"Q62968 Q63554 Q6EWG6"	"495"	"497"	"18782866"	"alanine scanning; anti tag coimmunoprecipitation; colocalization; mutation analysis"	"true positive"	""	"Rattus norvegicus"
"ELMI002080"	"TRG"	"TRG_ER_diArg_1"	"SGMR1_HUMAN"	"Q99720"	"Q99720 D3DRM7 O00673 O00725 Q0Z9W6 Q153Z1 Q2TSD1 Q53GN2 Q7Z653 Q8N7H3 Q9NYX0"	"7"	"9"	"20634894"	"coimmunoprecipitation; mutation analysis; subcellular preparation"	"true positive"	""	"Homo sapiens"
"ELMI002087"	"TRG"	"TRG_ER_diArg_1"	"SIAT9_MOUSE"	"O88829"	"O88829 B2RRS1 Q3TMT6 Q3TY01 Q91YF2 Q91YF3 Q9CZ65 Q9QWF8 Q9QWF9"	"11"	"13"	"19420140"	"colocalization; confocal microscopy; mass detection of residue modification; mutation analysis; western blot"	"true positive"	""	"Mus musculus"
"ELMI002082"	"TRG"	"TRG_ER_diArg_1"	"SOAT1_HUMAN"	"P35610"	"P35610 A6NC40 A9Z1V7 Q5T0X4 Q8N1E4"	"10"	"13"	"20634894"	"coimmunoprecipitation; mutation analysis; subcellular preparation"	"true positive"	""	"Homo sapiens"
"ELMI002081"	"TRG"	"TRG_ER_diArg_1"	"SRPRB_HUMAN"	"Q9Y5M8"	"Q9Y5M8 Q6P595 Q8N2D8"	"7"	"9"	"20634894"	"coimmunoprecipitation; mutation analysis; subcellular preparation"	"true positive"	""	"Homo sapiens"
"ELMI002075"	"TRG"	"TRG_ER_diArg_1"	"V2R_HUMAN"	"P30518"	"P30518 C5HF20 O43192 Q3MJD3 Q9UCV9"	"247"	"249"	"11641431"	"green fluorescent protein tag; mutation analysis; western blot"	"true positive"	""	"Homo sapiens"
"ELMI001844"	"TRG"	"TRG_ER_diLys_1"	"E3GL_ADE02"	"P68978"	"P68978 P03251"	"156"	"159"	"2527615"	"classical fluorescence spectroscopy; coimmunoprecipitation; fluorescence-activated cell sorting; mutation analysis"	"true positive"	""	"Human adenovirus 2"
"ELMI000361"	"TRG"	"TRG_ER_diLys_1"	"EMP47_YEAST"	"P43555"	"P43555 D6VTI2"	"441"	"445"	"14699056"	"glutathione s tranferase tag; molecular sieving; mutation analysis; pull down; radiolabel; two hybrid; western blot"	"true positive"	""	"Saccharomyces cerevisiae"
"ELMI000366"	"TRG"	"TRG_ER_diLys_1"	"FCERA_RAT"	"P12371"	"P12371 P12840"	"242"	"245"	"7744968"	"mutation analysis"	"true positive"	""	"Rattus norvegicus"
"ELMI000365"	"TRG"	"TRG_ER_diLys_1"	"HMDH_HUMAN"	"P04035"	"P04035 Q8N190"	"885"	"888"	"2120038"	"colocalization; fluorescence-activated cell sorting; mutation analysis; radiolabel"	"true positive"	""	"Homo sapiens"
"ELMI000363"	"TRG"	"TRG_ER_diLys_1"	"LMAN1_HUMAN"	"P49257"	"P49257 Q12895 Q8N5I7 Q9UQG1 Q9UQG2 Q9UQG3 Q9UQG4 Q9UQG5 Q9UQG6 Q9UQG7 Q9UQG8 Q9UQG9 Q9UQH0 Q9UQH1 Q9UQH2"	"507"	"510"	"10329713"	"alanine scanning; confocal microscopy; mutation analysis"	"true positive"	""	"Homo sapiens"
"ELMI001845"	"TRG"	"TRG_ER_diLys_1"	"NS7A_CVHSA"	"P59635"	"P59635 Q7TA11 Q7TA17"	"118"	"122"	"15220404"	"classical fluorescence spectroscopy; mutation analysis"	"true positive"	""	"SARS coronavirus"
"ELMI000360"	"TRG"	"TRG_ER_diLys_1"	"OSTB_YEAST"	"P33767"	"P33767 D3DLP5"	"427"	"430"	"14699056"	"glutathione s tranferase tag; molecular sieving; mutation analysis; pull down; radiolabel; two hybrid; western blot"	"true positive"	""	"Saccharomyces cerevisiae"
"ELMI000362"	"TRG"	"TRG_ER_diLys_1"	"Q40235_SOLPI"	"Q40235"	"Q40235"	"860"	"863"	"10899983"	"classical fluorescence spectroscopy; confocal microscopy; field flow fractionation; green fluorescent protein tag; mutation analysis; radiolabel; western blot"	"true positive"	""	"Solanum pimpinellifolium"
"ELMI000500"	"TRG"	"TRG_ER_diLys_1"	"Q91841_XENLA"	"Q91841"	"Q91841"	"201"	"205"	"7492314"	"sequence based prediction"	"true positive"	""	"Xenopus laevis"
"ELMI002596"	"TRG"	"TRG_ER_diLys_1"	"S35A2_HUMAN"	"P78381"	"P78381 A8K2L9 A8K9V1 Q8IV21 Q92553"	"392"	"396"	"15932921"	"fluorescence microscopy; mutation analysis"	"true positive"	""	"Homo sapiens"
"ELMI001846"	"TRG"	"TRG_ER_diLys_1"	"SPIKE_IBVB"	"P11223"	"P11223 P05134 Q4ZJS1"	"1159"	"1162"	"15140989"	"classical fluorescence spectroscopy; mutation analysis"	"true positive"	""	"Avian infectious bronchitis virus (strain Beaudette)"
"ELMI000496"	"TRG"	"TRG_ER_diLys_1"	"TMED9_HUMAN"	"Q9BVK6"	"Q9BVK6 Q14437 Q8WZ61"	"232"	"235"	"9472029"	"affinity chromatography technology; classical fluorescence spectroscopy; colocalization; electron microscopy; mutation analysis; subcellular preparation"	"true positive"	""	"Homo sapiens"
"ELMI000494"	"TRG"	"TRG_ER_diLys_1"	"TMEDA_HUMAN"	"P49755"	"P49755 B2R605 Q15602 Q16536 Q86TC2 Q86TS5"	"215"	"219"	"9472029"	"affinity chromatography technology; classical fluorescence spectroscopy; colocalization; electron microscopy; mutation analysis; subcellular preparation"	"true positive"	""	"Homo sapiens"
"ELMI000364"	"TRG"	"TRG_ER_diLys_1"	"UD11_HUMAN"	"P22309"	"P22309"	"529"	"533"	"2120038"	"colocalization; fluorescence-activated cell sorting; mutation analysis; radiolabel"	"true positive"	""	"Homo sapiens"
"ELMI003578"	"TRG"	"TRG_ER_FFAT_1"	"ASNA_HUMAN"	"O43681"	"O43681 A6NHP8 A8K740 Q53FC6 Q92849"	"13"	"20"	"24885147"	"fluorescence microscopy; mutation disrupting interaction; rna interference; silac; western blot"	"true positive"	""	"Homo sapiens"
"ELMI003554"	"TRG"	"TRG_ER_FFAT_1"	"C43BP_HUMAN"	"Q9Y5P4"	"Q9Y5P4 A8K7S2 B3KUB7 Q53YV1 Q53YV2 Q96Q85 Q96Q88 Q9H2S7 Q9H2S8"	"319"	"327"	"16895911 29858488"	"coimmunoprecipitation; detection by mass spectrometry; fluorescence microscopy; green fluorescent protein tag; mutation analysis; mutation disrupting interaction"	"true positive"	""	"Homo sapiens"
"ELMI003576"	"TRG"	"TRG_ER_FFAT_1"	"FAF1_HUMAN"	"Q9UNN5"	"Q9UNN5 Q549F0 Q9UF34 Q9UNT3 Q9Y2Z3"	"294"	"301"	"24885147"	"anti tag coimmunoprecipitation; detection by mass spectrometry; fluorescence microscopy; mutation disrupting interaction; over expressed level; rna interference; western blot"	"true positive"	""	"Homo sapiens"
"ELMI003555"	"TRG"	"TRG_ER_FFAT_1"	"FRPD1_HUMAN"	"Q5SYB0"	"Q5SYB0 D3DRQ3 Q14C73 Q5HY96 Q9Y2H3"	"767"	"776"	""	"sequence based prediction"	"true positive"	""	"Homo sapiens"
"ELMI003559"	"TRG"	"TRG_ER_FFAT_1"	"OPI1_YEAST"	"P21957"	"P21957 D3DKP9"	"199"	"206"	"15668246 12727870"	"classical fluorescence spectroscopy; confocal microscopy; edman degradation; glutathione s tranferase tag; green fluorescent protein tag; mutation analysis; pull down"	"true positive"	""	"Saccharomyces cerevisiae"
"ELMI003581"	"TRG"	"TRG_ER_FFAT_1"	"OSBL1_HUMAN"	"Q9BXW6"	"Q9BXW6 B7Z7D3 Q9BZF5 Q9NW87"	"474"	"482"	"29858488"	"detection by mass spectrometry; fluorescence microscopy; green fluorescent protein tag; monoclonal antibody western blot; mutation disrupting interaction; pull down"	"true positive"	""	"Homo sapiens"
"ELMI003582"	"TRG"	"TRG_ER_FFAT_1"	"OSBL1_MOUSE"	"Q91XL9"	"Q91XL9 O88318 Q3TH97 Q673L8 Q6DFU6"	"474"	"481"	"29858488"	"coimmunoprecipitation; detection by mass spectrometry; fluorescence microscopy; green fluorescent protein tag; mutation disrupting interaction"	"true positive"	""	"Mus musculus"
"ELMI003560"	"TRG"	"TRG_ER_FFAT_1"	"OSBL1_RAT"	"Q8K4M9"	"Q8K4M9"	"474"	"481"	"16004875"	"x-ray crystallography"	"true positive"	"1Z9O"	"Rattus norvegicus"
"ELMI003561"	"TRG"	"TRG_ER_FFAT_1"	"OSBL2_HUMAN"	"Q9H1P3"	"Q9H1P3 A8K736 Q6IBT0 Q9BZB1 Q9Y4B8"	"5"	"12"	"15212954"	"glutathione s tranferase tag; pull down"	"true positive"	""	"Homo sapiens"
"ELMI003562"	"TRG"	"TRG_ER_FFAT_1"	"OSBL3_HUMAN"	"Q9H4L5"	"Q9H4L5 A4D167 A4D168 A4D169 A4D170 A4D171 A4D172 B8ZZ79 B8ZZP0 O14591 O43357 O43358 Q8N702 Q8N703 Q8N704 Q8NFH0 Q8NFH1 Q8NI12 Q8NI13 Q9BZF4 Q9UED6"	"447"	"456"	"17804640"	"classical fluorescence spectroscopy; confocal microscopy; cross linking study; detection by mass spectrometry; green fluorescent protein tag"	"true positive"	""	"Homo sapiens"
"ELMI003564"	"TRG"	"TRG_ER_FFAT_1"	"OSBL6_HUMAN"	"Q9BZF3"	"Q9BZF3 B4DTW1 C4AMC0 C4AME4 D3DPF6 D3DPF7 Q4ZG68 Q53T68 Q59H61 Q7Z4Q1 Q8N9T0 Q96SR1"	"493"	"500"	"17804640 15212954"	"cross linking study; detection by mass spectrometry; glutathione s tranferase tag; pull down"	"true positive"	""	"Homo sapiens"
"ELMI003565"	"TRG"	"TRG_ER_FFAT_1"	"OSBL7_HUMAN"	"Q9BZF2"	"Q9BZF2 D3DTT6"	"399"	"408"	"15212954"	"glutathione s tranferase tag; pull down"	"true positive"	""	"Homo sapiens"
"ELMI003566"	"TRG"	"TRG_ER_FFAT_1"	"OSBL9_HUMAN"	"Q96SU4"	"Q96SU4 B1AKJ8 D3DQ31 Q5TFC0 Q6IA67 Q8NB17 Q8TAS8 Q96SK4 Q9H9X2"	"293"	"300"	"17804640 15212954"	"cross linking study; detection by mass spectrometry; glutathione s tranferase tag; mutation analysis; pull down; two hybrid"	"true positive"	""	"Homo sapiens"
"ELMI003567"	"TRG"	"TRG_ER_FFAT_1"	"OSBP1_HUMAN"	"P22059"	"P22059 Q6P524"	"356"	"364"	"15212954 12727870 20178991"	"classical fluorescence spectroscopy; confocal microscopy; glutathione s tranferase tag; green fluorescent protein tag; mutation analysis; nuclear magnetic resonance; pull down"	"true positive"	"2RR3"	"Homo sapiens"
"ELMI003563"	"TRG"	"TRG_ER_FFAT_1"	"OSBP2_HUMAN"	"Q969R2"	"Q969R2 B0QYG1 O60396 Q9BY96 Q9BZF0"	"447"	"458"	"15212954"	"glutathione s tranferase tag; pull down"	"true positive"	""	"Homo sapiens"
"ELMI003568"	"TRG"	"TRG_ER_FFAT_1"	"OSH1_YEAST"	"P35845"	"P35845 D6VPN6 P39555 P80234 Q86ZC4 Q86ZS1"	"711"	"722"	"12727870"	"confocal microscopy; edman degradation; green fluorescent protein tag; mutation analysis"	"true positive"	""	"Saccharomyces cerevisiae"
"ELMI003569"	"TRG"	"TRG_ER_FFAT_1"	"OSH2_YEAST"	"Q12451"	"Q12451 D6VRX1 P89891"	"742"	"751"	"12727870"	"confocal microscopy; green fluorescent protein tag; mutation analysis"	"true positive"	""	"Saccharomyces cerevisiae"
"ELMI003570"	"TRG"	"TRG_ER_FFAT_1"	"OSH3_YEAST"	"P38713"	"P38713 D3DL23"	"511"	"521"	"12727870"	"confocal microscopy; green fluorescent protein tag; mutation analysis"	"true positive"	""	"Saccharomyces cerevisiae"
"ELMI003557"	"TRG"	"TRG_ER_FFAT_1"	"PITM1_HUMAN"	"O00562"	"O00562 A6NME4 Q6T7X3 Q8TBN3 Q9BZ73"	"348"	"355"	"17804640 15545272"	"classical fluorescence spectroscopy; coimmunoprecipitation; confocal microscopy; cross linking study; detection by mass spectrometry; green fluorescent protein tag; mutation analysis; western blot"	"true positive"	""	"Homo sapiens"
"ELMI003558"	"TRG"	"TRG_ER_FFAT_1"	"PITM2_HUMAN"	"Q9BZ72"	"Q9BZ72 Q9P271"	"343"	"351"	"15545272"	"coimmunoprecipitation; western blot"	"true positive"	""	"Homo sapiens"
"ELMI003556"	"TRG"	"TRG_ER_FFAT_1"	"PITM3_HUMAN"	"Q9BZ71"	"Q9BZ71 A1A5D0 Q59GH9 Q9NPQ4"	"31"	"41"	"15545272"	"coimmunoprecipitation; western blot"	"true positive"	""	"Homo sapiens"
"ELMI003573"	"TRG"	"TRG_ER_FFAT_1"	"RB3GP_HUMAN"	"Q15042"	"Q15042 A6H8Z3 C9J837 Q659F5 Q8TBB4"	"583"	"591"	"25612670 22276202 24885147"	"anti tag coimmunoprecipitation; coimmunoprecipitation; confocal microscopy; detection by mass spectrometry; green fluorescent protein tag; inferred by author; mutation disrupting interaction; pull down; two hybrid"	"true positive"	""	"Homo sapiens"
"ELMI003579"	"TRG"	"TRG_ER_FFAT_1"	"RDGB_DROME"	"P43125"	"P43125 A4V4E8 O02434 Q6NP01 Q961R2 Q9VY88"	"405"	"413"	"29180517"	"fluorescence microscopy; mutation analysis; polyclonal antibody"	"true positive"	""	"Drosophila melanogaster"
"ELMI003580"	"TRG"	"TRG_ER_FFAT_1"	"VP13A_HUMAN"	"Q96RL7"	"Q96RL7 Q5JSX9 Q5JSY0 Q5VYR5 Q702P4 Q709D0 Q86YF8 Q96S61 Q9H995 Q9Y2J1"	"839"	"849"	"30741634 26898182"	"anti tag coimmunoprecipitation; confocal microscopy; green fluorescent protein tag; mutation disrupting interaction; pull down; sequence based prediction"	"true positive"	""	"Homo sapiens"
"ELMI003572"	"TRG"	"TRG_ER_FFAT_1"	"VP13C_HUMAN"	"Q709C8"	"Q709C8 Q6ISR4 Q702P2 Q702P3 Q709C9 Q9NXN8 Q9P2C6"	"876"	"883"	""	"sequence based prediction"	"true positive"	""	"Homo sapiens"
"ELMI003574"	"TRG"	"TRG_ER_FFAT_1"	"WDR44_BOVIN"	"Q9XSC3"	"Q9XSC3"	"6"	"16"	"12727870"	"sequence based prediction"	"true positive"	""	"Bos taurus"
"ELMI003575"	"TRG"	"TRG_ER_FFAT_1"	"WDR44_HUMAN"	"Q5JSH3"	"Q5JSH3 Q0JS52 Q0JTF3 Q5JSH2 Q6ZSC1 Q7Z365 Q7Z3P6 Q8NAU8 Q8NHU5 Q9NUV4"	"6"	"16"	"24885147"	"anti tag coimmunoprecipitation; detection by mass spectrometry; western blot"	"true positive"	""	"Homo sapiens"
"ELMI003577"	"TRG"	"TRG_ER_FFAT_1"	"Y005_CHLTR"	"O84008"	"O84008"	"285"	"293"	"29078338"	"anti tag coimmunoprecipitation; confocal microscopy; electron microscopy; fluorescent resonance energy transfer; green fluorescent protein tag; mutation disrupting interaction; pull down"	"true positive"	""	"Chlamydia trachomatis D/UW-3/CX"
"ELMI003571"	"TRG"	"TRG_ER_FFAT_1"	"ZFY27_HUMAN"	"Q5T4F4"	"Q5T4F4 Q5T4F1 Q5T4F2 Q5T4F3 Q8N1K0 Q8N6D6 Q8NCA0 Q8NDE4 Q96M08"	"285"	"293"	"19289470"	"coimmunoprecipitation; competition binding; confocal microscopy; detection by mass spectrometry; mutation analysis; western blot"	"true positive"	""	"Homo sapiens"
"ELMI003519"	"TRG"	"TRG_ER_FFAT_2"	"KCNB1_MOUSE"	"Q03717"	"Q03717 Q8K0D1"	"589"	"597"	"30012696"	"coimmunoprecipitation; detection by mass spectrometry; green fluorescent protein tag; knock out; mutation analysis; mutation disrupting interaction; super-resolution microscopy"	"true positive"	""	"Mus musculus"
"ELMI003520"	"TRG"	"TRG_ER_FFAT_2"	"KCNB2_MOUSE"	"A6H8H5"	"A6H8H5 E9Q5T7"	"604"	"612"	"30012696"	"coimmunoprecipitation; mutation analysis; super-resolution microscopy"	"true positive"	""	"Mus musculus"
"ELMI003521"	"TRG"	"TRG_ER_FFAT_2"	"Q80J95_9CALI"	"Q80J95"	"Q80J95"	"44"	"52"	"28698274"	"anti tag coimmunoprecipitation; mutation disrupting interaction; nuclear magnetic resonance; two hybrid"	"true positive"	""	"Murine norovirus 1"
"ELMI003522"	"TRG"	"TRG_ER_FFAT_2"	"RBCC1_HUMAN"	"Q8TDY2"	"Q8TDY2 Q86YR4 Q8WVU9 Q92601"	"727"	"738"	"29628370"	"coimmunoprecipitation; confocal microscopy; mutation disrupting interaction"	"true positive"	""	"Homo sapiens"
"ELMI003523"	"TRG"	"TRG_ER_FFAT_2"	"STAR3_HUMAN"	"Q14849"	"Q14849 A8MXA4 B4DUY1 F5H0G2 Q53Y53 Q96HM9"	"204"	"213"	"24105263"	"anti tag coimmunoprecipitation; confocal microscopy; electron microscopy; fluorescent resonance energy transfer; green fluorescent protein tag; mutation disrupting interaction; over expressed level; proximity ligation assay"	"true positive"	""	"Homo sapiens"
"ELMI003518"	"TRG"	"TRG_ER_FFAT_2"	"STR3N_HUMAN"	"O95772"	"O95772 A4D1X0"	"205"	"214"	"24105263 29858488"	"anti tag coimmunoprecipitation; coimmunoprecipitation; confocal microscopy; detection by mass spectrometry; electron microscopy; fluorescence microscopy; fluorescent resonance energy transfer; green fluorescent protein tag; mutation disrupting interaction; over expressed level; proximity ligation assay; rna interference"	"true positive"	""	"Homo sapiens"
"ELMI003524"	"TRG"	"TRG_ER_FFAT_2"	"Y005_CHLTR"	"O84008"	"O84008"	"261"	"269"	"29078338"	"anti tag coimmunoprecipitation; confocal microscopy; electron microscopy; glutathione s tranferase tag; green fluorescent protein tag; mutation disrupting interaction; pull down"	"true positive"	""	"Chlamydia trachomatis D/UW-3/CX"
"ELMI000014"	"TRG"	"TRG_ER_KDEL_1"	"ABP1_MAIZE"	"P13689"	"P13689 Q41193"	"198"	"201"	"1383243"	"colocalization"	"true positive"	""	"Zea mays"
"ELMI000015"	"TRG"	"TRG_ER_KDEL_1"	"CALR_EUGGR"	"Q9ZNY3"	"Q9ZNY3"	"398"	"401"	"9627991"	"sequence based prediction"	"true positive"	""	"Euglena gracilis"
"ELMI000013"	"TRG"	"TRG_ER_KDEL_1"	"CALR_HUMAN"	"P27797"	"P27797 Q6IAT4 Q9UDG2"	"414"	"417"	"3545499"	"mutation analysis"	"true positive"	""	"Homo sapiens"
"ELMI000489"	"TRG"	"TRG_ER_KDEL_1"	"CHTA_VIBCH"	"P01555"	"P01555 Q56634 Q9JPV1"	"255"	"258"	"9813083"	"classical fluorescence spectroscopy; protein microinjection; radiolabel"	"true positive"	""	"Vibrio cholerae"
"ELMI003763"	"TRG"	"TRG_ER_KDEL_1"	"E2AA_ECOLX"	"P13810"	"P13810"	"256"	"259"	"7490296"	"mutation analysis; phenotype-based detection assay"	"true positive"	""	"Escherichia coli"
"ELMI000490"	"TRG"	"TRG_ER_KDEL_1"	"ENPL_PIG"	"Q29092"	"Q29092 O19070 Q29091"	"801"	"804"	"7957217"	"sequence based prediction"	"true positive"	""	"Sus scrofa"
"ELMI000493"	"TRG"	"TRG_ER_KDEL_1"	"EST5_RAT"	"Q63010"	"Q63010 Q6AYA3 Q9QUX6"	"558"	"561"	""	"sequence based prediction"	"true positive"	""	"Rattus norvegicus"
"ELMI000006"	"TRG"	"TRG_ER_KDEL_1"	"GRP78_HUMAN"	"P11021"	"P11021 B0QZ61 Q2EF78 Q9NPF1 Q9UK02"	"651"	"654"	"3545499"	"mutation analysis"	"true positive"	""	"Homo sapiens"
"ELMI000021"	"TRG"	"TRG_ER_KDEL_1"	"GRP78_SCHPO"	"P36604"	"P36604 O13906"	"660"	"663"	"1373379"	"colocalization; mutation analysis"	"true positive"	""	"Schizosaccharomyces pombe"
"ELMI000487"	"TRG"	"TRG_ER_KDEL_1"	"MESD_DROME"	"Q8T9B6"	"Q8T9B6 A1Z712"	"177"	"180"	"12581524"	"classical fluorescence spectroscopy"	"true positive"	""	"Drosophila melanogaster"
"ELMI000488"	"TRG"	"TRG_ER_KDEL_1"	"PDIA1_MOUSE"	"P09103"	"P09103 Q922C8"	"506"	"509"	"2295602"	"mutation analysis"	"true positive"	""	"Mus musculus"
"ELMI000491"	"TRG"	"TRG_ER_KDEL_1"	"RCN1_HUMAN"	"Q15293"	"Q15293 D3DR00"	"328"	"331"	"8586628 8034671"	"mutation analysis; sequence based prediction"	"true positive"	""	"Homo sapiens"
"ELMI000492"	"TRG"	"TRG_ER_KDEL_1"	"SERPH_RAT"	"P29457"	"P29457"	"414"	"417"	"1654327"	"sequence based prediction"	"true positive"	""	"Rattus norvegicus"
"ELMI000625"	"TRG"	"TRG_Golgi_diPhe_1"	"EMP24_YEAST"	"P32803"	"P32803 D6VTV4"	"189"	"203"	"9472029"	"not specified"	"true positive"	""	"Saccharomyces cerevisiae"
"ELMI000501"	"TRG"	"TRG_Golgi_diPhe_1"	"ERP5_YEAST"	"P38819"	"P38819 D3DL60"	"198"	"212"	"10359606"	"knock out; sequence based prediction"	"true positive"	""	"Saccharomyces cerevisiae"
"ELMI000502"	"TRG"	"TRG_Golgi_diPhe_1"	"ERP6_YEAST"	"P53198"	"P53198 D6VUD6 E9P916"	"202"	"216"	"10359606"	"knock out; sequence based prediction"	"true positive"	""	"Saccharomyces cerevisiae"
"ELMI000499"	"TRG"	"TRG_Golgi_diPhe_1"	"Q91841_XENLA"	"Q91841"	"Q91841"	"190"	"205"	"7492314"	"sequence based prediction"	"true positive"	""	"Xenopus laevis"
"ELMI000623"	"TRG"	"TRG_Golgi_diPhe_1"	"TMD11_CANFA"	"P27869"	"P27869"	"201"	"215"	"9472029"	"not specified"	"true positive"	""	"Canis lupus familiaris"
"ELMI000627"	"TRG"	"TRG_Golgi_diPhe_1"	"TMED2_CRIGR"	"P49020"	"P49020"	"182"	"196"	"9472029"	"not specified"	"true positive"	""	"Cricetulus griseus"
"ELMI000498"	"TRG"	"TRG_Golgi_diPhe_1"	"TMED2_HUMAN"	"Q15363"	"Q15363"	"187"	"201"	"9472029"	"affinity chromatography technology; classical fluorescence spectroscopy; colocalization; electron microscopy; mutation analysis; subcellular preparation"	"true positive"	""	"Homo sapiens"
"ELMI000626"	"TRG"	"TRG_Golgi_diPhe_1"	"TMED2_RAT"	"Q63524"	"Q63524"	"187"	"201"	"9472029"	"not specified"	"true positive"	""	"Rattus norvegicus"
"ELMI000497"	"TRG"	"TRG_Golgi_diPhe_1"	"TMED9_HUMAN"	"Q9BVK6"	"Q9BVK6 Q14437 Q8WZ61"	"221"	"235"	"9472029"	"affinity chromatography technology; classical fluorescence spectroscopy; colocalization; electron microscopy; mutation analysis; subcellular preparation"	"true positive"	""	"Homo sapiens"
"ELMI000495"	"TRG"	"TRG_Golgi_diPhe_1"	"TMEDA_HUMAN"	"P49755"	"P49755 B2R605 Q15602 Q16536 Q86TC2 Q86TS5"	"204"	"219"	"9472029"	"affinity chromatography technology; classical fluorescence spectroscopy; colocalization; electron microscopy; mutation analysis; subcellular preparation"	"true positive"	""	"Homo sapiens"
"ELMI000624"	"TRG"	"TRG_Golgi_diPhe_1"	"TMEDA_RABIT"	"Q28735"	"Q28735"	"204"	"219"	"9472029"	"not specified"	"true positive"	""	"Oryctolagus cuniculus"
"ELMI000511"	"TRG"	"TRG_LysEnd_GGAAcLL_1"	"LRP3_HUMAN"	"O75074"	"O75074 B3KQD6 B4DKF2"	"764"	"770"	"11390366"	"pull down; two hybrid"	"true positive"	""	"Homo sapiens"
"ELMI000509"	"TRG"	"TRG_LysEnd_GGAAcLL_1"	"MPRD_BOVIN"	"P11456"	"P11456 A1L5A0 Q0VCN7"	"273"	"279"	"1324923"	"coimmunoprecipitation; mutation analysis; radiolabel"	"true positive"	""	"Bos taurus"
"ELMI000507"	"TRG"	"TRG_LysEnd_GGAAcLL_1"	"MPRD_HUMAN"	"P20645"	"P20645 A8K528 D3DUV5"	"271"	"277"	"11859375 11390366 11208151"	"coimmunoprecipitation; colocalization; electron microscopy; isothermal titration calorimetry; mutation analysis; pull down; radiolabel; two hybrid; x-ray crystallography"	"true positive"	"1JUQ"	"Homo sapiens"
"ELMI000634"	"TRG"	"TRG_LysEnd_GGAAcLL_1"	"MPRI_BOVIN"	"P08169"	"P08169"	"2493"	"2499"	"12032548"	"x-ray crystallography"	"true positive"	"1LF8"	"Bos taurus"
"ELMI000508"	"TRG"	"TRG_LysEnd_GGAAcLL_1"	"MPRI_HUMAN"	"P11717"	"P11717 Q7Z7G9 Q96PT5"	"2485"	"2491"	"11859376 11859375 11390366"	"isothermal titration calorimetry; mutation analysis; pull down; two hybrid; x-ray crystallography"	"true positive"	"1JWG"	"Homo sapiens"
"ELMI000510"	"TRG"	"TRG_LysEnd_GGAAcLL_1"	"SORT_HUMAN"	"Q99523"	"Q99523 C0JYZ0 Q8IZ49"	"826"	"831"	"11390366"	"colocalization; confocal microscopy; mutation analysis; two hybrid"	"true positive"	""	"Homo sapiens"
"ELMI000503"	"TRG"	"TRG_LysEnd_GGAAcLL_2"	"GGA1_HUMAN"	"Q9UJY5"	"Q9UJY5 A8K3D3 Q5TG07 Q9BW94 Q9UG00 Q9UGW0 Q9UGW1"	"355"	"362"	"12060753"	"coimmunoprecipitation; glutathione s tranferase tag; mutation analysis; protein kinase assay; protein kinase assay; pull down; radiolabel"	"true positive"	""	"Homo sapiens"
"ELMI000506"	"TRG"	"TRG_LysEnd_GGAAcLL_2"	"GGA1_MOUSE"	"Q8R0H9"	"Q8R0H9 Q3U2N1"	"354"	"361"	""	"sequence based prediction"	"true positive"	""	"Mus musculus"
"ELMI000504"	"TRG"	"TRG_LysEnd_GGAAcLL_2"	"GGA3_HUMAN"	"Q9NZ52"	"Q9NZ52 Q15017 Q6IS16 Q9UJY3"	"388"	"395"	"12060753"	"coimmunoprecipitation; glutathione s tranferase tag; mutation analysis; protein kinase assay; protein kinase assay; pull down; radiolabel"	"true positive"	""	"Homo sapiens"
"ELMI000505"	"TRG"	"TRG_LysEnd_GGAAcLL_2"	"GGA3_MOUSE"	"Q8BMI3"	"Q8BMI3 Q3V1Y0 Q80U71"	"384"	"391"	""	"sequence based prediction"	"true positive"	""	"Mus musculus"
"ELMI000913"	"TRG"	"TRG_NES_CRM1_1"	"APC_HUMAN"	"P25054"	"P25054 D3DT03 Q15162 Q15163 Q93042"	"67"	"78"	"11035805"	"competition binding; mutation analysis"	"true positive"	""	"Homo sapiens"
"ELMI000914"	"TRG"	"TRG_NES_CRM1_1"	"APC_HUMAN"	"P25054"	"P25054 D3DT03 Q15162 Q15163 Q93042"	"163"	"176"	"12070164 11035805"	"competition binding; mutation analysis; x-ray crystallography"	"true positive"	"1M5I"	"Homo sapiens"
"ELMI000916"	"TRG"	"TRG_NES_CRM1_1"	"CCNB1_XENLA"	"P13350"	"P13350 Q5HZN2"	"106"	"121"	"9679058"	"competition binding; mutation analysis"	"true positive"	""	"Xenopus laevis"
"ELMI000915"	"TRG"	"TRG_NES_CRM1_1"	"CTND1_HUMAN"	"O60716"	"O60716 A8K939 O15088 O60713 O60714 O60715 O60935 Q6DHZ7 Q6RBX8 Q9UP71 Q9UP72 Q9UP73"	"942"	"956"	"10393933"	"competition binding; mutation analysis"	"true positive"	""	"Homo sapiens"
"ELMI000921"	"TRG"	"TRG_NES_CRM1_1"	"IPKA_HUMAN"	"P61925"	"P61925 P04541 Q6IAV2"	"37"	"51"	"7634336"	"competition binding; mutation analysis"	"true positive"	""	"Homo sapiens"
"ELMI001205"	"TRG"	"TRG_NES_CRM1_1"	"MAPK2_HUMAN"	"P49137"	"P49137 Q5SY30 Q5SY41 Q8IYD6"	"354"	"368"	"9628873 12171911"	"competition binding; mutation analysis; x-ray crystallography"	"true positive"	"1KWP"	"Homo sapiens"
"ELMI001206"	"TRG"	"TRG_NES_CRM1_1"	"MP2K1_XENLA"	"Q05116"	"Q05116 Q5D0B8"	"31"	"44"	"8702720"	"competition binding; mutation analysis"	"true positive"	""	"Xenopus laevis"
"ELMI002160"	"TRG"	"TRG_NES_CRM1_1"	"MPIP3_HUMAN"	"P30307"	"P30307 D3DQB8 Q96PL3 Q9H168 Q9H2E8 Q9H2E9 Q9H2F1"	"189"	"203"	"11897663"	"alanine scanning; inhibitor"	"true positive"	""	"Homo sapiens"
"ELMI001849"	"TRG"	"TRG_NES_CRM1_1"	"NEP_I34A1"	"P03508"	"P03508 A4GXG8 Q20N33 Q67266 Q71QT4"	"10"	"22"	"15331747"	"classical fluorescence spectroscopy; competition binding; mutation analysis"	"true positive"	""	"Influenza A virus (A/Puerto Rico/8/1934(H1N1))"
"ELMI002299"	"TRG"	"TRG_NES_CRM1_1"	"NEP_I34A1"	"P03508"	"P03508 A4GXG8 Q20N33 Q67266 Q71QT4"	"11"	"22"	"15331747"	"classical fluorescence spectroscopy; competition binding; mutation analysis"	"true positive"	""	"Influenza A virus (A/Puerto Rico/8/1934(H1N1))"
"ELMI000923"	"TRG"	"TRG_NES_CRM1_1"	"P53_HUMAN"	"P04637"	"P04637 Q15086 Q15087 Q15088 Q16535 Q16807 Q16808 Q16809 Q16810 Q16811 Q16848 Q2XN98 Q3LRW1 Q3LRW2 Q3LRW3 Q3LRW4 Q3LRW5 Q86UG1 Q8J016 Q99659 Q9BTM4 Q9HAQ8 Q9NP68 Q9NPJ2 Q9NZD0 Q9UBI2 Q9UQ61"	"339"	"352"	"12944468"	"competition binding; mutation analysis"	"true positive"	""	"Homo sapiens"
"ELMI000920"	"TRG"	"TRG_NES_CRM1_1"	"P73_HUMAN"	"O15350"	"O15350 B7Z9C1 O15351 Q17RN8 Q5TBV5 Q5TBV6 Q8NHW9 Q8TDY5 Q8TDY6 Q9NTK8"	"366"	"379"	"11847229"	"competition binding; mutation analysis"	"true positive"	""	"Homo sapiens"
"ELMI000918"	"TRG"	"TRG_NES_CRM1_1"	"PER1_MOUSE"	"O35973"	"O35973 B1ASX0"	"488"	"499"	"11591712"	"competition binding; mutation analysis"	"true positive"	""	"Mus musculus"
"ELMI000917"	"TRG"	"TRG_NES_CRM1_1"	"PER2_MOUSE"	"O54943"	"O54943 O54954"	"459"	"470"	"11591712"	"competition binding; mutation analysis"	"true positive"	""	"Mus musculus"
"ELMI000922"	"TRG"	"TRG_NES_CRM1_1"	"REV_HV1C4"	"P05865"	"P05865"	"74"	"87"	"7543368"	"competition binding; mutation analysis"	"true positive"	""	"Human immunodeficiency virus type 1 (CDC-451 ISOLATE)"
"ELMI001850"	"TRG"	"TRG_NES_CRM1_1"	"REX_HTL1A"	"P0C205"	"P0C205"	"80"	"93"	"8709278"	"affinity chromatography technology; classical fluorescence spectroscopy; mutation analysis"	"true positive"	""	"Human T-cell lymphotrophic virus type 1 (strain ATK)"
"ELMI001255"	"TRG"	"TRG_NES_CRM1_1"	"SPN1_HUMAN"	"O95149"	"O95149 A6NE34 A8K0B0 D3DW76"	"2"	"17"	"19389996 19339969"	"mutation analysis; pull down; x-ray crystallography"	"true positive"	"3GB8 3GJX"	"Homo sapiens"
"ELMI000919"	"TRG"	"TRG_NES_CRM1_1"	"STK4_HUMAN"	"Q13043"	"Q13043 B2RCR8 Q15802 Q4G156 Q5H982 Q6PD60 Q9BR32 Q9NTZ4"	"359"	"374"	"11805089"	"competition binding; mutation analysis"	"true positive"	""	"Homo sapiens"
"ELMI004633"	"TRG"	"TRG_NESrev_CRM1_2"	"CPEB4_HUMAN"	"Q17RY0"	"Q17RY0 B7ZLQ7 Q7Z310 Q8N405 Q9C0J0"	"381"	"393"	"26349033"	"mutation analysis; pull down; x-ray crystallography"	"true positive"	"5DIF"	"Homo sapiens"
"ELMI004632"	"TRG"	"TRG_NESrev_CRM1_2"	"RIOK2_HUMAN"	"Q9BVS4"	"Q9BVS4 D6RDI3 Q9NUT0"	"391"	"403"	"26349033"	"fluorescence recovery after photobleaching; mutation analysis; pull down; x-ray crystallography"	"true positive"	"5DHF"	"Homo sapiens"
"ELMI002172"	"TRG"	"TRG_NLS_Bipartite_1"	"CDN1A_HUMAN"	"P38936"	"P38936 Q14010 Q9BUT4"	"142"	"158"	"12417334 15340083"	"confocal microscopy; green fluorescent protein tag; mutation analysis"	"true positive"	""	"Homo sapiens"
"ELMI001390"	"TRG"	"TRG_NLS_Bipartite_1"	"HIBN_XENLA"	"P06180"	"P06180"	"534"	"553"	"10336485 12695505"	"edman degradation; x-ray crystallography"	"true positive"	"1PJN"	"Xenopus laevis"
"ELMI001388"	"TRG"	"TRG_NLS_Bipartite_1"	"NUPL_XENLA"	"P05221"	"P05221"	"155"	"171"	"3417784 10764582"	"colocalization; mutation analysis; x-ray crystallography"	"true positive"	"1EJY"	"Xenopus laevis"
"ELMI001394"	"TRG"	"TRG_NLS_Bipartite_1"	"P53_HUMAN"	"P04637"	"P04637 Q15086 Q15087 Q15088 Q16535 Q16807 Q16808 Q16809 Q16810 Q16811 Q16848 Q2XN98 Q3LRW1 Q3LRW2 Q3LRW3 Q3LRW4 Q3LRW5 Q86UG1 Q8J016 Q99659 Q9BTM4 Q9HAQ8 Q9NP68 Q9NPJ2 Q9NZD0 Q9UBI2 Q9UQ61"	"305"	"323"	"10551826 10321742"	"colocalization; competition binding; mutation analysis"	"true positive"	""	"Homo sapiens"
"ELMI001391"	"TRG"	"TRG_NLS_Bipartite_1"	"P73_HUMAN"	"O15350"	"O15350 B7Z9C1 O15351 Q17RN8 Q5TBV5 Q5TBV6 Q8NHW9 Q8TDY5 Q8TDY6 Q9NTK8"	"327"	"349"	"11847229"	"colocalization; mutation analysis"	"true positive"	""	"Homo sapiens"
"ELMI001858"	"TRG"	"TRG_NLS_Bipartite_1"	"PB2_I34A1"	"P03428"	"P03428 A4GXH0 Q20N28 Q8JUU8"	"738"	"756"	"17310249"	"mutation analysis; x-ray crystallography"	"true positive"	"2JDQ"	"Influenza A virus (A/Puerto Rico/8/1934(H1N1))"
"ELMI003754"	"TRG"	"TRG_NLS_Bipartite_1"	"POPB_RALSO"	"Q9RBS1"	"Q9RBS1"	"98"	"118"	"10792715"	"deletion analysis; fusion protein; imaging technique; sequence based prediction"	"true positive"	""	"Ralstonia solanacearum GMI1000"
"ELMI001389"	"TRG"	"TRG_NLS_Bipartite_1"	"RB_HUMAN"	"P06400"	"P06400 A8K5E3 P78499 Q5VW46 Q8IZL4"	"860"	"877"	"8336704 12695505"	"colocalization; mutation analysis; x-ray crystallography"	"true positive"	"1PJM"	"Homo sapiens"
"ELMI001392"	"TRG"	"TRG_NLS_Bipartite_1"	"SWI5_YEAST"	"P08153"	"P08153 D6VSC9 E9P945"	"636"	"653"	"1652372"	"colocalization; mutation analysis"	"true positive"	""	"Saccharomyces cerevisiae"
"ELMI001393"	"TRG"	"TRG_NLS_Bipartite_1"	"VIRD2_RHIRD"	"P06668"	"P06668"	"396"	"414"	"8391110"	"colocalization; mutation analysis"	"true positive"	""	"Agrobacterium tumefaciens"
"ELMI003923"	"TRG"	"TRG_NLS_Bipartite_1"	"W5U6C5_LISMN"	"W5U6C5"	"W5U6C5"	"162"	"184"	"24449750"	"phenotype-based detection assay; sequence based prediction"	"true positive"	""	"Listeria monocytogenes"
"ELMI001851"	"TRG"	"TRG_NLS_MonoCore_2"	"2B_CMVQ"	"Q66125"	"Q66125"	"21"	"26"	"10747034"	"alanine scanning; confocal microscopy; green fluorescent protein tag; mutation analysis"	"true positive"	""	"Cucumber mosaic virus (strain Q)"
"ELMI001380"	"TRG"	"TRG_NLS_MonoCore_2"	"APC_HUMAN"	"P25054"	"P25054 D3DT03 Q15162 Q15163 Q93042"	"2048"	"2053"	"11050185"	"colocalization; mutation analysis"	"true positive"	""	"Homo sapiens"
"ELMI001400"	"TRG"	"TRG_NLS_MonoCore_2"	"ATX1_HUMAN"	"P54253"	"P54253 Q17S02 Q9UJG2 Q9Y4J1"	"769"	"774"	"9778246"	"colocalization; mutation analysis"	"true positive"	""	"Homo sapiens"
"ELMI003922"	"TRG"	"TRG_NLS_MonoCore_2"	"AVRB3_XANEU"	"P14727"	"P14727"	"1103"	"1108"	"8980236"	"fusion protein; mutation analysis; necessary binding site"	"true positive"	""	"Xanthomonas euvesicatoria"
"ELMI001377"	"TRG"	"TRG_NLS_MonoCore_2"	"BRCA1_HUMAN"	"P38398"	"P38398 O15129 Q3LRJ0 Q7KYU9"	"502"	"507"	"8955125"	"colocalization; mutation analysis; two hybrid"	"true positive"	""	"Homo sapiens"
"ELMI002400"	"TRG"	"TRG_NLS_MonoCore_2"	"BRCA1_HUMAN"	"P38398"	"P38398 O15129 Q3LRJ0 Q7KYU9"	"503"	"508"	"8955125"	"colocalization; mutation analysis; two hybrid"	"true positive"	""	"Homo sapiens"
"ELMI001373"	"TRG"	"TRG_NLS_MonoCore_2"	"E1A_ADE05"	"P03255"	"P03255 P06438 Q64825 Q64826"	"284"	"289"	"3614197"	"colocalization; mutation analysis"	"true positive"	""	"Human adenovirus 5"
"ELMI002452"	"TRG"	"TRG_NLS_MonoCore_2"	"FBXW7_HUMAN"	"Q969H0"	"Q969H0 B7ZLP9 Q68DR0 Q96A16 Q96LE0 Q96RI2 Q9NUX6"	"10"	"15"	"15498494"	"fluorescence microscopy; mutation analysis"	"true positive"	""	"Homo sapiens"
"ELMI001347"	"TRG"	"TRG_NLS_MonoCore_2"	"JARD2_MOUSE"	"Q62315"	"Q62315 Q3TPU4 Q3UHS7 Q99LD1"	"106"	"111"	"12890668"	"colocalization; mutation analysis"	"true positive"	""	"Mus musculus"
"ELMI001359"	"TRG"	"TRG_NLS_MonoCore_2"	"JUN_AVIS1"	"P05411"	"P05411"	"225"	"230"	"1584763"	"colocalization; mutation analysis"	"true positive"	""	"Avian sarcoma virus 17"
"ELMI001355"	"TRG"	"TRG_NLS_MonoCore_2"	"JUN_CHICK"	"P18870"	"P18870"	"252"	"257"	"1584763"	"colocalization; mutation analysis"	"true positive"	""	"Gallus gallus"
"ELMI001366"	"TRG"	"TRG_NLS_MonoCore_2"	"LT_POVMA"	"P03073"	"P03073"	"191"	"196"	"3000623"	"colocalization; mutation analysis"	"true positive"	""	"Murine polyomavirus strain A2"
"ELMI001354"	"TRG"	"TRG_NLS_MonoCore_2"	"LT_SV40"	"P03070"	"P03070"	"127"	"132"	"6096007 12852786"	"colocalization; mutation analysis; x-ray crystallography"	"true positive"	"1Q1T"	"Simian virus 40"
"ELMI002161"	"TRG"	"TRG_NLS_MonoCore_2"	"MAPK3_HUMAN"	"Q16644"	"Q16644 B5BU67"	"363"	"368"	"11157753"	"coimmunoprecipitation; glutathione s tranferase tag; mutation analysis; pull down"	"true positive"	""	"Homo sapiens"
"ELMI001854"	"TRG"	"TRG_NLS_MonoCore_2"	"REV_EIAVY"	"P20919"	"P20919"	"158"	"163"	"16571801"	"alanine scanning; competition binding; mutation analysis"	"true positive"	""	"Equine infectious anemia virus (ISOLATE WYOMING)"
"ELMI001856"	"TRG"	"TRG_NLS_MonoCore_2"	"TAT_HV1H2"	"P04608"	"P04608 O09778"	"49"	"54"	"9430704 9891055"	"affinity chromatography technology; mutation analysis; nuclear translocation assay"	"true positive"	""	"HIV-1 M:B_HXB2R"
"ELMI001368"	"TRG"	"TRG_NLS_MonoCore_2"	"VP2_POVMA"	"P03096"	"P03096 Q85070"	"314"	"319"	"1333132"	"colocalization; mutation analysis"	"true positive"	""	"Murine polyomavirus strain A2"
"ELMI001857"	"TRG"	"TRG_NLS_MonoCore_2"	"VPRL_FIVSD"	"P69469"	"P69469 P19033 P69468"	"47"	"52"	"15246256"	"green fluorescent protein tag; mutation analysis"	"true positive"	""	"Feline immunodeficiency virus (isolate San Diego)"
"ELMI003753"	"TRG"	"TRG_NLS_MonoExtC_3"	"A0A1B4JR46_BURTH"	"A0A1B4JR46"	"A0A1B4JR46"	"155"	"160"	"23797873"	"green fluorescent protein tag; knock out; phenotype-based detection assay"	"true positive"	""	"Burkholderia thailandensis"
"ELMI001379"	"TRG"	"TRG_NLS_MonoExtC_3"	"APC_HUMAN"	"P25054"	"P25054 D3DT03 Q15162 Q15163 Q93042"	"2048"	"2053"	"11050185"	"colocalization; mutation analysis"	"true positive"	""	"Homo sapiens"
"ELMI003777"	"TRG"	"TRG_NLS_MonoExtC_3"	"AVRB3_XANEU"	"P14727"	"P14727"	"1020"	"1025"	"8980236"	"fusion protein; mutation analysis; necessary binding site"	"true positive"	""	"Xanthomonas euvesicatoria"
"ELMI003755"	"TRG"	"TRG_NLS_MonoExtC_3"	"AVRB3_XANEU"	"P14727"	"P14727"	"1066"	"1072"	"8980236"	"fusion protein; mutation analysis; necessary binding site"	"true positive"	""	"Xanthomonas euvesicatoria"
"ELMI001376"	"TRG"	"TRG_NLS_MonoExtC_3"	"BRCA1_HUMAN"	"P38398"	"P38398 O15129 Q3LRJ0 Q7KYU9"	"502"	"507"	"8955125"	"colocalization; mutation analysis; two hybrid"	"true positive"	""	"Homo sapiens"
"ELMI002401"	"TRG"	"TRG_NLS_MonoExtC_3"	"BRCA1_HUMAN"	"P38398"	"P38398 O15129 Q3LRJ0 Q7KYU9"	"503"	"508"	"8955125"	"colocalization; mutation analysis; two hybrid"	"true positive"	""	"Homo sapiens"
"ELMI003778"	"TRG"	"TRG_NLS_MonoExtC_3"	"D2KNN0_ANAPH"	"D2KNN0"	"D2KNN0"	"1059"	"1064"	"19543390"	"phenotype-based detection assay; sequence based prediction"	"true positive"	""	"Anaplasma phagocytophilum"
"ELMI001372"	"TRG"	"TRG_NLS_MonoExtC_3"	"E1A_ADE05"	"P03255"	"P03255 P06438 Q64825 Q64826"	"284"	"289"	"3614197"	"colocalization; mutation analysis"	"true positive"	""	"Human adenovirus 5"
"ELMI001852"	"TRG"	"TRG_NLS_MonoExtC_3"	"GAG_HV1H2"	"P04591"	"P04591"	"25"	"30"	"9918876"	"mutation analysis"	"true positive"	""	"HIV-1 M:B_HXB2R"
"ELMI001361"	"TRG"	"TRG_NLS_MonoExtC_3"	"H2B1_YEAST"	"P02293"	"P02293 D6VSK6"	"30"	"35"	"3123916"	"colocalization; mutation analysis"	"true positive"	""	"Saccharomyces cerevisiae"
"ELMI001346"	"TRG"	"TRG_NLS_MonoExtC_3"	"JARD2_MOUSE"	"Q62315"	"Q62315 Q3TPU4 Q3UHS7 Q99LD1"	"105"	"110"	"12890668"	"colocalization; mutation analysis"	"true positive"	""	"Mus musculus"
"ELMI001357"	"TRG"	"TRG_NLS_MonoExtC_3"	"JUN_AVIS1"	"P05411"	"P05411"	"225"	"231"	"1584763"	"colocalization; mutation analysis"	"true positive"	""	"Avian sarcoma virus 17"
"ELMI001353"	"TRG"	"TRG_NLS_MonoExtC_3"	"JUN_CHICK"	"P18870"	"P18870"	"252"	"258"	"1584763"	"colocalization; mutation analysis"	"true positive"	""	"Gallus gallus"
"ELMI001370"	"TRG"	"TRG_NLS_MonoExtC_3"	"LT_POVMA"	"P03073"	"P03073"	"191"	"196"	"3000623"	"colocalization; mutation analysis"	"true positive"	""	"Murine polyomavirus strain A2"
"ELMI001358"	"TRG"	"TRG_NLS_MonoExtC_3"	"LT_SV40"	"P03070"	"P03070"	"127"	"133"	"6096007 12852786"	"colocalization; mutation analysis; x-ray crystallography"	"true positive"	"1Q1T"	"Simian virus 40"
"ELMI001382"	"TRG"	"TRG_NLS_MonoExtC_3"	"MYC_HUMAN"	"P01106"	"P01106 A8WFE7 P01107 Q14026"	"322"	"328"	"3054508 10745017"	"colocalization; mutation analysis; x-ray crystallography"	"true positive"	"1EE4"	"Homo sapiens"
"ELMI001351"	"TRG"	"TRG_NLS_MonoExtC_3"	"NFKB1_HUMAN"	"P19838"	"P19838 Q68D84 Q86V43 Q8N4X7 Q9NZC0"	"360"	"365"	"12399470"	"colocalization; mutation analysis"	"true positive"	""	"Homo sapiens"
"ELMI002163"	"TRG"	"TRG_NLS_MonoExtC_3"	"PHO4_YEAST"	"P07270"	"P07270 D6VTR7"	"156"	"161"	"9732266"	"coimmunoprecipitation; mutation analysis; western blot"	"true positive"	""	"Saccharomyces cerevisiae S288c"
"ELMI003752"	"TRG"	"TRG_NLS_MonoExtC_3"	"Q5ZUS4_LEGPH"	"Q5ZUS4"	"Q5ZUS4"	"53"	"58"	"23797873"	"chromatin immunoprecipitation assay; deletion analysis; fluorescence microscopy; green fluorescent protein tag; necessary binding site; phenotype-based detection assay"	"true positive"	""	"Legionella pneumophila subsp. pneumophila str. Philadelphia 1"
"ELMI001855"	"TRG"	"TRG_NLS_MonoExtC_3"	"REX_HTL1A"	"P0C205"	"P0C205"	"12"	"17"	"9891056"	"classical fluorescence spectroscopy; competition binding; immunodepleted coimmunoprecipitation; mutation analysis"	"true positive"	""	"Human T-cell lymphotrophic virus type 1 (strain ATK)"
"ELMI002162"	"TRG"	"TRG_NLS_MonoExtC_3"	"TF65_HUMAN"	"Q04206"	"Q04206 Q6GTV1 Q6SLK1"	"301"	"307"	"1340770"	"coimmunoprecipitation; fluorescence technology; mutation analysis"	"true positive"	""	"Homo sapiens"
"ELMI001364"	"TRG"	"TRG_NLS_MonoExtC_3"	"VIRD2_RHIRD"	"P06668"	"P06668"	"31"	"37"	"8391110"	"colocalization; mutation analysis"	"true positive"	""	"Agrobacterium tumefaciens"
"ELMI001367"	"TRG"	"TRG_NLS_MonoExtC_3"	"VP2_POVMA"	"P03096"	"P03096 Q85070"	"313"	"318"	"1333132"	"colocalization; mutation analysis"	"true positive"	""	"Murine polyomavirus strain A2"
"ELMI003921"	"TRG"	"TRG_NLS_MonoExtN_4"	"A0A0H3LYM0_BORBR"	"A0A0H3LYM0"	"A0A0H3LYM0"	"155"	"160"	"23797873"	"green fluorescent protein tag; phenotype-based detection assay"	"true positive"	""	"Bordetella bronchiseptica RB50"
"ELMI001378"	"TRG"	"TRG_NLS_MonoExtN_4"	"APC_HUMAN"	"P25054"	"P25054 D3DT03 Q15162 Q15163 Q93042"	"2048"	"2054"	"11050185"	"colocalization; mutation analysis"	"true positive"	""	"Homo sapiens"
"ELMI002398"	"TRG"	"TRG_NLS_MonoExtN_4"	"APC_HUMAN"	"P25054"	"P25054 D3DT03 Q15162 Q15163 Q93042"	"2049"	"2054"	"11050185"	"colocalization; mutation analysis"	"true positive"	""	"Homo sapiens"
"ELMI001375"	"TRG"	"TRG_NLS_MonoExtN_4"	"BRCA1_HUMAN"	"P38398"	"P38398 O15129 Q3LRJ0 Q7KYU9"	"501"	"508"	"8955125"	"colocalization; mutation analysis; two hybrid"	"true positive"	""	"Homo sapiens"
"ELMI002399"	"TRG"	"TRG_NLS_MonoExtN_4"	"BRCA1_HUMAN"	"P38398"	"P38398 O15129 Q3LRJ0 Q7KYU9"	"504"	"509"	"8955125"	"colocalization; mutation analysis; two hybrid"	"true positive"	""	"Homo sapiens"
"ELMI001374"	"TRG"	"TRG_NLS_MonoExtN_4"	"BRCA1_HUMAN"	"P38398"	"P38398 O15129 Q3LRJ0 Q7KYU9"	"606"	"611"	"8955125"	"colocalization; mutation analysis; two hybrid"	"true positive"	""	"Homo sapiens"
"ELMI002179"	"TRG"	"TRG_NLS_MonoExtN_4"	"DAG1_HUMAN"	"Q14118"	"Q14118 A8K6M7 Q969J9"	"778"	"783"	"20512930"	"confocal microscopy; electrophoretic mobility supershift assay; green fluorescent protein tag; his tag; mutation analysis; nuclear translocation assay; pull down; subcellular preparation"	"true positive"	""	"Homo sapiens"
"ELMI001360"	"TRG"	"TRG_NLS_MonoExtN_4"	"H2B1_YEAST"	"P02293"	"P02293 D6VSK6"	"31"	"36"	"3123916"	"colocalization; mutation analysis"	"true positive"	""	"Saccharomyces cerevisiae"
"ELMI001345"	"TRG"	"TRG_NLS_MonoExtN_4"	"JARD2_MOUSE"	"Q62315"	"Q62315 Q3TPU4 Q3UHS7 Q99LD1"	"106"	"111"	"12890668"	"colocalization; mutation analysis"	"true positive"	""	"Mus musculus"
"ELMI001356"	"TRG"	"TRG_NLS_MonoExtN_4"	"JUN_AVIS1"	"P05411"	"P05411"	"224"	"230"	"1584763"	"colocalization; mutation analysis"	"true positive"	""	"Avian sarcoma virus 17"
"ELMI001352"	"TRG"	"TRG_NLS_MonoExtN_4"	"JUN_CHICK"	"P18870"	"P18870"	"251"	"257"	"1584763"	"colocalization; mutation analysis"	"true positive"	""	"Gallus gallus"
"ELMI001371"	"TRG"	"TRG_NLS_MonoExtN_4"	"LT_POVMA"	"P03073"	"P03073"	"191"	"196"	"3000623"	"colocalization; mutation analysis"	"true positive"	""	"Murine polyomavirus strain A2"
"ELMI001362"	"TRG"	"TRG_NLS_MonoExtN_4"	"LT_SV40"	"P03070"	"P03070"	"126"	"132"	"6096007 12852786"	"colocalization; mutation analysis; x-ray crystallography"	"true positive"	"1Q1T"	"Simian virus 40"
"ELMI002397"	"TRG"	"TRG_NLS_MonoExtN_4"	"LT_SV40"	"P03070"	"P03070"	"127"	"132"	"6096007"	"colocalization; mutation analysis"	"true positive"	""	"Simian virus 40"
"ELMI001381"	"TRG"	"TRG_NLS_MonoExtN_4"	"MYC_HUMAN"	"P01106"	"P01106 A8WFE7 P01107 Q14026"	"320"	"327"	"3054508 10745017"	"colocalization; mutation analysis; x-ray crystallography"	"true positive"	"1EE4"	"Homo sapiens"
"ELMI001350"	"TRG"	"TRG_NLS_MonoExtN_4"	"NFKB1_HUMAN"	"P19838"	"P19838 Q68D84 Q86V43 Q8N4X7 Q9NZC0"	"361"	"366"	"12399470"	"colocalization; mutation analysis"	"true positive"	""	"Homo sapiens"
"ELMI002593"	"TRG"	"TRG_NLS_MonoExtN_4"	"OGG1_HUMAN"	"O15527"	"O15527 A8K1E3 O00390 O00670 O00705 O14876 O95488 P78554 Q9BW42 Q9UIK0 Q9UIK1 Q9UIK2 Q9UL34 Q9Y2C0 Q9Y2C1 Q9Y6C3 Q9Y6C4"	"333"	"339"	"10233168"	"fluorescence microscopy; mutation analysis; western blot"	"true positive"	""	"Homo sapiens"
"ELMI001853"	"TRG"	"TRG_NLS_MonoExtN_4"	"PPR_SCMVC"	"P16046"	"P16046"	"455"	"460"	"9733808"	"alanine scanning; classical fluorescence spectroscopy"	"true positive"	""	"Cercopithecine herpesvirus 5"
"ELMI003751"	"TRG"	"TRG_NLS_MonoExtN_4"	"Q5ZUS4_LEGPH"	"Q5ZUS4"	"Q5ZUS4"	"22"	"28"	"23797873"	"chromatin immunoprecipitation assay; deletion analysis; fluorescence microscopy; green fluorescent protein tag; necessary binding site; phenotype-based detection assay"	"true positive"	""	"Legionella pneumophila subsp. pneumophila str. Philadelphia 1"
"ELMI001363"	"TRG"	"TRG_NLS_MonoExtN_4"	"RL28_YEAST"	"P02406"	"P02406 D6VU43"	"7"	"13"	"2104804"	"colocalization; mutation analysis"	"true positive"	""	"Saccharomyces cerevisiae"
"ELMI002595"	"TRG"	"TRG_NLS_MonoExtN_4"	"SKP2_HUMAN"	"Q13309"	"Q13309 A8K5E0 Q8TDZ0 Q8TDZ1 Q9BV69"	"67"	"72"	"22770219 19270695"	"anti tag coimmunoprecipitation; fluorescence microscopy; glutathione s tranferase tag; mutation analysis; pull down"	"true positive"	""	"Homo sapiens"
"ELMI001349"	"TRG"	"TRG_NLS_MonoExtN_4"	"SPAST_HUMAN"	"Q9UBP0"	"Q9UBP0 A7E2A7 Q9UPR9"	"7"	"13"	"15147984"	"colocalization; mutation analysis"	"true positive"	""	"Homo sapiens"
"ELMI002196"	"TRG"	"TRG_NLS_MonoExtN_4"	"SWI6_YEAST"	"P09959"	"P09959 D6VYI6"	"161"	"167"	"8590795"	"fluorescence microscopy; green fluorescent protein tag; mutation analysis"	"true positive"	""	"Saccharomyces cerevisiae S288c"
"ELMI002587"	"TRG"	"TRG_NLS_MonoExtN_4"	"UNG_HUMAN"	"P13051"	"P13051 A8K5M6 B2R8Y1 O00637 O00719 Q93028"	"15"	"21"	"9753728"	"confocal microscopy; mutation analysis"	"true positive"	""	"Homo sapiens"
"ELMI001369"	"TRG"	"TRG_NLS_MonoExtN_4"	"VP1_POVMA"	"P03090"	"P03090"	"3"	"8"	"1322607"	"colocalization; mutation analysis"	"true positive"	""	"Murine polyomavirus strain A2"
"ELMI001365"	"TRG"	"TRG_NLS_MonoExtN_4"	"VP2_POVMA"	"P03096"	"P03096 Q85070"	"314"	"319"	"1333132"	"colocalization; mutation analysis"	"true positive"	""	"Murine polyomavirus strain A2"
"ELMI002164"	"TRG"	"TRG_NLS_MonoExtN_4"	"VPAP_HCMVA"	"P16790"	"P16790 Q7M6P1"	"425"	"432"	"20040518"	"green fluorescent protein tag; mutation analysis"	"true positive"	""	"Human herpesvirus 5 strain AD169"
"ELMI001348"	"TRG"	"TRG_NLS_MonoExtN_4"	"W_NIPAV"	"P0C1C7"	"P0C1C7"	"437"	"443"	"15857993"	"coimmunoprecipitation; colocalization; mutation analysis"	"true positive"	""	"Nipah virus"
"ELMI004601"	"TRG"	"TRG_Oom_RxLR_1"	"A3AKI_PHYIN"	"E2DWQ7"	"E2DWQ7"	"44"	"47"	"16733545 17914356"	"confocal microscopy; fluorescence microscopy; fusion protein; mutation analysis; tag visualisation by fluorescence"	"true positive"	""	"Phytophthora infestans"
"ELMI004603"	"TRG"	"TRG_Oom_RxLR_1"	"AVH5_PHYSO"	"E0W547"	"E0W547"	"43"	"46"	"20655469"	"confocal microscopy; fusion protein; mutation analysis; tag visualisation by fluorescence"	"true positive"	""	"Phytophthora sojae"
"ELMI004604"	"TRG"	"TRG_Oom_RxLR_1"	"E0W4Q8_PHYSO"	"E0W4Q8"	"E0W4Q8"	"51"	"55"	"34843607"	"confocal microscopy; fusion protein; tag visualisation by fluorescence"	"true positive"	""	"Phytophthora sojae"
"ELMI004605"	"TRG"	"TRG_Oom_RxLR_1"	"E9LK32_PSECC"	"E9LK32"	"E9LK32"	"51"	"55"	"21261462"	"confocal microscopy; mutation analysis; tag visualisation by fluorescence"	"true positive"	""	"Pseudoperonospora cubensis"
"ELMI004602"	"TRG"	"TRG_Oom_RxLR_1"	"RD1_PHYIT"	"D0NQC3"	"D0NQC3"	"50"	"53"	"16733545"	"fluorescence microscopy; fusion protein; mutation analysis; tag visualisation by fluorescence"	"true positive"	""	"Phytophthora infestans T30-4"
"ELMI003624"	"TRG"	"TRG_Pf-PMV_PEXEL_1"	"GBP_PLAF7"	"Q8I6U8"	"Q8I6U8"	"84"	"88"	"25850860 15591203"	"Identification by mass spectrometry; mutation disrupting interaction; tag visualisation by fluorescence; western blot"	"true positive"	""	"Plasmodium falciparum 3D7"
"ELMI003622"	"TRG"	"TRG_Pf-PMV_PEXEL_1"	"GBP_PLAFG"	"P02895"	"P02895"	"84"	"88"	"19055692 15591202"	"Identification by mass spectrometry; mutation disrupting interaction; tag visualisation by fluorescence; western blot"	"true positive"	""	"Plasmodium falciparum FCR-3/Gambia"
"ELMI003627"	"TRG"	"TRG_Pf-PMV_PEXEL_1"	"HRP1_PLAFA"	"P05227"	"P05227"	"45"	"49"	"15591203"	"mutation disrupting interaction; tag visualisation by fluorescence"	"true positive"	""	"Plasmodium falciparum"
"ELMI003621"	"TRG"	"TRG_Pf-PMV_PEXEL_1"	"KNOB_PLAFG"	"P09346"	"P09346 P13818"	"54"	"58"	"15591202"	"mutation disrupting interaction; tag visualisation by fluorescence"	"true positive"	""	"Plasmodium falciparum FCR-3/Gambia"
"ELMI003635"	"TRG"	"TRG_Pf-PMV_PEXEL_1"	"O97336_PLAF7"	"O97336"	"O97336"	"86"	"90"	"19055692 25850860"	"Identification by mass spectrometry; mutation disrupting interaction; tag visualisation by fluorescence; western blot"	"true positive"	""	"Plasmodium falciparum 3D7"
"ELMI003643"	"TRG"	"TRG_Pf-PMV_PEXEL_1"	"Q8I0U6_PLAF7"	"Q8I0U6"	"Q8I0U6"	"86"	"91"	"23387285"	"Identification by mass spectrometry; affinity chromatography technology; mutation disrupting interaction; tag visualisation by fluorescence; western blot"	"true positive"	""	"Plasmodium falciparum 3D7"
"ELMI003630"	"TRG"	"TRG_Pf-PMV_PEXEL_1"	"Q8I202_PLAF7"	"Q8I202"	"Q8I202"	"59"	"63"	"19055692"	"Identification by mass spectrometry; western blot"	"true positive"	""	"Plasmodium falciparum 3D7"
"ELMI003629"	"TRG"	"TRG_Pf-PMV_PEXEL_1"	"Q8I298_PLAF7"	"Q8I298"	"Q8I298"	"61"	"65"	"19055692"	"Identification by mass spectrometry; western blot"	"true positive"	""	"Plasmodium falciparum 3D7"
"ELMI003640"	"TRG"	"TRG_Pf-PMV_PEXEL_1"	"Q8I2B3_PLAF7"	"Q8I2B3"	"Q8I2B3"	"82"	"86"	"25850860"	"tag visualisation by fluorescence"	"true negative"	""	"Plasmodium falciparum 3D7"
"ELMI003623"	"TRG"	"TRG_Pf-PMV_PEXEL_1"	"Q8I2C7_PLAF7"	"Q8I2C7"	"Q8I2C7"	"36"	"40"	"23387285 15591202"	"Identification by mass spectrometry; affinity chromatography technology; mutation disrupting interaction; tag visualisation by fluorescence"	"true positive"	""	"Plasmodium falciparum 3D7"
"ELMI003632"	"TRG"	"TRG_Pf-PMV_PEXEL_1"	"Q8I2F2_PLAF7"	"Q8I2F2"	"Q8I2F2"	"57"	"61"	"19055692 25850860"	"Identification by mass spectrometry; mutation disrupting interaction; tag visualisation by fluorescence; western blot"	"true positive"	""	"Plasmodium falciparum 3D7"
"ELMI003642"	"TRG"	"TRG_Pf-PMV_PEXEL_1"	"Q8I2F7_PLAF7"	"Q8I2F7"	"Q8I2F7"	"46"	"50"	"25850860"	"Identification by mass spectrometry; mutation disrupting interaction; tag visualisation by fluorescence; western blot"	"true positive"	""	"Plasmodium falciparum 3D7"
"ELMI003626"	"TRG"	"TRG_Pf-PMV_PEXEL_1"	"Q8I489_PLAF7"	"Q8I489"	"Q8I489"	"60"	"64"	"15591203"	"tag visualisation by fluorescence"	"true positive"	""	"Plasmodium falciparum 3D7"
"ELMI003631"	"TRG"	"TRG_Pf-PMV_PEXEL_1"	"Q8I490_PLAF7"	"Q8I490"	"Q8I490"	"89"	"93"	"19055692"	"Identification by mass spectrometry; western blot"	"true positive"	""	"Plasmodium falciparum 3D7"
"ELMI003625"	"TRG"	"TRG_Pf-PMV_PEXEL_1"	"Q8I492_PLAF7"	"Q8I492"	"Q8I492"	"75"	"79"	"15591203"	"tag visualisation by fluorescence"	"true positive"	""	"Plasmodium falciparum 3D7"
"ELMI003639"	"TRG"	"TRG_Pf-PMV_PEXEL_1"	"Q8I631_PLAF7"	"Q8I631"	"Q8I631"	"51"	"55"	"25850860"	"tag visualisation by fluorescence"	"true negative"	""	"Plasmodium falciparum 3D7"
"ELMI003636"	"TRG"	"TRG_Pf-PMV_PEXEL_1"	"Q8I636_PLAF7"	"Q8I636"	"Q8I636"	"71"	"75"	"25850860"	"tag visualisation by fluorescence"	"true positive"	""	"Plasmodium falciparum 3D7"
"ELMI003638"	"TRG"	"TRG_Pf-PMV_PEXEL_1"	"Q8I637_PLAF7"	"Q8I637"	"Q8I637"	"46"	"50"	"25850860"	"tag visualisation by fluorescence"	"true negative"	""	"Plasmodium falciparum 3D7"
"ELMI003634"	"TRG"	"TRG_Pf-PMV_PEXEL_1"	"Q8IDG9_PLAF7"	"Q8IDG9"	"Q8IDG9"	"86"	"90"	"19055692"	"Identification by mass spectrometry; western blot"	"true positive"	""	"Plasmodium falciparum 3D7"
"ELMI003641"	"TRG"	"TRG_Pf-PMV_PEXEL_1"	"Q8IEQ3_PLAF7"	"Q8IEQ3"	"Q8IEQ3"	"70"	"74"	"25850860"	"tag visualisation by fluorescence"	"true negative"	""	"Plasmodium falciparum 3D7"
"ELMI003633"	"TRG"	"TRG_Pf-PMV_PEXEL_1"	"Q8IK20_PLAF7"	"Q8IK20"	"Q8IK20"	"86"	"90"	"19055692"	"Identification by mass spectrometry; western blot"	"true positive"	""	"Plasmodium falciparum 3D7"
"ELMI003628"	"TRG"	"TRG_Pf-PMV_PEXEL_1"	"Q9TY99_PLAF7"	"Q9TY99"	"Q9TY99"	"54"	"58"	"19055692 25850860"	"mutation disrupting interaction; tag visualisation by fluorescence; western blot"	"true positive"	""	"Plasmodium falciparum 3D7"
"ELMI003637"	"TRG"	"TRG_Pf-PMV_PEXEL_1"	"Q9U0N3_PLAF7"	"Q9U0N3"	"Q9U0N3"	"48"	"52"	"25850860"	"tag visualisation by fluorescence; western blot"	"true positive"	""	"Plasmodium falciparum 3D7"
"ELMI003644"	"TRG"	"TRG_Pf-PMV_PEXEL_1"	"Q9U5L9_PLAF7"	"Q9U5L9"	"Q9U5L9"	"48"	"52"	"23387285"	"Identification by mass spectrometry; affinity chromatography technology"	"true positive"	""	"Plasmodium falciparum 3D7"
"ELMI000008"	"TRG"	"TRG_PTS1"	"AMACR_HUMAN"	"Q9UHK6"	"Q9UHK6 A5YM47 B8Y916 B8Y918 O43673 Q96GH1 Q9Y3Q1"	"379"	"382"	"11060344"	"mutation analysis"	"true positive"	""	"Homo sapiens"
"ELMI000007"	"TRG"	"TRG_PTS1"	"CATA_HUMAN"	"P04040"	"P04040 A8K6C0 B2RCZ9 D3DR07 Q2M1U4 Q4VXX5 Q9BWT9 Q9UC85"	"524"	"527"	"8769411"	"mutation analysis; two hybrid"	"true positive"	""	"Homo sapiens"
"ELMI000012"	"TRG"	"TRG_PTS1"	"LUCI_PHOPY"	"P08659"	"P08659 Q27755"	"547"	"550"	"2654139"	"mutation analysis"	"true positive"	""	"Photinus pyralis"
"ELMI001101"	"TRG"	"TRG_PTS1"	"NLTP_HUMAN"	"P22307"	"P22307 D3DQ37 Q15432 Q16622 Q5VVZ1 Q99430"	"544"	"547"	"17157249"	"x-ray crystallography"	"true positive"	"2C0L"	"Homo sapiens"
"ELMI000010"	"TRG"	"TRG_PTS1"	"Q28956_PIG"	"Q28956"	"Q28956"	"734"	"737"	"10088725"	"competition binding; mutation analysis"	"true positive"	""	"Sus scrofa"
"ELMI000090"	"TRG"	"TRG_PTS2"	"ALF_TRYBB"	"P07752"	"P07752"	"1"	"12"	"10891264"	"x-ray crystallography"	"true positive"	"1F2J"	"Trypanosoma brucei brucei"
"ELMI001116"	"TRG"	"TRG_PTS2"	"Q9U5N6_LEIME"	"Q9U5N6"	"Q9U5N6"	"1"	"11"	"10891264"	"x-ray crystallography"	"true positive"	"1EPX"	"Leishmania mexicana"
